[0.442, 11.0, 10.333, 0.668];[0.468, 16.0, 14.0, 0.711];[1, 0];
[0.423, 11.667, 9.667, 0.756];[0.437, 15.0, 13.0, 0.695];[1, 0];
[0.445, 12.333, 13.667, 0.773];[0.427, 9.667, 13.667, 0.729];[1, 0];
[0.469, 16.667, 5.0, 0.74];[0.462, 9.0, 11.667, 0.829];[1, 0];
[0.48, 11.0, 12.0, 0.836];[0.505, 11.667, 9.667, 0.799];[1, 0];
[0.479, 7.667, 8.333, 0.87];[0.374, 13.667, 14.667, 0.69];[1, 0];
[0.409, 17.0, 7.333, 0.767];[0.498, 16.0, 9.667, 0.698];[0, 1];
[0.446, 15.667, 14.333, 0.832];[0.49, 11.667, 12.0, 0.815];[1, 0];
[0.447, 15.333, 13.0, 0.781];[0.417, 11.667, 16.0, 0.685];[0, 1];
[0.493, 13.333, 10.667, 0.878];[0.449, 15.333, 15.0, 0.736];[1, 0];
[0.45, 10.0, 7.667, 0.76];[0.442, 12.0, 10.0, 0.813];[1, 0];
[0.427, 12.333, 13.667, 0.835];[0.448, 10.0, 11.667, 0.799];[1, 0];
[0.479, 13.0, 12.0, 0.765];[0.434, 14.0, 12.333, 0.674];[1, 0];
[0.446, 13.0, 10.667, 0.81];[0.512, 14.0, 11.667, 0.852];[1, 0];
[0.468, 12.0, 10.0, 0.746];[0.516, 12.333, 10.333, 0.722];[1, 0];
[0.43, 16.667, 8.0, 0.751];[0.457, 19.0, 11.667, 0.65];[0, 1];
[0.5, 17.0, 10.333, 0.729];[0.471, 11.667, 8.333, 0.77];[0, 1];
[0.412, 13.667, 16.0, 0.732];[0.496, 14.333, 10.667, 0.751];[0, 1];
[0.457, 12.667, 10.0, 0.762];[0.442, 13.667, 15.0, 0.838];[0, 1];
[0.426, 12.667, 12.0, 0.735];[0.469, 19.333, 9.333, 0.82];[0, 1];
[0.498, 12.667, 10.333, 0.712];[0.452, 13.667, 17.0, 0.746];[0, 1];
[0.471, 14.667, 13.333, 0.789];[0.504, 15.333, 11.667, 0.764];[1, 0];
[0.459, 12.0, 11.0, 0.638];[0.439, 17.333, 8.0, 0.779];[1, 0];
[0.454, 15.0, 13.333, 0.821];[0.452, 16.0, 11.667, 0.802];[1, 0];
[0.445, 16.333, 8.333, 0.798];[0.424, 10.667, 12.333, 0.736];[1, 0];
[0.477, 12.0, 12.667, 0.78];[0.463, 13.0, 10.667, 0.731];[1, 0];
[0.522, 14.667, 5.0, 0.72];[0.447, 10.667, 11.0, 0.854];[1, 0];
[0.484, 18.667, 13.0, 0.792];[0.5, 17.333, 10.333, 0.688];[1, 0];
[0.428, 12.667, 10.0, 0.835];[0.497, 13.0, 11.333, 0.739];[0, 1];
[0.439, 8.667, 15.0, 0.769];[0.451, 14.333, 9.0, 0.71];[0, 1];
[0.44, 11.667, 8.0, 0.727];[0.466, 14.667, 13.667, 0.749];[0, 1];
[0.433, 14.667, 14.0, 0.726];[0.453, 15.333, 8.667, 0.757];[1, 0];
[0.536, 11.667, 11.0, 0.677];[0.518, 14.0, 10.667, 0.772];[1, 0];
[0.478, 11.667, 9.0, 0.8];[0.527, 13.667, 10.333, 0.728];[0, 1];
[0.428, 17.667, 12.0, 0.737];[0.462, 14.333, 11.333, 0.745];[0, 1];
[0.459, 12.667, 14.0, 0.836];[0.462, 15.667, 10.667, 0.746];[1, 0];
[0.428, 15.333, 10.0, 0.74];[0.433, 11.0, 6.333, 0.775];[0, 1];
[0.449, 13.0, 10.0, 0.684];[0.471, 11.333, 10.667, 0.845];[0, 1];
[0.452, 13.333, 13.333, 0.725];[0.44, 14.0, 13.0, 0.748];[1, 0];
[0.467, 11.667, 10.667, 0.787];[0.474, 13.0, 12.333, 0.796];[0, 1];
[0.497, 14.667, 8.667, 0.782];[0.484, 10.667, 14.0, 0.785];[0, 1];
[0.517, 19.333, 7.333, 0.707];[0.444, 12.667, 10.0, 0.711];[0, 1];
[0.484, 13.333, 9.333, 0.717];[0.428, 14.333, 13.333, 0.641];[1, 0];
[0.492, 12.0, 13.0, 0.829];[0.477, 19.0, 8.333, 0.894];[1, 0];
[0.497, 12.0, 7.333, 0.749];[0.448, 13.0, 11.333, 0.853];[1, 0];
[0.437, 15.0, 12.0, 0.698];[0.471, 11.667, 6.333, 0.763];[1, 0];
[0.466, 8.667, 8.667, 0.814];[0.513, 13.667, 9.333, 0.859];[0, 1];
[0.505, 14.333, 9.667, 0.861];[0.43, 9.667, 13.667, 0.806];[0, 1];
[0.458, 16.667, 10.0, 0.74];[0.498, 18.333, 10.667, 0.717];[0, 1];
[0.453, 17.667, 10.667, 0.743];[0.407, 13.333, 9.667, 0.627];[1, 0];
[0.436, 16.0, 12.0, 0.827];[0.463, 14.333, 15.0, 0.71];[1, 0];
[0.427, 12.667, 11.0, 0.768];[0.452, 14.333, 7.333, 0.7];[1, 0];
[0.459, 12.0, 8.0, 0.796];[0.428, 13.667, 10.667, 0.735];[0, 1];
[0.439, 12.0, 8.667, 0.801];[0.541, 14.0, 10.333, 0.822];[0, 1];
[0.475, 13.667, 13.667, 0.79];[0.421, 15.333, 9.667, 0.842];[0, 1];
[0.45, 9.667, 9.333, 0.712];[0.469, 13.333, 10.667, 0.77];[1, 0];
[0.457, 12.333, 13.667, 0.695];[0.506, 15.0, 5.667, 0.836];[1, 0];
[0.458, 15.667, 7.0, 0.721];[0.489, 15.333, 7.0, 0.786];[0, 1];
[0.47, 11.333, 9.333, 0.815];[0.458, 13.0, 11.667, 0.78];[1, 0];
[0.478, 8.667, 8.0, 0.736];[0.427, 10.333, 10.667, 0.766];[0, 1];
[0.433, 11.333, 13.0, 0.785];[0.467, 11.667, 12.0, 0.73];[1, 0];
[0.425, 18.0, 11.667, 0.707];[0.44, 12.667, 11.333, 0.796];[0, 1];
[0.426, 12.667, 14.667, 0.681];[0.474, 15.0, 8.667, 0.673];[1, 0];
[0.44, 10.667, 11.667, 0.716];[0.43, 13.333, 10.667, 0.719];[1, 0];
[0.415, 12.333, 16.667, 0.76];[0.463, 16.333, 13.0, 0.71];[0, 1];
[0.503, 13.0, 7.667, 0.798];[0.447, 14.667, 12.0, 0.644];[0, 1];
[0.463, 12.667, 11.0, 0.704];[0.411, 17.333, 9.0, 0.925];[1, 0];
[0.419, 13.0, 12.667, 0.776];[0.463, 15.667, 9.333, 0.821];[0, 1];
[0.527, 13.0, 9.333, 0.762];[0.508, 14.0, 11.333, 0.809];[1, 0];
[0.457, 11.333, 16.333, 0.756];[0.508, 12.333, 12.333, 0.826];[0, 1];
[0.483, 12.667, 11.0, 0.77];[0.414, 17.667, 13.333, 0.824];[0, 1];
[0.475, 13.0, 11.0, 0.757];[0.407, 11.667, 12.667, 0.845];[0, 1];
[0.482, 10.667, 11.333, 0.856];[0.413, 17.667, 10.667, 0.794];[1, 0];
[0.457, 9.333, 13.0, 0.805];[0.483, 14.0, 10.667, 0.863];[1, 0];
[0.415, 8.333, 12.667, 0.778];[0.424, 12.0, 12.667, 0.724];[1, 0];
[0.499, 13.667, 7.333, 0.738];[0.432, 14.333, 14.333, 0.753];[1, 0];
[0.468, 15.667, 11.0, 0.677];[0.45, 14.667, 12.667, 0.763];[1, 0];
[0.46, 9.667, 13.0, 0.696];[0.413, 11.667, 12.333, 0.744];[0, 1];
[0.397, 13.333, 9.0, 0.704];[0.501, 16.667, 8.667, 0.727];[1, 0];
[0.461, 17.333, 9.0, 0.742];[0.471, 14.667, 10.333, 0.756];[0, 1];
[0.42, 10.0, 14.667, 0.746];[0.473, 11.333, 11.333, 0.8];[0, 1];
[0.409, 12.333, 10.333, 0.832];[0.448, 11.0, 10.0, 0.765];[0, 1];
[0.405, 21.0, 13.0, 0.776];[0.438, 13.667, 12.333, 0.722];[1, 0];
[0.556, 17.333, 9.667, 0.748];[0.45, 13.0, 10.333, 0.704];[0, 1];
[0.414, 9.667, 13.667, 0.797];[0.401, 13.0, 10.333, 0.721];[1, 0];
[0.443, 11.667, 13.333, 0.777];[0.458, 18.333, 13.0, 0.78];[0, 1];
[0.474, 11.667, 10.0, 0.818];[0.421, 15.0, 10.667, 0.739];[1, 0];
[0.459, 11.333, 11.333, 0.73];[0.421, 14.667, 13.667, 0.679];[1, 0];
[0.476, 13.333, 10.667, 0.779];[0.442, 16.0, 10.0, 0.74];[0, 1];
[0.413, 15.667, 11.0, 0.743];[0.443, 10.667, 11.667, 0.814];[0, 1];
[0.453, 13.667, 9.333, 0.827];[0.464, 10.0, 12.333, 0.736];[1, 0];
[0.475, 17.667, 8.667, 0.825];[0.485, 16.0, 11.0, 0.769];[0, 1];
[0.495, 14.0, 12.667, 0.759];[0.463, 12.333, 13.333, 0.728];[1, 0];
[0.415, 11.667, 12.333, 0.686];[0.484, 12.667, 7.667, 0.828];[1, 0];
[0.48, 12.0, 13.333, 0.741];[0.451, 11.333, 14.667, 0.729];[1, 0];
[0.423, 14.667, 8.667, 0.806];[0.458, 12.667, 8.667, 0.83];[0, 1];
[0.431, 15.333, 8.667, 0.82];[0.434, 14.333, 10.667, 0.832];[1, 0];
[0.473, 18.667, 12.333, 0.741];[0.495, 17.0, 8.333, 0.773];[0, 1];
[0.455, 14.0, 8.667, 0.759];[0.497, 16.0, 11.333, 0.801];[1, 0];
[0.515, 14.0, 10.667, 0.771];[0.418, 13.333, 14.0, 0.621];[1, 0];
[0.409, 7.333, 14.0, 0.833];[0.451, 8.0, 11.333, 0.779];[1, 0];
[0.532, 13.667, 15.0, 0.798];[0.451, 15.0, 9.333, 0.77];[1, 0];
[0.494, 13.667, 11.0, 0.776];[0.464, 10.667, 12.0, 0.819];[1, 0];
[0.441, 11.667, 13.0, 0.771];[0.444, 11.667, 13.667, 0.664];[1, 0];
[0.436, 11.333, 10.333, 0.898];[0.398, 13.333, 13.667, 0.705];[0, 1];
[0.5, 13.333, 12.667, 0.843];[0.387, 14.0, 6.0, 0.769];[1, 0];
[0.406, 14.333, 10.333, 0.806];[0.433, 12.333, 10.667, 0.798];[0, 1];
[0.511, 14.667, 11.667, 0.662];[0.517, 14.667, 8.333, 0.741];[1, 0];
[0.501, 11.667, 10.333, 0.729];[0.51, 15.0, 12.0, 0.741];[0, 1];
[0.478, 13.0, 7.333, 0.743];[0.472, 15.0, 9.333, 0.636];[1, 0];
[0.441, 14.0, 8.667, 0.641];[0.507, 13.667, 9.0, 0.674];[1, 0];
[0.488, 8.667, 10.0, 0.806];[0.432, 15.333, 10.333, 0.72];[1, 0];
[0.477, 9.667, 14.333, 0.699];[0.496, 15.333, 9.0, 0.854];[0, 1];
[0.464, 10.333, 9.667, 0.697];[0.484, 13.667, 8.667, 0.699];[1, 0];
[0.431, 15.667, 10.667, 0.707];[0.439, 13.333, 10.333, 0.723];[0, 1];
[0.452, 14.333, 13.333, 0.755];[0.502, 14.0, 7.0, 0.774];[0, 1];
[0.464, 12.0, 8.667, 0.817];[0.399, 15.333, 12.333, 0.718];[1, 0];
[0.442, 13.333, 11.667, 0.72];[0.518, 20.0, 8.333, 0.698];[1, 0];
[0.432, 15.667, 12.333, 0.677];[0.435, 11.333, 11.667, 0.688];[0, 1];
[0.433, 8.333, 14.0, 0.69];[0.474, 11.333, 10.667, 0.708];[0, 1];
[0.45, 14.667, 17.667, 0.736];[0.471, 12.667, 9.667, 0.74];[0, 1];
[0.464, 14.333, 11.333, 0.714];[0.483, 11.0, 11.667, 0.666];[1, 0];
[0.474, 15.333, 9.333, 0.728];[0.451, 9.667, 12.333, 0.741];[1, 0];
[0.441, 10.333, 7.0, 0.722];[0.479, 14.667, 9.667, 0.758];[0, 1];
[0.451, 14.0, 11.0, 0.854];[0.513, 12.333, 10.0, 0.819];[1, 0];
[0.495, 9.333, 11.0, 0.778];[0.506, 17.333, 15.0, 0.658];[1, 0];
[0.467, 14.333, 14.667, 0.712];[0.456, 13.667, 12.333, 0.784];[0, 1];
[0.489, 15.333, 10.333, 0.736];[0.435, 10.667, 8.333, 0.823];[1, 0];
[0.449, 13.667, 10.0, 0.795];[0.481, 13.0, 11.333, 0.712];[0, 1];
[0.481, 15.0, 7.0, 0.685];[0.472, 12.333, 12.333, 0.799];[1, 0];
[0.391, 9.333, 13.333, 0.755];[0.491, 16.333, 9.0, 0.732];[0, 1];
[0.421, 13.333, 11.667, 0.704];[0.461, 10.667, 11.667, 0.891];[0, 1];
[0.478, 12.667, 7.0, 0.723];[0.398, 17.667, 10.0, 0.688];[1, 0];
[0.44, 10.333, 12.333, 0.728];[0.458, 14.667, 15.333, 0.692];[1, 0];
[0.422, 20.0, 18.0, 0.735];[0.506, 12.0, 6.0, 0.938];[0, 1];
[0.418, 10.667, 14.333, 0.799];[0.48, 9.667, 10.333, 0.773];[0, 1];
[0.501, 17.333, 9.333, 0.902];[0.475, 14.333, 10.0, 0.788];[1, 0];
[0.435, 10.0, 15.0, 0.753];[0.454, 13.333, 9.333, 0.856];[0, 1];
[0.52, 10.667, 6.333, 0.798];[0.455, 9.667, 12.0, 0.785];[0, 1];
[0.454, 12.0, 12.667, 0.677];[0.501, 13.667, 14.333, 0.818];[0, 1];
[0.435, 13.333, 10.0, 0.794];[0.463, 13.0, 11.0, 0.797];[1, 0];
[0.489, 16.0, 12.667, 0.863];[0.506, 12.667, 9.0, 0.659];[1, 0];
[0.412, 11.333, 13.333, 0.794];[0.42, 14.0, 15.0, 0.751];[1, 0];
[0.513, 10.0, 9.333, 0.779];[0.434, 11.667, 19.0, 0.742];[0, 1];
[0.455, 12.0, 13.667, 0.748];[0.436, 13.0, 10.0, 0.736];[1, 0];
[0.517, 10.667, 9.667, 0.678];[0.399, 12.667, 12.0, 0.765];[0, 1];
[0.424, 19.0, 10.0, 0.692];[0.413, 12.0, 11.0, 0.821];[0, 1];
[0.458, 12.0, 9.0, 0.736];[0.432, 13.333, 14.667, 0.804];[1, 0];
[0.438, 12.0, 11.0, 0.744];[0.409, 13.0, 11.0, 0.742];[1, 0];
[0.505, 11.333, 12.0, 0.719];[0.404, 10.333, 12.667, 0.761];[0, 1];
[0.464, 11.0, 10.667, 0.776];[0.475, 10.333, 11.333, 0.747];[0, 1];
[0.473, 15.0, 7.333, 0.75];[0.443, 12.0, 8.667, 0.783];[1, 0];
[0.457, 17.0, 9.333, 0.811];[0.532, 14.0, 10.0, 0.702];[0, 1];
[0.475, 14.333, 11.0, 0.79];[0.416, 14.667, 14.333, 0.653];[0, 1];
[0.472, 16.0, 10.0, 0.771];[0.479, 12.0, 6.667, 0.781];[1, 0];
[0.411, 8.333, 12.667, 0.741];[0.447, 10.333, 8.667, 0.766];[0, 1];
[0.441, 11.333, 11.333, 0.79];[0.461, 12.333, 12.333, 0.78];[1, 0];
[0.446, 12.333, 9.333, 0.888];[0.474, 12.667, 12.0, 0.774];[1, 0];
[0.436, 10.667, 12.0, 0.767];[0.477, 13.333, 12.0, 0.795];[1, 0];
[0.43, 11.333, 8.667, 0.774];[0.423, 18.0, 11.667, 0.792];[1, 0];
[0.435, 13.0, 12.0, 0.698];[0.463, 15.667, 9.0, 0.79];[1, 0];
[0.422, 18.333, 10.333, 0.711];[0.494, 16.333, 7.667, 0.812];[1, 0];
[0.469, 13.0, 9.0, 0.75];[0.458, 16.667, 8.333, 0.78];[0, 1];
[0.481, 12.333, 9.667, 0.78];[0.428, 13.667, 14.0, 0.714];[0, 1];
[0.462, 12.333, 9.667, 0.864];[0.452, 11.333, 11.0, 0.775];[1, 0];
[0.418, 17.0, 13.333, 0.704];[0.446, 14.333, 10.0, 0.781];[0, 1];
[0.401, 9.333, 10.667, 0.89];[0.471, 12.333, 7.0, 0.74];[1, 0];
[0.474, 15.0, 10.667, 0.693];[0.431, 20.333, 10.0, 0.683];[1, 0];
[0.446, 17.667, 10.667, 0.856];[0.468, 11.667, 9.667, 0.768];[0, 1];
[0.446, 12.0, 11.667, 0.731];[0.514, 10.667, 9.0, 0.797];[0, 1];
[0.471, 11.333, 10.0, 0.793];[0.492, 20.667, 7.0, 0.852];[1, 0];
[0.438, 11.333, 11.667, 0.772];[0.461, 11.333, 10.667, 0.832];[1, 0];
[0.448, 17.0, 9.667, 0.702];[0.492, 15.667, 11.333, 0.725];[0, 1];
[0.451, 12.0, 7.333, 0.747];[0.442, 17.0, 15.667, 0.629];[1, 0];
[0.411, 9.333, 14.0, 0.773];[0.438, 14.667, 11.0, 0.769];[0, 1];
[0.455, 16.0, 8.333, 0.696];[0.479, 13.333, 9.333, 0.778];[0, 1];
[0.462, 16.333, 8.667, 0.72];[0.468, 13.0, 12.0, 0.71];[1, 0];
[0.407, 12.333, 8.667, 0.818];[0.477, 19.333, 10.0, 0.741];[1, 0];
[0.403, 15.667, 11.667, 0.763];[0.431, 15.667, 10.333, 0.688];[0, 1];
[0.45, 14.667, 11.0, 0.683];[0.434, 15.0, 13.667, 0.802];[0, 1];
[0.504, 10.333, 11.333, 0.696];[0.456, 8.0, 10.0, 0.827];[1, 0];
[0.471, 14.0, 9.333, 0.771];[0.44, 12.667, 12.333, 0.819];[1, 0];
[0.429, 12.0, 11.667, 0.758];[0.407, 16.333, 13.667, 0.806];[1, 0];
[0.444, 20.0, 15.0, 0.69];[0.425, 13.0, 9.0, 0.682];[1, 0];
[0.43, 11.667, 9.333, 0.661];[0.39, 12.333, 14.0, 0.78];[1, 0];
[0.52, 12.667, 10.0, 0.677];[0.525, 13.0, 9.667, 0.837];[1, 0];
[0.423, 10.667, 10.333, 0.851];[0.422, 20.0, 18.0, 0.735];[0, 1];
[0.494, 16.667, 9.333, 0.691];[0.472, 17.0, 12.667, 0.695];[0, 1];
[0.369, 11.333, 9.0, 0.808];[0.444, 13.0, 15.333, 0.667];[0, 1];
[0.415, 14.667, 13.333, 0.718];[0.404, 16.333, 11.333, 0.821];[0, 1];
[0.438, 12.667, 14.333, 0.721];[0.472, 14.0, 8.333, 0.713];[1, 0];
[0.498, 7.0, 8.667, 0.706];[0.445, 11.667, 15.667, 0.678];[1, 0];
[0.49, 11.0, 10.333, 0.699];[0.416, 10.0, 10.667, 0.844];[1, 0];
[0.473, 13.0, 9.0, 0.862];[0.45, 14.333, 12.667, 0.836];[1, 0];
[0.477, 16.333, 7.0, 0.728];[0.469, 13.0, 11.667, 0.774];[1, 0];
[0.429, 17.0, 11.0, 0.717];[0.426, 15.333, 11.0, 0.79];[0, 1];
[0.443, 15.667, 14.667, 0.723];[0.449, 14.333, 11.667, 0.827];[0, 1];
[0.494, 12.0, 8.667, 0.745];[0.451, 14.333, 11.0, 0.759];[1, 0];
[0.51, 13.0, 13.0, 0.733];[0.443, 12.0, 14.333, 0.706];[1, 0];
[0.472, 14.0, 9.0, 0.655];[0.492, 15.667, 9.0, 0.767];[0, 1];
[0.447, 13.667, 12.667, 0.724];[0.39, 13.0, 10.333, 0.742];[0, 1];
[0.419, 15.333, 14.333, 0.732];[0.444, 14.667, 8.333, 0.836];[1, 0];
[0.487, 13.667, 8.667, 0.79];[0.412, 12.667, 15.333, 0.692];[1, 0];
[0.432, 15.0, 9.667, 0.793];[0.419, 14.667, 11.333, 0.806];[1, 0];
[0.47, 13.667, 15.667, 0.696];[0.442, 15.667, 9.667, 0.741];[1, 0];
[0.455, 12.0, 9.333, 0.685];[0.484, 10.0, 8.0, 0.752];[1, 0];
[0.417, 11.333, 13.667, 0.818];[0.435, 15.0, 13.0, 0.855];[1, 0];
[0.468, 13.0, 8.0, 0.819];[0.473, 12.667, 12.333, 0.724];[0, 1];
[0.51, 11.333, 12.0, 0.776];[0.412, 10.333, 18.0, 0.706];[0, 1];
[0.409, 14.333, 11.333, 0.755];[0.456, 15.667, 7.333, 0.882];[1, 0];
[0.425, 13.0, 9.0, 0.682];[0.398, 12.0, 9.0, 0.737];[1, 0];
[0.431, 19.0, 10.667, 0.731];[0.46, 16.333, 12.333, 0.794];[1, 0];
[0.467, 11.0, 10.667, 0.819];[0.481, 11.667, 18.0, 0.761];[0, 1];
[0.485, 16.667, 11.667, 0.713];[0.469, 13.333, 13.0, 0.635];[1, 0];
[0.435, 11.333, 14.0, 0.7];[0.424, 13.667, 11.333, 0.752];[1, 0];
[0.465, 9.333, 10.667, 0.745];[0.486, 15.0, 10.333, 0.85];[0, 1];
[0.526, 11.333, 8.333, 0.777];[0.485, 13.333, 12.333, 0.803];[1, 0];
[0.42, 10.667, 12.0, 0.796];[0.476, 13.333, 11.333, 0.767];[0, 1];
[0.479, 13.333, 9.0, 0.855];[0.476, 10.0, 13.333, 0.787];[1, 0];
[0.376, 12.667, 12.0, 0.836];[0.459, 14.333, 14.667, 0.642];[1, 0];
[0.467, 12.333, 14.333, 0.752];[0.457, 15.0, 11.333, 0.755];[1, 0];
[0.467, 12.667, 14.667, 0.781];[0.482, 13.333, 9.333, 0.708];[0, 1];
[0.428, 12.0, 11.0, 0.678];[0.442, 13.333, 8.667, 0.843];[1, 0];
[0.477, 10.667, 9.0, 0.752];[0.482, 17.0, 10.667, 0.762];[1, 0];
[0.452, 10.0, 10.333, 0.876];[0.488, 12.667, 9.333, 0.73];[1, 0];
[0.5, 11.667, 6.667, 0.842];[0.46, 13.0, 9.667, 0.794];[1, 0];
[0.47, 6.333, 12.667, 0.842];[0.398, 10.333, 14.0, 0.816];[0, 1];
[0.417, 16.667, 10.667, 0.749];[0.452, 13.333, 10.667, 0.761];[0, 1];
[0.533, 12.667, 11.0, 0.813];[0.427, 10.667, 10.667, 0.697];[1, 0];
[0.447, 15.333, 11.333, 0.683];[0.506, 12.333, 7.667, 0.794];[1, 0];
[0.517, 9.333, 6.0, 0.778];[0.457, 18.667, 12.333, 0.639];[0, 1];
[0.502, 13.667, 14.333, 0.799];[0.418, 14.0, 12.667, 0.784];[0, 1];
[0.436, 8.333, 11.667, 0.869];[0.448, 13.0, 12.667, 0.781];[1, 0];
[0.443, 15.333, 9.667, 0.763];[0.389, 14.333, 10.667, 0.796];[1, 0];
[0.513, 15.667, 8.667, 0.654];[0.416, 17.667, 13.333, 0.67];[1, 0];
[0.457, 11.333, 10.333, 0.749];[0.517, 13.333, 12.333, 0.795];[1, 0];
[0.478, 14.0, 7.667, 0.835];[0.465, 12.333, 13.333, 0.835];[0, 1];
[0.424, 12.667, 6.667, 0.786];[0.422, 11.0, 10.0, 0.777];[0, 1];
[0.439, 14.667, 13.0, 0.733];[0.461, 17.0, 12.0, 0.763];[1, 0];
[0.47, 16.0, 8.0, 0.701];[0.458, 18.333, 11.667, 0.739];[1, 0];
[0.399, 18.0, 14.333, 0.739];[0.436, 13.0, 13.333, 0.802];[1, 0];
[0.486, 13.0, 12.0, 0.751];[0.442, 12.667, 10.667, 0.815];[1, 0];
[0.505, 13.333, 10.0, 0.804];[0.422, 18.667, 11.0, 0.706];[0, 1];
[0.458, 12.667, 12.0, 0.737];[0.416, 13.667, 11.333, 0.747];[0, 1];
[0.448, 14.333, 10.0, 0.797];[0.475, 16.333, 6.667, 0.708];[0, 1];
[0.364, 18.0, 13.667, 0.692];[0.462, 15.0, 12.333, 0.662];[0, 1];
[0.412, 16.333, 14.667, 0.687];[0.498, 14.333, 8.0, 0.747];[0, 1];
[0.425, 15.0, 12.333, 0.69];[0.373, 15.667, 14.0, 0.753];[0, 1];
[0.502, 14.333, 10.333, 0.712];[0.449, 18.667, 7.667, 0.764];[0, 1];
[0.456, 14.0, 13.0, 0.743];[0.404, 17.0, 12.667, 0.706];[1, 0];
[0.431, 13.333, 11.333, 0.892];[0.491, 17.0, 8.667, 0.787];[0, 1];
[0.548, 12.667, 9.0, 0.722];[0.462, 14.333, 9.0, 0.764];[1, 0];
[0.47, 11.0, 7.333, 0.817];[0.459, 9.0, 8.333, 0.716];[0, 1];
[0.474, 10.333, 9.0, 0.856];[0.444, 10.333, 9.0, 0.731];[1, 0];
[0.485, 13.667, 9.0, 0.69];[0.434, 16.333, 12.667, 0.738];[1, 0];
[0.432, 14.333, 13.0, 0.727];[0.5, 14.333, 9.333, 0.754];[1, 0];
[0.476, 16.333, 14.0, 0.806];[0.511, 12.667, 9.333, 0.801];[1, 0];
[0.447, 9.667, 10.667, 0.624];[0.462, 13.333, 10.0, 0.749];[1, 0];
[0.497, 15.333, 7.0, 0.814];[0.475, 14.333, 11.0, 0.847];[0, 1];
[0.44, 12.0, 9.0, 0.724];[0.46, 15.667, 9.0, 0.772];[0, 1];
[0.467, 14.333, 11.333, 0.689];[0.472, 14.0, 13.0, 0.701];[0, 1];
[0.468, 10.0, 11.0, 0.76];[0.5, 19.0, 5.0, 0.647];[0, 1];
[0.431, 14.0, 12.333, 0.799];[0.412, 12.667, 13.667, 0.835];[1, 0];
[0.487, 17.333, 11.333, 0.745];[0.462, 16.0, 10.667, 0.747];[1, 0];
[0.495, 14.333, 8.333, 0.756];[0.472, 15.333, 11.667, 0.78];[0, 1];
[0.509, 8.333, 12.333, 0.754];[0.505, 11.333, 10.0, 0.819];[1, 0];
[0.539, 12.0, 8.333, 0.756];[0.411, 11.667, 13.667, 0.752];[1, 0];
[0.409, 19.667, 8.333, 0.728];[0.435, 14.0, 5.333, 0.702];[0, 1];
[0.505, 12.333, 8.667, 0.666];[0.429, 13.667, 8.667, 0.829];[1, 0];
[0.484, 13.0, 9.0, 0.832];[0.437, 16.333, 12.0, 0.817];[1, 0];
[0.463, 11.667, 10.667, 0.564];[0.476, 14.0, 10.333, 0.774];[1, 0];
[0.377, 12.667, 13.333, 0.768];[0.466, 14.667, 11.667, 0.796];[1, 0];
[0.462, 14.333, 10.333, 0.706];[0.485, 12.0, 9.0, 0.878];[0, 1];
[0.435, 11.667, 14.333, 0.694];[0.428, 9.667, 10.333, 0.743];[1, 0];
[0.452, 12.667, 10.333, 0.736];[0.469, 10.333, 15.333, 0.728];[0, 1];
[0.494, 11.667, 10.333, 0.721];[0.473, 11.667, 10.333, 0.851];[1, 0];
[0.501, 16.667, 7.333, 0.812];[0.424, 12.333, 13.333, 0.753];[1, 0];
[0.462, 14.667, 11.0, 0.827];[0.486, 15.667, 13.0, 0.778];[1, 0];
[0.416, 16.333, 10.667, 0.741];[0.437, 13.667, 8.0, 0.847];[1, 0];
[0.447, 11.333, 12.667, 0.711];[0.423, 13.667, 12.0, 0.77];[1, 0];
[0.5, 10.667, 10.667, 0.774];[0.488, 12.667, 10.667, 0.769];[0, 1];
[0.442, 8.667, 11.0, 0.665];[0.488, 9.667, 10.667, 0.787];[1, 0];
[0.419, 16.667, 8.667, 0.815];[0.42, 16.667, 10.667, 0.763];[0, 1];
[0.432, 13.667, 13.0, 0.841];[0.518, 13.0, 7.667, 0.766];[1, 0];
[0.441, 14.0, 9.0, 0.747];[0.461, 13.667, 12.0, 0.789];[0, 1];
[0.461, 10.667, 11.333, 0.795];[0.498, 12.0, 10.333, 0.791];[0, 1];
[0.42, 17.0, 13.667, 0.845];[0.456, 12.333, 11.667, 0.782];[0, 1];
[0.49, 19.333, 15.667, 0.65];[0.493, 15.667, 8.667, 0.847];[0, 1];
[0.476, 12.667, 10.333, 0.856];[0.498, 15.0, 7.333, 0.831];[0, 1];
[0.431, 18.0, 10.333, 0.809];[0.483, 14.333, 8.667, 0.739];[1, 0];
[0.429, 17.0, 11.333, 0.81];[0.442, 15.333, 14.0, 0.788];[1, 0];
[0.414, 16.667, 16.333, 0.767];[0.423, 9.667, 16.667, 0.719];[1, 0];
[0.415, 14.667, 15.333, 0.749];[0.473, 16.0, 15.667, 0.696];[0, 1];
[0.431, 8.667, 12.667, 0.719];[0.467, 14.0, 11.333, 0.825];[1, 0];
[0.449, 12.333, 9.667, 0.771];[0.474, 16.333, 12.0, 0.761];[1, 0];
[0.462, 15.333, 7.667, 0.768];[0.442, 10.667, 13.667, 0.706];[0, 1];
[0.491, 12.667, 10.667, 0.712];[0.443, 9.0, 9.333, 0.669];[1, 0];
[0.509, 14.667, 9.333, 0.769];[0.497, 11.667, 10.667, 0.751];[0, 1];
[0.45, 11.667, 11.333, 0.803];[0.43, 16.0, 11.667, 0.724];[0, 1];
[0.477, 16.333, 12.667, 0.767];[0.47, 22.0, 10.0, 0.818];[0, 1];
[0.438, 12.0, 13.333, 0.822];[0.453, 10.667, 13.0, 0.811];[1, 0];
[0.501, 15.333, 13.0, 0.775];[0.462, 18.0, 10.667, 0.735];[1, 0];
[0.47, 14.0, 13.667, 0.653];[0.454, 14.333, 11.333, 0.833];[0, 1];
[0.455, 11.0, 11.333, 0.792];[0.544, 13.333, 10.333, 0.739];[1, 0];
[0.454, 8.333, 11.333, 0.788];[0.407, 10.333, 13.0, 0.729];[0, 1];
[0.476, 17.0, 9.333, 0.67];[0.452, 17.0, 8.667, 0.682];[1, 0];
[0.491, 13.333, 11.0, 0.753];[0.487, 14.0, 11.0, 0.786];[0, 1];
[0.48, 12.0, 11.333, 0.717];[0.486, 11.333, 14.0, 0.773];[1, 0];
[0.52, 12.0, 9.667, 0.744];[0.451, 19.0, 13.0, 0.777];[0, 1];
[0.5, 12.667, 10.0, 0.742];[0.439, 10.667, 10.0, 0.816];[0, 1];
[0.473, 12.667, 10.0, 0.78];[0.453, 12.333, 14.0, 0.682];[0, 1];
[0.447, 14.667, 11.333, 0.717];[0.46, 17.333, 14.333, 0.716];[0, 1];
[0.42, 14.333, 13.667, 0.644];[0.444, 14.0, 14.0, 0.731];[1, 0];
[0.428, 11.333, 12.0, 0.728];[0.424, 16.0, 12.0, 0.845];[0, 1];
[0.484, 17.333, 8.667, 0.82];[0.485, 16.0, 9.667, 0.799];[0, 1];
[0.48, 11.0, 11.667, 0.76];[0.453, 12.0, 10.667, 0.707];[1, 0];
[0.489, 17.333, 9.333, 0.758];[0.452, 19.667, 7.333, 0.68];[1, 0];
[0.463, 19.0, 18.0, 0.699];[0.483, 13.667, 11.667, 0.806];[1, 0];
[0.483, 13.667, 10.0, 0.774];[0.476, 11.667, 10.333, 0.774];[0, 1];
[0.518, 13.0, 8.0, 0.728];[0.488, 11.0, 12.0, 0.846];[0, 1];
[0.487, 16.333, 10.667, 0.819];[0.453, 10.333, 8.333, 0.654];[0, 1];
[0.458, 11.667, 11.0, 0.79];[0.455, 16.0, 9.667, 0.813];[0, 1];
[0.438, 9.0, 12.0, 0.812];[0.492, 11.0, 10.333, 0.749];[0, 1];
[0.436, 10.0, 9.667, 0.789];[0.531, 10.667, 8.667, 0.759];[0, 1];
[0.443, 14.0, 17.0, 0.703];[0.41, 15.0, 9.667, 0.704];[0, 1];
[0.564, 11.0, 8.0, 0.875];[0.438, 10.0, 7.0, 0.8];[1, 0];
[0.466, 16.667, 10.667, 0.757];[0.534, 15.333, 9.0, 0.758];[0, 1];
[0.533, 13.333, 7.0, 0.848];[0.481, 12.333, 14.0, 0.801];[1, 0];
[0.426, 17.667, 15.0, 0.726];[0.482, 13.0, 9.667, 0.726];[0, 1];
[0.465, 13.667, 14.0, 0.719];[0.452, 11.667, 9.667, 0.697];[0, 1];
[0.466, 17.333, 11.667, 0.812];[0.387, 13.333, 11.667, 0.665];[1, 0];
[0.417, 9.333, 12.667, 0.828];[0.47, 11.0, 10.0, 0.732];[0, 1];
[0.472, 16.0, 9.0, 0.785];[0.443, 12.0, 9.0, 0.758];[1, 0];
[0.477, 9.0, 9.0, 0.792];[0.42, 12.667, 10.333, 0.843];[0, 1];
[0.484, 14.667, 11.667, 0.839];[0.464, 9.667, 8.333, 0.721];[1, 0];
[0.406, 14.667, 15.667, 0.764];[0.471, 14.333, 9.333, 0.751];[1, 0];
[0.404, 14.0, 13.667, 0.806];[0.467, 13.667, 14.0, 0.657];[0, 1];
[0.477, 15.333, 9.0, 0.662];[0.49, 14.333, 10.0, 0.79];[1, 0];
[0.519, 12.667, 6.0, 0.692];[0.491, 8.667, 11.667, 0.735];[0, 1];
[0.432, 11.0, 14.333, 0.75];[0.442, 13.667, 13.667, 0.818];[1, 0];
[0.526, 16.333, 10.0, 0.75];[0.485, 15.333, 8.667, 0.794];[0, 1];
[0.452, 12.333, 11.0, 0.859];[0.486, 10.667, 10.0, 0.734];[1, 0];
[0.428, 17.0, 13.333, 0.779];[0.439, 17.333, 9.0, 0.755];[1, 0];
[0.471, 16.333, 11.0, 0.711];[0.438, 17.0, 8.667, 0.73];[1, 0];
[0.475, 16.0, 9.667, 0.725];[0.46, 15.0, 12.333, 0.747];[1, 0];
[0.405, 15.667, 11.667, 0.774];[0.412, 13.0, 10.667, 0.842];[0, 1];
[0.471, 16.333, 11.667, 0.768];[0.482, 14.0, 7.0, 0.724];[1, 0];
[0.458, 14.0, 11.0, 0.74];[0.441, 10.0, 11.667, 0.765];[0, 1];
[0.455, 14.333, 13.667, 0.737];[0.509, 13.333, 8.333, 0.733];[1, 0];
[0.491, 13.667, 8.333, 0.757];[0.423, 13.333, 11.667, 0.774];[1, 0];
[0.428, 13.667, 15.333, 0.842];[0.466, 10.333, 13.0, 0.731];[0, 1];
[0.462, 14.667, 9.333, 0.749];[0.459, 13.333, 13.0, 0.845];[1, 0];
[0.496, 13.667, 9.333, 0.778];[0.422, 15.0, 12.667, 0.861];[0, 1];
[0.42, 9.667, 19.333, 0.694];[0.437, 11.333, 16.667, 0.708];[1, 0];
[0.443, 13.0, 13.667, 0.728];[0.426, 14.333, 12.333, 0.738];[1, 0];
[0.46, 15.333, 9.667, 0.689];[0.487, 13.0, 9.0, 0.756];[0, 1];
[0.387, 14.0, 6.0, 0.769];[0.564, 11.0, 8.0, 0.875];[0, 1];
[0.453, 13.667, 10.333, 0.719];[0.499, 11.0, 12.0, 0.557];[1, 0];
[0.454, 17.333, 13.0, 0.7];[0.51, 10.667, 9.333, 0.712];[1, 0];
[0.456, 9.333, 14.333, 0.682];[0.465, 13.333, 13.0, 0.737];[1, 0];
[0.506, 15.667, 9.667, 0.831];[0.537, 12.0, 7.333, 0.684];[1, 0];
[0.473, 15.333, 9.0, 0.627];[0.47, 8.0, 13.333, 0.695];[0, 1];
[0.395, 19.333, 5.333, 0.823];[0.408, 13.0, 14.333, 0.706];[1, 0];
[0.47, 14.333, 11.0, 0.722];[0.484, 13.667, 8.333, 0.782];[1, 0];
[0.472, 12.333, 12.333, 0.724];[0.389, 16.333, 10.333, 0.824];[1, 0];
[0.441, 11.0, 12.0, 0.779];[0.48, 12.667, 11.0, 0.75];[0, 1];
[0.43, 13.667, 12.0, 0.764];[0.512, 10.0, 9.0, 0.9];[1, 0];
[0.464, 12.0, 15.0, 0.694];[0.549, 11.333, 9.667, 0.64];[1, 0];
[0.455, 13.333, 12.333, 0.789];[0.462, 15.667, 14.0, 0.697];[0, 1];
[0.486, 11.667, 9.667, 0.848];[0.48, 14.333, 10.0, 0.761];[1, 0];
[0.462, 13.0, 12.667, 0.663];[0.468, 14.0, 11.333, 0.75];[1, 0];
[0.478, 13.0, 10.667, 0.73];[0.522, 14.333, 8.0, 0.805];[1, 0];
[0.438, 14.333, 8.0, 0.747];[0.445, 10.333, 10.0, 0.732];[1, 0];
[0.442, 13.333, 13.333, 0.718];[0.432, 11.667, 9.0, 0.763];[0, 1];
[0.458, 12.333, 9.667, 0.862];[0.466, 11.333, 11.0, 0.684];[1, 0];
[0.481, 14.0, 12.333, 0.713];[0.446, 14.0, 12.333, 0.792];[1, 0];
[0.405, 14.0, 10.667, 0.852];[0.384, 15.667, 16.667, 0.667];[1, 0];
[0.509, 11.333, 11.0, 0.861];[0.435, 15.0, 9.667, 0.719];[1, 0];
[0.527, 10.333, 9.333, 0.8];[0.446, 13.667, 11.333, 0.857];[1, 0];
[0.444, 13.667, 7.333, 0.706];[0.417, 12.0, 12.0, 0.79];[1, 0];
[0.447, 11.667, 12.333, 0.843];[0.441, 14.667, 9.333, 0.802];[1, 0];
[0.408, 14.333, 15.667, 0.759];[0.416, 14.667, 15.333, 0.701];[1, 0];
[0.463, 13.0, 10.667, 0.807];[0.415, 13.0, 16.333, 0.755];[1, 0];
[0.476, 11.0, 10.0, 0.811];[0.426, 11.333, 12.0, 0.778];[0, 1];
[0.492, 13.667, 11.0, 0.758];[0.511, 14.333, 10.0, 0.707];[1, 0];
[0.549, 11.0, 8.333, 0.84];[0.516, 15.333, 11.667, 0.768];[0, 1];
[0.419, 15.667, 16.0, 0.748];[0.499, 16.667, 10.333, 0.795];[1, 0];
[0.495, 12.333, 7.667, 0.681];[0.442, 15.0, 13.667, 0.732];[1, 0];
[0.497, 15.0, 9.667, 0.772];[0.48, 9.667, 10.667, 0.742];[1, 0];
[0.405, 13.333, 8.0, 0.868];[0.485, 13.667, 6.667, 0.788];[0, 1];
[0.433, 13.333, 16.0, 0.731];[0.434, 13.0, 9.667, 0.804];[1, 0];
[0.438, 7.0, 9.0, 0.918];[0.469, 14.333, 11.333, 0.668];[0, 1];
[0.43, 15.667, 15.0, 0.867];[0.41, 16.0, 9.0, 0.768];[1, 0];
[0.458, 14.667, 11.333, 0.853];[0.425, 14.667, 15.333, 0.73];[0, 1];
[0.503, 11.667, 9.0, 0.727];[0.48, 10.333, 8.333, 0.73];[1, 0];
[0.416, 14.333, 11.0, 0.744];[0.458, 16.0, 10.333, 0.701];[1, 0];
[0.475, 11.667, 10.333, 0.607];[0.534, 13.0, 6.333, 0.737];[1, 0];
[0.441, 15.0, 11.0, 0.674];[0.489, 11.667, 12.0, 0.729];[1, 0];
[0.482, 9.333, 11.333, 0.768];[0.492, 12.667, 10.667, 0.806];[1, 0];
[0.432, 11.667, 8.667, 0.822];[0.466, 14.0, 11.333, 0.729];[1, 0];
[0.428, 18.0, 10.667, 0.677];[0.439, 16.0, 10.0, 0.711];[0, 1];
[0.397, 19.0, 13.0, 0.766];[0.426, 16.333, 13.333, 0.845];[1, 0];
[0.565, 14.333, 5.667, 0.843];[0.478, 9.667, 12.667, 0.763];[1, 0];
[0.464, 17.333, 10.0, 0.77];[0.433, 16.667, 9.667, 0.84];[0, 1];
[0.443, 10.667, 13.0, 0.815];[0.468, 13.667, 8.667, 0.735];[0, 1];
[0.474, 17.333, 9.0, 0.813];[0.411, 13.667, 9.0, 0.77];[0, 1];
[0.461, 14.667, 13.0, 0.726];[0.474, 13.667, 9.667, 0.766];[1, 0];
[0.472, 13.333, 7.333, 0.644];[0.405, 13.333, 13.333, 0.849];[1, 0];
[0.471, 14.667, 10.667, 0.701];[0.415, 10.667, 12.667, 0.598];[1, 0];
[0.472, 17.333, 9.667, 0.907];[0.467, 13.0, 8.667, 0.806];[1, 0];
[0.5, 19.0, 5.0, 0.647];[0.398, 12.0, 9.0, 0.737];[0, 1];
[0.497, 13.333, 7.0, 0.704];[0.48, 15.333, 9.0, 0.795];[1, 0];
[0.404, 16.667, 16.333, 0.753];[0.428, 13.333, 13.0, 0.723];[0, 1];
[0.445, 15.0, 10.0, 0.846];[0.463, 14.333, 11.667, 0.715];[1, 0];
[0.421, 15.667, 12.667, 0.792];[0.465, 14.0, 11.667, 0.748];[1, 0];
[0.502, 14.0, 10.0, 0.774];[0.437, 17.0, 13.0, 0.793];[1, 0];
[0.41, 13.0, 15.0, 0.669];[0.432, 11.667, 12.333, 0.803];[0, 1];
[0.458, 12.0, 10.333, 0.793];[0.447, 12.333, 14.333, 0.74];[1, 0];
[0.441, 11.333, 10.333, 0.617];[0.441, 13.0, 10.667, 0.839];[1, 0];
[0.513, 14.0, 10.333, 0.823];[0.421, 10.333, 10.667, 0.688];[1, 0];
[0.454, 11.333, 7.333, 0.841];[0.408, 12.0, 6.333, 0.781];[0, 1];
[0.488, 11.667, 12.667, 0.754];[0.433, 9.667, 14.0, 0.723];[1, 0];
[0.476, 10.667, 9.667, 0.756];[0.477, 12.667, 8.667, 0.804];[1, 0];
[0.455, 17.0, 9.667, 0.805];[0.487, 14.0, 10.667, 0.714];[0, 1];
[0.426, 11.0, 11.0, 0.793];[0.511, 12.333, 10.0, 0.698];[1, 0];
[0.439, 14.667, 15.667, 0.869];[0.488, 14.667, 9.667, 0.741];[1, 0];
[0.472, 13.667, 11.0, 0.714];[0.471, 13.333, 7.0, 0.781];[0, 1];
[0.431, 11.667, 19.333, 0.685];[0.444, 10.0, 13.333, 0.688];[0, 1];
[0.533, 11.0, 5.333, 0.839];[0.421, 11.667, 16.333, 0.673];[1, 0];
[0.43, 13.333, 15.0, 0.724];[0.473, 12.0, 9.667, 0.719];[0, 1];
[0.487, 19.0, 10.667, 0.77];[0.474, 16.667, 9.0, 0.792];[1, 0];
[0.375, 17.0, 17.0, 0.308];[0.476, 13.333, 10.333, 0.733];[1, 0];
[0.451, 13.667, 13.333, 0.644];[0.474, 12.0, 15.667, 0.837];[0, 1];
[0.432, 12.333, 10.0, 0.82];[0.458, 12.0, 10.667, 0.762];[0, 1];
[0.446, 13.333, 14.333, 0.728];[0.433, 11.667, 9.333, 0.717];[1, 0];
[0.436, 12.0, 11.0, 0.714];[0.436, 10.667, 13.667, 0.822];[1, 0];
[0.423, 11.0, 14.333, 0.832];[0.444, 13.667, 10.333, 0.802];[1, 0];
[0.423, 17.333, 13.0, 0.842];[0.44, 16.333, 11.333, 0.809];[1, 0];
[0.456, 14.667, 13.0, 0.747];[0.445, 13.0, 11.667, 0.756];[0, 1];
[0.468, 12.667, 10.667, 0.845];[0.427, 13.0, 11.0, 0.698];[1, 0];
[0.456, 14.0, 12.333, 0.675];[0.494, 10.0, 10.333, 0.73];[1, 0];
[0.485, 8.667, 9.0, 0.77];[0.531, 12.333, 10.0, 0.773];[1, 0];
[0.499, 18.0, 13.333, 0.78];[0.388, 14.0, 12.333, 0.763];[1, 0];
[0.384, 12.667, 11.333, 0.784];[0.516, 15.0, 12.667, 0.754];[1, 0];
[0.44, 12.667, 9.333, 0.742];[0.419, 12.667, 14.667, 0.868];[1, 0];
[0.464, 13.0, 9.333, 0.777];[0.442, 14.333, 13.333, 0.723];[1, 0];
[0.383, 15.333, 10.333, 0.75];[0.457, 14.0, 14.667, 0.8];[0, 1];
[0.539, 12.0, 9.333, 0.826];[0.472, 15.333, 9.0, 0.673];[0, 1];
[0.377, 17.0, 13.0, 0.658];[0.439, 15.667, 10.0, 0.779];[1, 0];
[0.522, 20.0, 9.667, 0.807];[0.441, 21.0, 11.333, 0.635];[1, 0];
[0.42, 11.667, 11.0, 0.833];[0.491, 12.667, 8.0, 0.809];[0, 1];
[0.429, 18.667, 12.667, 0.749];[0.403, 20.0, 11.333, 0.707];[1, 0];
[0.464, 9.667, 10.0, 0.814];[0.486, 14.0, 11.0, 0.784];[0, 1];
[0.355, 17.667, 8.0, 0.786];[0.466, 12.0, 10.667, 0.819];[0, 1];
[0.453, 10.667, 9.0, 0.822];[0.432, 15.333, 15.0, 0.755];[1, 0];
[0.445, 11.667, 13.333, 0.744];[0.445, 10.667, 12.0, 0.691];[1, 0];
[0.435, 16.0, 9.667, 0.747];[0.432, 16.0, 11.667, 0.731];[1, 0];
[0.45, 10.667, 13.0, 0.837];[0.455, 16.667, 14.667, 0.75];[0, 1];
[0.492, 14.333, 10.333, 0.694];[0.446, 10.667, 9.0, 0.784];[0, 1];
[0.461, 13.667, 11.667, 0.652];[0.453, 10.0, 10.0, 0.766];[0, 1];
[0.488, 11.667, 13.333, 0.741];[0.404, 11.667, 12.333, 0.723];[1, 0];
[0.398, 8.333, 11.0, 0.782];[0.458, 12.0, 9.667, 0.783];[0, 1];
[0.41, 15.333, 8.667, 0.765];[0.399, 12.667, 14.0, 0.677];[0, 1];
[0.437, 11.0, 10.333, 0.73];[0.471, 15.0, 11.0, 0.739];[0, 1];
[0.444, 13.0, 15.0, 0.664];[0.466, 11.667, 11.333, 0.797];[0, 1];
[0.455, 15.667, 11.667, 0.784];[0.432, 14.667, 10.333, 0.834];[0, 1];
[0.449, 10.0, 10.333, 0.712];[0.393, 10.667, 12.333, 0.783];[0, 1];
[0.46, 11.667, 11.0, 0.772];[0.462, 14.667, 13.0, 0.738];[1, 0];
[0.464, 15.0, 11.333, 0.727];[0.397, 13.333, 13.667, 0.728];[1, 0];
[0.507, 14.333, 10.667, 0.835];[0.5, 13.333, 13.333, 0.777];[0, 1];
[0.492, 14.667, 10.0, 0.752];[0.436, 16.333, 12.0, 0.699];[0, 1];
[0.426, 7.667, 11.667, 0.817];[0.423, 13.0, 7.333, 0.787];[1, 0];
[0.466, 10.333, 10.0, 0.722];[0.49, 13.667, 11.0, 0.762];[1, 0];
[0.403, 11.333, 14.333, 0.864];[0.465, 11.333, 10.0, 0.835];[0, 1];
[0.437, 10.667, 10.667, 0.756];[0.512, 14.0, 7.333, 0.776];[1, 0];
[0.448, 11.333, 7.333, 0.802];[0.42, 12.667, 14.333, 0.688];[1, 0];
[0.439, 13.667, 14.0, 0.618];[0.461, 15.667, 9.667, 0.725];[1, 0];
[0.463, 14.333, 7.667, 0.785];[0.438, 10.667, 16.0, 0.741];[1, 0];
[0.443, 8.667, 11.333, 0.873];[0.431, 14.0, 9.333, 0.827];[1, 0];
[0.474, 11.0, 9.667, 0.748];[0.469, 12.0, 8.0, 0.721];[1, 0];
[0.47, 13.0, 8.667, 0.833];[0.434, 12.667, 11.333, 0.799];[0, 1];
[0.461, 14.333, 10.333, 0.896];[0.449, 12.667, 11.0, 0.726];[1, 0];
[0.507, 13.667, 12.667, 0.761];[0.471, 12.667, 11.0, 0.653];[1, 0];
[0.474, 10.667, 8.333, 0.716];[0.431, 14.667, 9.0, 0.733];[1, 0];
[0.409, 16.667, 14.333, 0.717];[0.427, 20.0, 13.0, 0.688];[1, 0];
[0.439, 18.0, 9.333, 0.786];[0.417, 18.0, 12.667, 0.771];[0, 1];
[0.464, 15.333, 12.0, 0.842];[0.423, 18.0, 15.667, 0.82];[1, 0];
[0.483, 12.333, 13.0, 0.66];[0.445, 12.0, 9.667, 0.858];[1, 0];
[0.476, 13.0, 8.667, 0.705];[0.457, 12.0, 14.333, 0.766];[1, 0];
[0.457, 14.667, 12.333, 0.752];[0.464, 12.333, 15.0, 0.718];[0, 1];
[0.445, 7.0, 9.0, 0.886];[0.465, 13.333, 8.333, 0.788];[1, 0];
[0.471, 13.333, 13.667, 0.694];[0.49, 14.667, 11.0, 0.739];[1, 0];
[0.492, 10.667, 11.667, 0.683];[0.445, 16.667, 8.333, 0.767];[1, 0];
[0.47, 16.0, 10.0, 0.732];[0.436, 17.333, 13.333, 0.844];[0, 1];
[0.507, 16.333, 12.333, 0.756];[0.419, 13.667, 14.667, 0.716];[1, 0];
[0.393, 10.333, 12.667, 0.795];[0.422, 12.333, 13.333, 0.712];[0, 1];
[0.53, 9.333, 12.0, 0.68];[0.451, 13.667, 12.333, 0.788];[1, 0];
[0.404, 9.333, 11.0, 0.702];[0.451, 18.667, 13.0, 0.754];[1, 0];
[0.423, 9.0, 12.0, 0.717];[0.441, 11.667, 10.333, 0.765];[0, 1];
[0.445, 15.667, 10.333, 0.787];[0.459, 16.667, 12.0, 0.748];[0, 1];
[0.467, 12.667, 14.333, 0.73];[0.435, 14.667, 16.0, 0.702];[1, 0];
[0.476, 14.0, 12.667, 0.742];[0.459, 10.667, 10.333, 0.744];[1, 0];
[0.46, 10.667, 10.667, 0.758];[0.457, 9.667, 10.333, 0.762];[1, 0];
[0.488, 11.667, 9.0, 0.755];[0.412, 11.0, 11.667, 0.852];[1, 0];
[0.519, 15.333, 10.667, 0.776];[0.414, 12.0, 16.0, 0.819];[0, 1];
[0.495, 12.0, 7.333, 0.785];[0.433, 10.333, 9.667, 0.812];[1, 0];
[0.432, 10.667, 14.333, 0.765];[0.456, 13.0, 13.333, 0.711];[1, 0];
[0.528, 17.0, 10.0, 0.852];[0.464, 13.333, 11.667, 0.712];[0, 1];
[0.454, 12.667, 12.333, 0.768];[0.442, 13.0, 8.0, 0.817];[1, 0];
[0.407, 15.333, 14.0, 0.76];[0.416, 15.667, 14.667, 0.757];[1, 0];
[0.441, 15.0, 8.667, 0.812];[0.415, 11.667, 16.0, 0.644];[0, 1];
[0.485, 12.333, 8.667, 0.822];[0.432, 10.667, 12.333, 0.882];[1, 0];
[0.487, 13.0, 15.0, 0.754];[0.584, 13.333, 9.0, 0.716];[0, 1];
[0.454, 12.0, 14.333, 0.804];[0.459, 14.333, 10.0, 0.777];[1, 0];
[0.417, 14.333, 11.667, 0.776];[0.396, 15.333, 9.333, 0.725];[1, 0];
[0.542, 14.667, 10.0, 0.8];[0.485, 14.667, 10.0, 0.827];[0, 1];
[0.397, 13.333, 9.333, 0.823];[0.465, 12.333, 9.333, 0.761];[0, 1];
[0.486, 13.0, 10.333, 0.855];[0.439, 15.667, 10.333, 0.751];[0, 1];
[0.499, 14.333, 8.0, 0.884];[0.508, 10.0, 7.667, 0.778];[1, 0];
[0.48, 14.0, 12.333, 0.742];[0.413, 17.667, 11.333, 0.752];[0, 1];
[0.537, 16.333, 10.0, 0.7];[0.46, 11.0, 12.0, 0.798];[0, 1];
[0.488, 14.333, 11.0, 0.779];[0.505, 18.333, 8.0, 0.848];[0, 1];
[0.449, 16.0, 12.333, 0.773];[0.39, 13.333, 14.667, 0.779];[1, 0];
[0.411, 17.667, 12.667, 0.828];[0.411, 13.333, 13.333, 0.808];[0, 1];
[0.502, 16.667, 6.667, 0.751];[0.479, 16.0, 9.333, 0.687];[1, 0];
[0.444, 12.0, 10.0, 0.792];[0.491, 12.667, 12.333, 0.64];[0, 1];
[0.472, 16.0, 8.0, 0.735];[0.456, 18.0, 8.333, 0.639];[0, 1];
[0.47, 9.333, 9.667, 0.853];[0.498, 15.333, 11.667, 0.764];[0, 1];
[0.467, 14.0, 11.0, 0.743];[0.534, 16.667, 7.667, 0.87];[0, 1];
[0.432, 12.333, 10.667, 0.841];[0.422, 15.667, 14.333, 0.73];[0, 1];
[0.472, 11.0, 11.333, 0.812];[0.431, 15.0, 12.333, 0.753];[1, 0];
[0.457, 9.333, 6.667, 0.775];[0.468, 12.333, 9.0, 0.756];[1, 0];
[0.395, 11.333, 13.333, 0.742];[0.514, 11.667, 10.0, 0.773];[0, 1];
[0.45, 12.0, 17.333, 0.682];[0.44, 12.0, 12.0, 0.769];[0, 1];
[0.46, 16.0, 10.333, 0.714];[0.454, 12.333, 11.0, 0.809];[0, 1];
[0.502, 17.0, 11.0, 0.811];[0.41, 13.0, 13.333, 0.841];[0, 1];
[0.503, 14.0, 7.0, 0.744];[0.435, 12.333, 11.0, 0.76];[1, 0];
[0.462, 14.333, 9.333, 0.877];[0.472, 12.333, 13.667, 0.814];[0, 1];
[0.489, 11.667, 12.333, 0.826];[0.457, 15.0, 13.667, 0.671];[1, 0];
[0.457, 14.0, 15.0, 0.805];[0.454, 16.333, 10.333, 0.734];[1, 0];
[0.459, 11.667, 9.0, 0.89];[0.484, 13.333, 9.333, 0.675];[0, 1];
[0.492, 14.333, 12.333, 0.684];[0.383, 11.333, 14.333, 0.805];[1, 0];
[0.442, 16.667, 12.333, 0.675];[0.476, 16.0, 11.0, 0.773];[0, 1];
[0.465, 14.0, 12.333, 0.713];[0.438, 12.667, 10.0, 0.734];[0, 1];
[0.44, 15.667, 15.333, 0.78];[0.465, 17.667, 13.0, 0.782];[1, 0];
[0.423, 15.333, 14.667, 0.671];[0.45, 12.0, 17.333, 0.749];[0, 1];
[0.462, 15.0, 8.667, 0.818];[0.489, 11.333, 6.333, 0.727];[1, 0];
[0.453, 9.667, 12.333, 0.848];[0.454, 12.0, 8.333, 0.732];[1, 0];
[0.404, 10.667, 12.667, 0.773];[0.481, 12.0, 5.667, 0.698];[0, 1];
[0.483, 12.667, 11.0, 0.726];[0.517, 11.333, 10.0, 0.735];[0, 1];
[0.418, 13.0, 11.667, 0.812];[0.45, 14.333, 11.0, 0.795];[0, 1];
[0.388, 9.0, 13.667, 0.692];[0.411, 18.667, 13.0, 0.756];[1, 0];
[0.442, 14.0, 10.667, 0.758];[0.452, 15.0, 11.333, 0.713];[1, 0];
[0.446, 15.0, 9.0, 0.828];[0.491, 8.667, 6.0, 0.745];[1, 0];
[0.402, 14.333, 12.667, 0.721];[0.461, 14.0, 11.667, 0.766];[1, 0];
[0.433, 11.0, 14.0, 0.815];[0.47, 14.0, 9.667, 0.722];[0, 1];
[0.435, 13.0, 10.667, 0.744];[0.455, 14.667, 11.333, 0.737];[1, 0];
[0.447, 8.333, 8.667, 0.715];[0.452, 11.333, 14.333, 0.635];[1, 0];
[0.451, 12.333, 9.333, 0.84];[0.492, 16.333, 12.333, 0.695];[1, 0];
[0.389, 12.0, 12.333, 0.693];[0.459, 10.333, 13.333, 0.663];[1, 0];
[0.44, 15.667, 17.333, 0.726];[0.44, 13.333, 13.333, 0.767];[1, 0];
[0.467, 9.333, 11.0, 0.804];[0.376, 10.0, 12.667, 0.745];[1, 0];
[0.513, 11.333, 10.333, 0.746];[0.447, 13.333, 8.667, 0.797];[1, 0];
[0.46, 10.333, 8.667, 0.661];[0.504, 13.0, 10.333, 0.817];[0, 1];
[0.45, 10.667, 9.333, 0.715];[0.467, 11.0, 12.333, 0.834];[1, 0];
[0.44, 14.333, 14.667, 0.777];[0.454, 11.333, 11.667, 0.682];[1, 0];
[0.453, 10.0, 11.667, 0.789];[0.486, 13.667, 10.0, 0.859];[1, 0];
[0.503, 17.667, 10.0, 0.734];[0.507, 13.667, 9.667, 0.795];[1, 0];
[0.455, 12.333, 9.0, 0.683];[0.441, 16.667, 13.333, 0.713];[0, 1];
[0.427, 16.0, 12.667, 0.731];[0.483, 15.667, 10.667, 0.745];[0, 1];
[0.437, 10.667, 13.0, 0.685];[0.455, 10.333, 11.0, 0.666];[0, 1];
[0.483, 11.0, 11.667, 0.75];[0.479, 10.0, 8.667, 0.719];[1, 0];
[0.404, 16.0, 14.667, 0.809];[0.422, 18.0, 11.0, 0.755];[0, 1];
[0.395, 9.333, 13.667, 0.663];[0.413, 10.0, 8.333, 0.763];[0, 1];
[0.45, 12.0, 12.667, 0.756];[0.466, 12.0, 11.667, 0.786];[1, 0];
[0.444, 11.667, 11.333, 0.761];[0.431, 8.0, 12.333, 0.796];[0, 1];
[0.428, 10.667, 12.667, 0.712];[0.476, 13.667, 9.333, 0.736];[1, 0];
[0.462, 15.667, 15.667, 0.722];[0.454, 15.333, 9.333, 0.796];[0, 1];
[0.452, 13.0, 14.333, 0.72];[0.467, 15.333, 14.667, 0.683];[0, 1];
[0.429, 9.0, 8.333, 0.744];[0.414, 13.0, 12.0, 0.69];[1, 0];
[0.434, 10.667, 10.333, 0.855];[0.438, 14.333, 11.333, 0.731];[1, 0];
[0.42, 16.0, 13.0, 0.667];[0.382, 17.0, 16.667, 0.762];[1, 0];
[0.401, 9.333, 11.333, 0.914];[0.483, 10.667, 11.667, 0.784];[1, 0];
[0.421, 13.667, 13.333, 0.733];[0.469, 12.0, 10.333, 0.785];[0, 1];
[0.487, 16.667, 7.667, 0.668];[0.453, 12.333, 7.0, 0.642];[0, 1];
[0.432, 19.0, 14.0, 0.659];[0.442, 10.333, 12.333, 0.736];[0, 1];
[0.457, 14.667, 11.0, 0.716];[0.476, 16.0, 15.667, 0.62];[1, 0];
[0.488, 15.333, 8.0, 0.772];[0.376, 16.667, 18.0, 0.749];[1, 0];
[0.493, 17.333, 14.667, 0.808];[0.461, 11.0, 12.0, 0.813];[1, 0];
[0.549, 13.333, 7.667, 0.758];[0.509, 12.667, 11.667, 0.816];[0, 1];
[0.447, 14.667, 11.667, 0.862];[0.5, 13.667, 8.333, 0.737];[0, 1];
[0.5, 12.667, 11.333, 0.699];[0.424, 12.333, 16.333, 0.853];[1, 0];
[0.489, 14.333, 13.333, 0.655];[0.469, 15.0, 11.667, 0.686];[1, 0];
[0.466, 10.0, 7.333, 0.661];[0.386, 9.0, 9.333, 0.725];[1, 0];
[0.395, 8.667, 14.667, 0.787];[0.496, 14.667, 8.333, 0.773];[1, 0];
[0.455, 15.0, 9.0, 0.646];[0.448, 15.0, 13.333, 0.813];[1, 0];
[0.574, 13.0, 11.667, 0.797];[0.488, 12.667, 8.667, 0.745];[1, 0];
[0.413, 13.333, 15.333, 0.681];[0.484, 14.333, 14.333, 0.715];[1, 0];
[0.548, 13.333, 8.333, 0.756];[0.43, 12.333, 9.667, 0.643];[1, 0];
[0.492, 11.333, 9.0, 0.822];[0.415, 11.667, 11.0, 0.747];[1, 0];
[0.4, 9.667, 10.0, 0.754];[0.451, 14.0, 16.667, 0.679];[1, 0];
[0.484, 12.0, 10.333, 0.843];[0.438, 10.667, 7.667, 0.802];[0, 1];
[0.513, 15.0, 11.667, 0.767];[0.485, 10.0, 13.0, 0.708];[1, 0];
[0.435, 11.0, 12.0, 0.795];[0.467, 16.333, 9.0, 0.687];[0, 1];
[0.431, 14.333, 14.333, 0.776];[0.473, 11.333, 11.0, 0.688];[1, 0];
[0.478, 10.667, 9.0, 0.708];[0.441, 9.0, 14.0, 0.76];[1, 0];
[0.469, 14.333, 13.667, 0.754];[0.472, 10.667, 14.0, 0.776];[1, 0];
[0.529, 18.667, 7.0, 0.8];[0.439, 15.0, 16.667, 0.63];[1, 0];
[0.472, 14.0, 11.333, 0.739];[0.487, 13.667, 9.0, 0.794];[0, 1];
[0.458, 12.667, 12.0, 0.774];[0.456, 11.0, 12.667, 0.722];[0, 1];
[0.475, 16.333, 11.333, 0.723];[0.498, 11.333, 8.667, 0.792];[1, 0];
[0.447, 15.333, 11.0, 0.651];[0.462, 10.667, 12.667, 0.732];[0, 1];
[0.461, 10.0, 10.333, 0.903];[0.482, 11.667, 10.333, 0.801];[0, 1];
[0.383, 7.667, 9.333, 0.757];[0.436, 16.0, 12.0, 0.776];[0, 1];
[0.479, 18.333, 10.667, 0.722];[0.402, 16.667, 14.333, 0.741];[1, 0];
[0.453, 12.0, 12.0, 0.717];[0.468, 10.0, 11.667, 0.801];[1, 0];
[0.476, 13.333, 9.0, 0.784];[0.46, 14.333, 8.667, 0.639];[1, 0];
[0.408, 17.0, 15.333, 0.699];[0.486, 17.0, 8.0, 0.732];[0, 1];
[0.438, 17.667, 8.667, 0.815];[0.48, 13.0, 11.667, 0.843];[0, 1];
[0.42, 15.0, 12.0, 0.727];[0.473, 13.0, 15.0, 0.702];[1, 0];
[0.453, 14.667, 13.333, 0.666];[0.483, 15.0, 10.667, 0.809];[0, 1];
[0.46, 12.0, 14.0, 0.693];[0.455, 11.667, 11.667, 0.793];[0, 1];
[0.509, 9.333, 10.0, 0.774];[0.47, 15.0, 7.667, 0.814];[0, 1];
[0.409, 16.667, 11.333, 0.737];[0.527, 13.667, 6.667, 0.817];[1, 0];
[0.443, 13.0, 11.0, 0.661];[0.422, 13.0, 16.0, 0.705];[1, 0];
[0.435, 18.0, 11.0, 0.82];[0.455, 13.667, 15.667, 0.69];[1, 0];
[0.456, 18.0, 9.667, 0.818];[0.519, 12.0, 7.333, 0.887];[0, 1];
[0.491, 13.0, 12.667, 0.738];[0.493, 13.0, 8.667, 0.7];[0, 1];
[0.466, 10.667, 11.333, 0.827];[0.406, 12.0, 13.333, 0.872];[0, 1];
[0.465, 14.333, 10.0, 0.745];[0.482, 10.0, 8.0, 0.758];[0, 1];
[0.533, 14.0, 9.0, 0.728];[0.41, 13.0, 14.667, 0.733];[1, 0];
[0.479, 15.333, 9.333, 0.744];[0.474, 14.667, 13.333, 0.726];[1, 0];
[0.465, 17.333, 10.0, 0.879];[0.458, 15.667, 11.333, 0.768];[0, 1];
[0.413, 11.333, 13.333, 0.614];[0.469, 11.667, 13.667, 0.691];[1, 0];
[0.501, 13.0, 11.667, 0.757];[0.466, 10.667, 14.333, 0.704];[0, 1];
[0.494, 14.0, 9.667, 0.773];[0.462, 10.667, 12.0, 0.758];[1, 0];
[0.417, 13.333, 13.667, 0.692];[0.408, 20.667, 13.0, 0.679];[1, 0];
[0.487, 15.333, 14.333, 0.73];[0.455, 9.667, 11.667, 0.67];[1, 0];
[0.441, 13.333, 13.0, 0.763];[0.465, 7.667, 11.0, 0.783];[1, 0];
[0.439, 18.333, 9.333, 0.802];[0.43, 10.667, 11.0, 0.822];[1, 0];
[0.47, 8.333, 8.333, 0.825];[0.456, 9.333, 11.0, 0.716];[0, 1];
[0.498, 13.333, 9.333, 0.713];[0.502, 12.333, 9.333, 0.803];[1, 0];
[0.46, 14.333, 13.333, 0.751];[0.472, 10.667, 10.0, 0.842];[1, 0];
[0.471, 13.0, 14.667, 0.76];[0.477, 16.0, 13.667, 0.76];[1, 0];
[0.466, 15.333, 11.667, 0.742];[0.452, 12.0, 8.667, 0.732];[0, 1];
[0.441, 15.667, 9.333, 0.811];[0.516, 15.667, 5.0, 0.729];[0, 1];
[0.409, 16.667, 12.667, 0.783];[0.493, 13.667, 8.667, 0.656];[0, 1];
[0.467, 13.667, 9.333, 0.785];[0.465, 17.333, 11.0, 0.83];[1, 0];
[0.451, 13.0, 12.0, 0.767];[0.465, 13.0, 8.0, 0.68];[0, 1];
[0.469, 16.667, 8.0, 0.774];[0.452, 14.0, 15.333, 0.689];[0, 1];
[0.454, 16.333, 11.667, 0.783];[0.447, 14.333, 10.0, 0.671];[1, 0];
[0.372, 11.667, 9.333, 0.72];[0.423, 9.667, 14.667, 0.772];[1, 0];
[0.485, 14.667, 8.667, 0.78];[0.543, 12.333, 8.333, 0.797];[0, 1];
[0.458, 12.0, 11.0, 0.727];[0.44, 15.0, 10.667, 0.846];[1, 0];
[0.455, 15.0, 10.0, 0.697];[0.408, 13.333, 15.667, 0.745];[1, 0];
[0.467, 13.0, 15.0, 0.818];[0.47, 14.333, 8.0, 0.82];[0, 1];
[0.413, 12.333, 13.333, 0.807];[0.442, 13.333, 13.667, 0.846];[1, 0];
[0.416, 10.667, 13.0, 0.798];[0.445, 9.667, 11.333, 0.728];[1, 0];
[0.428, 8.667, 11.0, 0.776];[0.432, 11.333, 12.667, 0.682];[1, 0];
[0.511, 13.667, 13.0, 0.809];[0.531, 10.0, 10.667, 0.752];[1, 0];
[0.48, 11.667, 10.667, 0.856];[0.456, 13.333, 11.667, 0.8];[0, 1];
[0.413, 11.667, 13.667, 0.758];[0.479, 15.0, 12.333, 0.875];[1, 0];
[0.463, 16.333, 10.0, 0.77];[0.477, 14.0, 8.0, 0.769];[1, 0];
[0.481, 14.0, 11.667, 0.758];[0.498, 12.667, 9.667, 0.678];[0, 1];
[0.463, 15.667, 12.333, 0.694];[0.488, 13.667, 12.0, 0.774];[1, 0];
[0.419, 13.667, 7.667, 0.709];[0.457, 15.333, 9.0, 0.769];[0, 1];
[0.405, 10.667, 13.333, 0.745];[0.467, 17.333, 9.667, 0.642];[1, 0];
[0.464, 15.0, 13.667, 0.784];[0.394, 18.0, 13.667, 0.851];[1, 0];
[0.499, 17.0, 12.667, 0.712];[0.533, 13.333, 11.667, 0.71];[1, 0];
[0.478, 11.0, 16.0, 0.84];[0.427, 11.333, 12.667, 0.724];[1, 0];
[0.497, 17.0, 7.333, 0.709];[0.502, 14.333, 9.333, 0.782];[1, 0];
[0.496, 10.0, 7.667, 0.759];[0.484, 13.667, 9.667, 0.735];[1, 0];
[0.473, 13.333, 8.667, 0.714];[0.421, 18.333, 14.667, 0.719];[1, 0];
[0.435, 11.333, 10.667, 0.665];[0.418, 10.667, 13.0, 0.707];[0, 1];
[0.474, 10.667, 8.667, 0.851];[0.373, 15.0, 8.333, 0.704];[1, 0];
[0.482, 16.0, 10.0, 0.794];[0.453, 12.0, 12.667, 0.805];[1, 0];
[0.461, 11.667, 13.0, 0.787];[0.446, 17.0, 10.333, 0.752];[1, 0];
[0.458, 18.0, 11.0, 0.573];[0.488, 13.333, 8.333, 0.815];[0, 1];
[0.464, 15.0, 9.333, 0.76];[0.479, 18.667, 12.333, 0.745];[0, 1];
[0.482, 11.667, 9.333, 0.838];[0.486, 16.333, 11.0, 0.725];[1, 0];
[0.421, 10.333, 12.667, 0.803];[0.489, 11.667, 8.0, 0.812];[0, 1];
[0.494, 12.333, 8.333, 0.845];[0.456, 12.0, 10.0, 0.78];[1, 0];
[0.455, 12.0, 11.0, 0.798];[0.443, 16.333, 9.0, 0.744];[1, 0];
[0.425, 10.667, 10.333, 0.731];[0.467, 13.333, 11.333, 0.874];[1, 0];
[0.45, 13.333, 12.667, 0.83];[0.461, 11.0, 5.667, 0.703];[1, 0];
[0.473, 11.0, 8.0, 0.717];[0.457, 14.667, 8.333, 0.824];[0, 1];
[0.535, 15.333, 10.0, 0.723];[0.482, 14.0, 10.333, 0.716];[1, 0];
[0.416, 12.0, 12.667, 0.668];[0.415, 12.333, 13.0, 0.686];[1, 0];
[0.468, 13.333, 13.0, 0.778];[0.499, 14.0, 9.0, 0.73];[1, 0];
[0.448, 16.667, 11.333, 0.835];[0.497, 13.333, 13.667, 0.717];[0, 1];
[0.437, 11.0, 11.333, 0.805];[0.467, 10.667, 12.0, 0.785];[0, 1];
[0.431, 13.333, 13.0, 0.757];[0.427, 15.667, 15.333, 0.751];[1, 0];
[0.414, 10.667, 6.667, 0.825];[0.516, 15.667, 6.0, 0.844];[1, 0];
[0.45, 16.333, 12.0, 0.812];[0.504, 14.333, 8.333, 0.778];[0, 1];
[0.458, 14.0, 10.0, 0.786];[0.438, 13.667, 13.667, 0.732];[1, 0];
[0.506, 9.333, 10.0, 0.806];[0.426, 13.333, 11.667, 0.771];[1, 0];
[0.462, 12.333, 8.667, 0.756];[0.513, 11.333, 8.333, 0.795];[1, 0];
[0.462, 14.667, 6.0, 0.714];[0.434, 13.333, 14.667, 0.795];[0, 1];
[0.438, 12.333, 11.667, 0.788];[0.456, 14.667, 9.667, 0.803];[0, 1];
[0.413, 8.667, 9.667, 0.726];[0.479, 11.0, 7.667, 0.724];[1, 0];
[0.448, 9.667, 8.0, 0.781];[0.437, 18.0, 10.667, 0.751];[0, 1];
[0.451, 12.667, 11.333, 0.723];[0.534, 13.333, 10.333, 0.814];[0, 1];
[0.449, 17.333, 8.667, 0.644];[0.409, 14.667, 8.667, 0.805];[1, 0];
[0.513, 15.333, 11.333, 0.847];[0.446, 12.667, 9.667, 0.763];[1, 0];
[0.433, 17.0, 14.667, 0.696];[0.439, 11.0, 9.667, 0.812];[0, 1];
[0.446, 15.667, 11.667, 0.695];[0.438, 12.667, 12.667, 0.694];[1, 0];
[0.478, 15.0, 11.667, 0.753];[0.466, 15.667, 14.0, 0.737];[0, 1];
[0.43, 16.333, 10.667, 0.703];[0.438, 14.333, 9.333, 0.794];[0, 1];
[0.425, 17.667, 10.0, 0.768];[0.397, 20.333, 14.333, 0.735];[0, 1];
[0.462, 17.333, 12.333, 0.826];[0.429, 14.667, 14.667, 0.785];[1, 0];
[0.488, 9.667, 9.333, 0.725];[0.462, 15.333, 13.333, 0.825];[1, 0];
[0.455, 13.333, 17.0, 0.78];[0.536, 14.0, 4.0, 0.851];[0, 1];
[0.472, 17.333, 11.333, 0.795];[0.414, 17.667, 14.333, 0.821];[0, 1];
[0.517, 8.667, 10.0, 0.691];[0.448, 12.333, 13.333, 0.746];[1, 0];
[0.451, 17.333, 7.667, 0.861];[0.41, 11.333, 7.667, 0.86];[0, 1];
[0.508, 13.667, 13.333, 0.655];[0.495, 13.0, 11.333, 0.738];[0, 1];
[0.453, 12.0, 9.667, 0.782];[0.471, 14.333, 14.0, 0.787];[0, 1];
[0.447, 9.667, 9.667, 0.718];[0.413, 12.333, 15.667, 0.725];[1, 0];
[0.46, 15.667, 9.667, 0.687];[0.508, 15.667, 9.667, 0.722];[1, 0];
[0.504, 15.0, 9.667, 0.817];[0.504, 10.667, 13.0, 0.726];[0, 1];
[0.433, 10.667, 8.667, 0.797];[0.485, 11.333, 10.667, 0.649];[0, 1];
[0.423, 11.667, 13.333, 0.771];[0.472, 14.333, 11.333, 0.834];[0, 1];
[0.482, 12.333, 8.333, 0.724];[0.41, 12.0, 12.667, 0.813];[1, 0];
[0.462, 13.667, 12.0, 0.688];[0.447, 13.667, 16.333, 0.742];[1, 0];
[0.425, 9.667, 14.333, 0.714];[0.481, 13.667, 13.333, 0.714];[0, 1];
[0.451, 13.333, 9.333, 0.703];[0.453, 12.333, 14.333, 0.861];[0, 1];
[0.398, 10.667, 11.667, 0.85];[0.497, 9.667, 8.333, 0.617];[0, 1];
[0.443, 15.333, 14.0, 0.782];[0.446, 14.333, 15.667, 0.648];[1, 0];
[0.456, 12.0, 15.0, 0.745];[0.494, 13.333, 10.0, 0.744];[1, 0];
[0.439, 13.333, 16.333, 0.754];[0.507, 12.333, 9.333, 0.704];[1, 0];
[0.544, 14.0, 5.333, 0.808];[0.526, 15.0, 11.333, 0.721];[0, 1];
[0.438, 10.0, 7.0, 0.8];[0.469, 13.0, 13.0, 0.71];[1, 0];
[0.462, 13.667, 9.0, 0.861];[0.498, 13.667, 9.667, 0.657];[1, 0];
[0.483, 19.0, 10.667, 0.695];[0.482, 10.667, 10.333, 0.792];[1, 0];
[0.5, 12.0, 8.667, 0.769];[0.437, 11.333, 13.0, 0.78];[0, 1];
[0.403, 12.0, 10.0, 0.667];[0.375, 17.0, 17.0, 0.308];[1, 0];
[0.406, 14.0, 10.0, 0.723];[0.419, 15.333, 8.667, 0.735];[0, 1];
[0.489, 13.667, 10.667, 0.836];[0.501, 15.667, 10.0, 0.868];[1, 0];
[0.435, 12.333, 10.0, 0.77];[0.457, 14.333, 8.667, 0.73];[1, 0];
[0.44, 19.333, 12.0, 0.824];[0.423, 15.0, 14.0, 0.745];[0, 1];
[0.459, 12.0, 12.333, 0.716];[0.479, 11.667, 11.0, 0.675];[1, 0];
[0.444, 15.0, 12.0, 0.688];[0.423, 19.333, 11.667, 0.675];[0, 1];
[0.442, 14.333, 11.0, 0.768];[0.462, 15.0, 10.667, 0.77];[0, 1];
[0.497, 12.333, 10.0, 0.729];[0.476, 15.333, 9.333, 0.823];[0, 1];
[0.463, 16.0, 9.667, 0.762];[0.521, 13.667, 12.333, 0.703];[0, 1];
[0.502, 17.0, 8.0, 0.69];[0.447, 9.667, 12.0, 0.85];[0, 1];
[0.414, 10.0, 12.667, 0.603];[0.49, 13.667, 9.333, 0.781];[0, 1];
[0.504, 11.0, 8.0, 0.705];[0.483, 15.667, 6.333, 0.737];[1, 0];
[0.514, 12.333, 11.667, 0.745];[0.481, 12.0, 14.0, 0.727];[1, 0];
[0.388, 16.667, 11.0, 0.744];[0.436, 18.0, 10.333, 0.808];[0, 1];
[0.474, 15.333, 13.333, 0.821];[0.471, 13.0, 13.667, 0.725];[0, 1];
[0.441, 13.333, 11.333, 0.741];[0.422, 12.0, 12.667, 0.74];[0, 1];
[0.456, 20.0, 11.667, 0.831];[0.474, 12.333, 13.0, 0.745];[0, 1];
[0.404, 17.333, 14.0, 0.69];[0.44, 12.0, 12.0, 0.769];[0, 1];
[0.416, 11.0, 11.667, 0.681];[0.459, 13.0, 11.0, 0.729];[1, 0];
[0.484, 11.333, 9.333, 0.764];[0.41, 16.667, 14.0, 0.839];[1, 0];
[0.405, 16.667, 12.667, 0.876];[0.374, 15.0, 15.0, 0.664];[1, 0];
[0.52, 14.0, 7.0, 0.707];[0.431, 10.667, 11.0, 0.73];[1, 0];
[0.418, 8.333, 12.333, 0.77];[0.474, 10.667, 10.333, 0.797];[1, 0];
[0.408, 20.667, 14.333, 0.725];[0.471, 16.0, 14.0, 0.649];[0, 1];
[0.456, 13.0, 8.667, 0.731];[0.452, 11.333, 7.667, 0.783];[1, 0];
[0.441, 15.0, 14.333, 0.774];[0.504, 11.0, 7.333, 0.78];[0, 1];
[0.453, 16.333, 12.333, 0.762];[0.477, 10.0, 12.0, 0.677];[0, 1];
[0.428, 13.333, 14.0, 0.627];[0.474, 10.333, 11.333, 0.717];[0, 1];
[0.459, 16.333, 9.333, 0.825];[0.422, 14.667, 17.0, 0.841];[1, 0];
[0.428, 14.667, 11.667, 0.748];[0.536, 15.0, 8.333, 0.719];[1, 0];
[0.442, 13.667, 11.667, 0.695];[0.465, 12.667, 13.667, 0.743];[1, 0];
[0.492, 12.0, 8.0, 0.863];[0.403, 12.667, 13.0, 0.75];[0, 1];
[0.493, 15.0, 10.333, 0.749];[0.501, 14.667, 10.333, 0.848];[0, 1];
[0.481, 11.333, 13.333, 0.746];[0.473, 12.667, 11.333, 0.858];[1, 0];
[0.471, 11.0, 12.667, 0.777];[0.437, 12.667, 13.333, 0.726];[1, 0];
[0.455, 14.333, 13.0, 0.711];[0.482, 14.333, 6.667, 0.716];[0, 1];
[0.445, 12.0, 10.333, 0.779];[0.448, 20.0, 11.667, 0.816];[0, 1];
[0.497, 14.333, 12.667, 0.595];[0.474, 17.0, 13.0, 0.702];[0, 1];
[0.488, 14.0, 9.0, 0.767];[0.444, 20.0, 15.0, 0.69];[0, 1];
[0.443, 13.0, 13.0, 0.732];[0.455, 9.333, 7.333, 0.849];[1, 0];
[0.464, 17.0, 13.333, 0.723];[0.429, 16.0, 10.333, 0.7];[0, 1];
[0.47, 16.0, 11.667, 0.77];[0.456, 15.0, 9.333, 0.78];[0, 1];
[0.411, 13.667, 16.667, 0.809];[0.467, 15.0, 13.667, 0.725];[0, 1];
[0.455, 11.333, 9.667, 0.814];[0.407, 10.667, 12.0, 0.791];[1, 0];
[0.449, 13.0, 13.0, 0.788];[0.425, 13.0, 11.0, 0.752];[0, 1];
[0.475, 14.333, 12.333, 0.775];[0.415, 16.0, 14.0, 0.77];[0, 1];
[0.475, 14.333, 11.333, 0.809];[0.423, 11.0, 8.0, 0.799];[1, 0];
[0.457, 12.333, 13.0, 0.705];[0.458, 13.333, 10.0, 0.745];[1, 0];
[0.527, 14.0, 8.0, 0.701];[0.479, 13.333, 8.667, 0.723];[1, 0];
[0.464, 12.333, 11.333, 0.697];[0.459, 14.333, 15.0, 0.735];[0, 1];
[0.466, 13.667, 12.0, 0.588];[0.447, 15.333, 12.0, 0.704];[1, 0];
[0.477, 13.667, 9.333, 0.777];[0.46, 15.0, 12.0, 0.763];[1, 0];
[0.521, 11.0, 8.667, 0.821];[0.454, 13.667, 14.667, 0.718];[1, 0];
[0.451, 16.0, 11.333, 0.765];[0.466, 12.333, 11.333, 0.795];[1, 0];
[0.443, 16.0, 10.0, 0.848];[0.43, 14.333, 10.667, 0.818];[0, 1];
[0.456, 8.333, 8.333, 0.672];[0.403, 13.0, 15.0, 0.744];[1, 0];
[0.422, 13.0, 14.0, 0.778];[0.426, 14.667, 13.667, 0.763];[1, 0];
[0.387, 18.333, 15.0, 0.724];[0.436, 13.667, 12.333, 0.638];[1, 0];
[0.511, 12.0, 9.667, 0.725];[0.472, 13.667, 9.667, 0.822];[0, 1];
[0.477, 11.667, 7.333, 0.763];[0.406, 13.667, 10.667, 0.823];[0, 1];
[0.427, 13.333, 12.667, 0.652];[0.451, 13.667, 12.0, 0.696];[0, 1];
[0.401, 10.333, 15.333, 0.803];[0.485, 14.667, 8.667, 0.762];[0, 1];
[0.459, 13.0, 12.667, 0.896];[0.475, 13.333, 11.333, 0.814];[1, 0];
[0.455, 15.0, 10.333, 0.803];[0.447, 14.667, 12.0, 0.724];[1, 0];
[0.431, 10.667, 13.0, 0.718];[0.401, 11.0, 11.667, 0.713];[1, 0];
[0.435, 11.333, 11.333, 0.77];[0.471, 15.0, 10.667, 0.744];[1, 0];
[0.499, 17.333, 11.0, 0.907];[0.476, 14.0, 10.667, 0.719];[0, 1];
[0.48, 11.667, 10.333, 0.796];[0.509, 11.0, 10.667, 0.732];[1, 0];
[0.507, 13.667, 12.0, 0.76];[0.485, 12.333, 10.333, 0.775];[1, 0];
[0.447, 12.333, 12.0, 0.705];[0.486, 10.0, 12.0, 0.756];[1, 0];
[0.463, 14.333, 11.333, 0.772];[0.496, 14.333, 8.0, 0.646];[0, 1];
[0.425, 14.0, 8.333, 0.868];[0.466, 18.0, 10.0, 0.767];[0, 1];
[0.469, 12.667, 10.667, 0.713];[0.481, 18.333, 13.333, 0.793];[1, 0];
[0.429, 11.667, 10.333, 0.851];[0.425, 13.667, 9.667, 0.709];[1, 0];
[0.401, 12.667, 12.333, 0.76];[0.498, 10.333, 12.667, 0.873];[1, 0];
[0.503, 8.333, 8.333, 0.76];[0.468, 14.667, 11.333, 0.706];[1, 0];
[0.432, 16.333, 13.333, 0.695];[0.483, 8.333, 11.667, 0.809];[0, 1];
[0.457, 12.0, 10.667, 0.731];[0.428, 16.667, 11.667, 0.768];[1, 0];
[0.492, 14.667, 9.0, 0.837];[0.478, 12.667, 12.333, 0.876];[1, 0];
[0.452, 13.667, 11.333, 0.73];[0.457, 12.333, 8.333, 0.742];[0, 1];
[0.391, 16.667, 13.333, 0.761];[0.493, 16.0, 9.0, 0.743];[0, 1];
[0.474, 11.667, 14.0, 0.678];[0.435, 14.667, 12.667, 0.765];[1, 0];
[0.488, 16.0, 11.0, 0.779];[0.46, 15.667, 12.667, 0.753];[1, 0];
[0.384, 15.0, 12.0, 0.632];[0.403, 12.0, 10.0, 0.667];[0, 1];
[0.514, 11.0, 10.0, 0.757];[0.448, 12.667, 12.333, 0.714];[1, 0];
[0.508, 14.667, 12.667, 0.682];[0.446, 13.667, 17.0, 0.826];[1, 0];
[0.404, 15.333, 16.333, 0.786];[0.426, 16.667, 12.0, 0.807];[0, 1];
[0.44, 15.0, 8.333, 0.811];[0.474, 14.0, 9.0, 0.774];[0, 1];
[0.498, 12.667, 10.667, 0.718];[0.47, 9.667, 10.667, 0.743];[1, 0];
[0.429, 13.667, 15.667, 0.814];[0.55, 13.0, 10.333, 0.833];[0, 1];
[0.496, 12.333, 12.0, 0.756];[0.487, 11.333, 11.0, 0.741];[1, 0];
[0.452, 14.0, 10.333, 0.777];[0.414, 14.0, 10.333, 0.747];[1, 0];
[0.471, 17.667, 8.0, 0.716];[0.413, 12.667, 11.333, 0.755];[0, 1];
[0.418, 14.0, 12.667, 0.762];[0.465, 15.0, 12.0, 0.808];[1, 0];
[0.464, 12.667, 12.667, 0.753];[0.459, 14.333, 12.333, 0.812];[0, 1];
[0.471, 10.667, 8.0, 0.742];[0.473, 14.0, 12.0, 0.768];[1, 0];
[0.436, 12.0, 12.667, 0.761];[0.385, 9.667, 12.0, 0.782];[1, 0];
[0.445, 15.667, 9.667, 0.762];[0.453, 16.333, 7.0, 0.784];[1, 0];
[0.498, 14.667, 8.333, 0.794];[0.429, 14.667, 10.333, 0.779];[1, 0];
[0.476, 14.667, 10.0, 0.807];[0.417, 14.333, 12.0, 0.761];[1, 0];
[0.423, 16.0, 11.333, 0.634];[0.443, 15.333, 11.333, 0.733];[0, 1];
[0.493, 19.333, 9.333, 0.788];[0.417, 12.667, 12.667, 0.845];[0, 1];
[0.464, 17.333, 12.0, 0.801];[0.491, 12.0, 10.667, 0.809];[1, 0];
[0.398, 12.667, 14.333, 0.763];[0.399, 12.0, 10.333, 0.777];[0, 1];
[0.432, 15.667, 13.333, 0.869];[0.451, 14.0, 10.667, 0.746];[1, 0];
[0.483, 12.0, 10.667, 0.823];[0.474, 16.333, 9.333, 0.682];[1, 0];
[0.426, 8.333, 12.0, 0.688];[0.419, 15.0, 7.333, 0.719];[1, 0];
[0.473, 16.667, 10.0, 0.742];[0.415, 13.333, 14.0, 0.691];[1, 0];
[0.426, 16.333, 13.333, 0.769];[0.429, 13.0, 10.333, 0.758];[1, 0];
[0.468, 12.0, 13.0, 0.725];[0.448, 15.0, 7.0, 0.778];[1, 0];
[0.424, 17.0, 13.0, 0.754];[0.494, 13.667, 10.667, 0.828];[1, 0];
[0.48, 16.333, 6.667, 0.77];[0.452, 18.333, 13.0, 0.782];[1, 0];
[0.516, 15.667, 10.0, 0.636];[0.44, 10.667, 10.667, 0.736];[1, 0];
[0.515, 12.0, 8.0, 0.907];[0.472, 10.0, 12.0, 0.721];[1, 0];
[0.436, 19.667, 11.667, 0.739];[0.462, 15.0, 11.667, 0.741];[0, 1];
[0.522, 10.0, 7.333, 0.796];[0.47, 13.667, 14.0, 0.803];[1, 0];
[0.47, 10.0, 13.0, 0.663];[0.459, 14.667, 16.667, 0.738];[1, 0];
[0.411, 13.0, 14.0, 0.782];[0.47, 8.333, 14.667, 0.759];[0, 1];
[0.418, 10.333, 10.333, 0.647];[0.472, 13.667, 9.333, 0.711];[1, 0];
[0.39, 10.0, 15.333, 0.709];[0.43, 11.667, 11.333, 0.635];[1, 0];
[0.479, 13.333, 13.667, 0.818];[0.444, 15.667, 13.333, 0.778];[1, 0];
[0.448, 17.333, 9.667, 0.778];[0.472, 18.0, 10.667, 0.685];[0, 1];
[0.459, 15.667, 11.333, 0.712];[0.427, 12.0, 11.667, 0.696];[1, 0];
[0.425, 13.0, 13.667, 0.809];[0.488, 14.333, 10.333, 0.793];[0, 1];
[0.413, 15.667, 11.667, 0.833];[0.445, 12.667, 12.667, 0.729];[0, 1];
[0.443, 17.0, 13.667, 0.745];[0.419, 17.0, 15.333, 0.705];[1, 0];
[0.516, 14.333, 11.667, 0.808];[0.481, 13.0, 9.667, 0.708];[0, 1];
[0.46, 13.333, 11.333, 0.822];[0.468, 13.667, 12.667, 0.786];[0, 1];
[0.454, 17.333, 14.0, 0.826];[0.485, 14.0, 8.333, 0.763];[1, 0];
[0.489, 12.667, 9.667, 0.692];[0.392, 17.333, 13.0, 0.836];[1, 0];
[0.466, 12.667, 9.333, 0.863];[0.422, 16.333, 15.333, 0.726];[1, 0];
[0.427, 14.0, 10.333, 0.766];[0.454, 14.667, 11.333, 0.801];[0, 1];
[0.493, 13.667, 14.333, 0.723];[0.46, 16.667, 11.333, 0.8];[1, 0];
[0.462, 19.0, 9.333, 0.777];[0.49, 14.667, 10.0, 0.696];[0, 1];
[0.497, 16.0, 9.667, 0.77];[0.518, 14.667, 6.333, 0.822];[1, 0];
[0.471, 10.0, 8.0, 0.86];[0.449, 10.667, 5.667, 0.705];[1, 0];
[0.426, 11.0, 16.0, 0.739];[0.454, 13.667, 11.667, 0.701];[1, 0];
[0.414, 12.667, 13.0, 0.763];[0.456, 14.667, 11.333, 0.719];[1, 0];
[0.487, 17.667, 7.667, 0.687];[0.489, 12.333, 10.333, 0.77];[1, 0];
[0.461, 16.333, 10.667, 0.702];[0.495, 15.333, 11.333, 0.79];[1, 0];
[0.423, 16.0, 9.333, 0.83];[0.454, 15.0, 9.667, 0.845];[0, 1];
[0.484, 13.0, 12.0, 0.676];[0.415, 13.0, 9.333, 0.786];[1, 0];
[0.468, 9.333, 13.333, 0.761];[0.503, 12.333, 11.0, 0.84];[1, 0];
[0.445, 9.333, 14.667, 0.846];[0.503, 14.667, 10.333, 0.765];[0, 1];
[0.459, 13.0, 13.333, 0.794];[0.45, 11.333, 13.0, 0.678];[1, 0];
[0.432, 12.0, 10.667, 0.746];[0.467, 10.0, 9.0, 0.793];[0, 1];
[0.463, 11.333, 9.667, 0.722];[0.513, 14.333, 7.333, 0.704];[0, 1];
[0.424, 13.333, 7.333, 0.769];[0.539, 13.0, 13.0, 0.784];[0, 1];
[0.49, 10.667, 9.333, 0.591];[0.377, 9.333, 8.667, 0.733];[1, 0];
[0.462, 17.667, 9.667, 0.771];[0.449, 19.667, 13.0, 0.825];[0, 1];
[0.446, 10.667, 13.667, 0.694];[0.482, 10.333, 12.667, 0.696];[1, 0];
[0.463, 9.667, 7.667, 0.867];[0.473, 13.0, 11.333, 0.774];[0, 1];
[0.428, 17.333, 10.667, 0.756];[0.46, 17.0, 13.0, 0.665];[0, 1];
[0.446, 11.667, 8.333, 0.727];[0.471, 11.333, 12.0, 0.802];[0, 1];
[0.464, 9.667, 10.0, 0.737];[0.363, 13.333, 17.333, 0.703];[0, 1];
[0.528, 10.0, 8.333, 0.735];[0.482, 12.333, 9.0, 0.783];[1, 0];
[0.488, 14.0, 9.0, 0.767];[0.468, 10.0, 11.0, 0.76];[1, 0];
[0.421, 15.333, 12.333, 0.645];[0.451, 12.0, 11.667, 0.771];[0, 1];
[0.474, 10.0, 14.333, 0.691];[0.426, 14.333, 14.333, 0.632];[1, 0];
[0.457, 11.333, 11.0, 0.734];[0.45, 13.0, 15.667, 0.745];[1, 0];
[0.473, 13.667, 11.0, 0.846];[0.448, 12.333, 13.0, 0.741];[1, 0];
[0.405, 12.667, 12.667, 0.751];[0.514, 8.333, 11.667, 0.852];[0, 1];
[0.489, 17.667, 11.333, 0.698];[0.467, 14.667, 14.667, 0.853];[0, 1];
[0.459, 11.333, 13.667, 0.791];[0.48, 14.667, 10.0, 0.774];[1, 0];
[0.453, 11.0, 7.333, 0.79];[0.467, 10.333, 9.0, 0.702];[1, 0];
[0.485, 11.0, 12.333, 0.717];[0.444, 11.0, 8.667, 0.768];[0, 1];
[0.479, 9.333, 8.0, 0.804];[0.429, 11.667, 15.333, 0.769];[0, 1];
[0.428, 9.0, 12.333, 0.737];[0.47, 10.333, 11.0, 0.694];[0, 1];
[0.444, 11.333, 11.333, 0.792];[0.499, 11.0, 11.0, 0.699];[1, 0];
[0.448, 18.0, 12.667, 0.784];[0.415, 12.667, 15.0, 0.639];[0, 1];
[0.475, 17.0, 11.0, 0.749];[0.431, 12.0, 15.0, 0.714];[1, 0];
[0.444, 11.667, 11.0, 0.711];[0.478, 13.0, 13.0, 0.846];[1, 0];
[0.458, 14.667, 13.333, 0.789];[0.461, 11.0, 10.333, 0.719];[0, 1];
[0.442, 16.0, 14.667, 0.746];[0.463, 13.0, 9.667, 0.791];[1, 0];
[0.452, 13.0, 14.667, 0.79];[0.466, 11.0, 13.333, 0.701];[1, 0];
[0.491, 13.333, 9.667, 0.88];[0.514, 8.0, 11.667, 0.686];[0, 1];
[0.462, 11.333, 12.333, 0.786];[0.484, 18.333, 9.0, 0.769];[1, 0];
[0.407, 13.333, 12.667, 0.853];[0.502, 11.333, 12.667, 0.846];[0, 1];
[0.469, 12.333, 15.333, 0.691];[0.521, 12.667, 12.333, 0.753];[0, 1];
[0.403, 10.667, 13.333, 0.75];[0.444, 14.0, 14.667, 0.702];[1, 0];
[0.509, 12.0, 9.0, 0.718];[0.448, 16.0, 10.667, 0.82];[0, 1];
[0.501, 11.0, 8.0, 0.833];[0.493, 10.333, 7.667, 0.602];[1, 0];
[0.458, 17.333, 11.0, 0.784];[0.507, 9.333, 12.667, 0.785];[1, 0];
[0.484, 7.667, 11.0, 0.814];[0.41, 12.0, 13.667, 0.791];[1, 0];
[0.445, 13.333, 11.667, 0.706];[0.427, 11.0, 8.667, 0.801];[1, 0];
[0.509, 11.0, 10.667, 0.721];[0.451, 10.333, 8.333, 0.69];[1, 0];
[0.568, 11.333, 14.667, 0.792];[0.47, 13.667, 9.667, 0.801];[0, 1];
[0.463, 17.667, 9.333, 0.785];[0.455, 14.333, 13.667, 0.732];[1, 0];
[0.441, 12.667, 14.0, 0.72];[0.441, 10.0, 11.0, 0.783];[0, 1];
[0.483, 19.0, 14.0, 0.714];[0.448, 13.0, 14.0, 0.6];[0, 1];
[0.497, 12.667, 8.667, 0.745];[0.457, 13.333, 14.333, 0.866];[1, 0];
[0.453, 15.667, 14.333, 0.782];[0.443, 9.667, 15.333, 0.744];[0, 1];
[0.506, 12.0, 6.0, 0.938];[0.44, 12.333, 12.667, 0.77];[0, 1];
[0.449, 17.333, 6.667, 0.796];[0.482, 13.667, 13.0, 0.807];[0, 1];
[0.425, 15.333, 14.333, 0.753];[0.477, 13.333, 10.333, 0.722];[0, 1];
[0.413, 16.333, 10.0, 0.749];[0.446, 11.667, 12.667, 0.763];[0, 1];
[0.453, 12.0, 11.333, 0.847];[0.458, 13.667, 9.667, 0.81];[0, 1];
[0.445, 15.333, 12.667, 0.708];[0.473, 16.0, 11.667, 0.706];[0, 1];
[0.435, 13.0, 10.0, 0.801];[0.479, 16.333, 12.0, 0.654];[1, 0];
[0.446, 12.0, 7.667, 0.755];[0.405, 17.667, 14.667, 0.66];[0, 1];
[0.494, 14.333, 8.0, 0.714];[0.407, 14.667, 16.0, 0.666];[0, 1];
[0.487, 15.333, 14.667, 0.714];[0.413, 11.667, 14.667, 0.815];[1, 0];
[0.375, 15.667, 13.0, 0.663];[0.459, 14.667, 11.333, 0.679];[0, 1];
[0.522, 18.0, 9.333, 0.748];[0.447, 12.333, 8.333, 0.733];[0, 1];
[0.494, 12.667, 9.333, 0.653];[0.508, 13.0, 7.333, 0.75];[1, 0];
[0.45, 10.333, 12.0, 0.708];[0.479, 15.0, 11.333, 0.796];[0, 1];
[0.457, 15.667, 12.333, 0.7];[0.482, 15.667, 8.667, 0.726];[0, 1];
[0.43, 11.667, 15.0, 0.76];[0.438, 10.667, 11.0, 0.728];[0, 1];
[0.462, 11.0, 11.333, 0.792];[0.461, 13.333, 11.333, 0.776];[0, 1];
[0.481, 12.667, 9.667, 0.659];[0.426, 14.333, 12.667, 0.679];[1, 0];
[0.423, 13.0, 14.333, 0.738];[0.424, 12.0, 14.333, 0.728];[0, 1];
[0.483, 15.333, 9.0, 0.708];[0.419, 9.333, 13.0, 0.737];[1, 0];
[0.471, 13.667, 11.0, 0.766];[0.469, 14.667, 12.333, 0.781];[0, 1];
[0.479, 15.0, 10.333, 0.696];[0.419, 17.0, 12.333, 0.678];[0, 1];
[0.431, 13.0, 9.667, 0.695];[0.435, 12.667, 11.0, 0.79];[0, 1];
[0.479, 15.333, 9.0, 0.66];[0.427, 11.667, 14.0, 0.755];[1, 0];
[0.399, 13.667, 14.333, 0.751];[0.424, 16.0, 7.667, 0.824];[1, 0];
[0.506, 13.667, 11.667, 0.721];[0.446, 13.667, 13.667, 0.725];[0, 1];
[0.483, 15.667, 12.0, 0.625];[0.417, 13.667, 8.333, 0.783];[1, 0];
[0.392, 15.667, 13.667, 0.742];[0.429, 15.333, 11.0, 0.718];[0, 1];
[0.44, 19.333, 9.667, 0.725];[0.365, 13.0, 10.333, 0.834];[0, 1];
[0.394, 13.0, 16.0, 0.749];[0.49, 15.333, 13.667, 0.635];[0, 1];
[0.485, 13.0, 10.0, 0.766];[0.457, 14.0, 13.0, 0.667];[0, 1];
[0.473, 13.667, 9.0, 0.809];[0.444, 9.667, 12.0, 0.718];[1, 0];
[0.445, 9.333, 11.667, 0.703];[0.47, 22.0, 10.0, 0.818];[1, 0];
[0.47, 15.0, 10.0, 0.759];[0.527, 18.333, 11.667, 0.725];[0, 1];
[0.504, 12.0, 11.0, 0.723];[0.523, 16.0, 9.333, 0.706];[0, 1];
[0.477, 16.0, 11.667, 0.757];[0.449, 13.667, 7.667, 0.767];[0, 1];
[0.44, 15.667, 11.667, 0.721];[0.495, 10.667, 11.667, 0.812];[0, 1];
[0.381, 17.0, 15.333, 0.78];[0.367, 13.0, 12.0, 0.792];[0, 1];
[0.421, 13.667, 9.667, 0.724];[0.495, 11.0, 12.667, 0.718];[0, 1];
[0.505, 15.0, 11.0, 0.643];[0.446, 11.667, 11.333, 0.693];[1, 0];
[0.483, 14.0, 11.667, 0.783];[0.489, 14.333, 9.0, 0.804];[1, 0];
[0.429, 11.0, 12.667, 0.739];[0.424, 14.667, 11.333, 0.717];[0, 1];
[0.424, 9.333, 12.667, 0.784];[0.478, 14.667, 12.0, 0.789];[1, 0];
[0.518, 9.333, 8.333, 0.69];[0.47, 13.0, 7.0, 0.706];[1, 0];
[0.441, 14.667, 13.0, 0.75];[0.485, 14.667, 11.667, 0.825];[1, 0];
[0.458, 13.333, 10.333, 0.767];[0.463, 7.667, 10.667, 0.766];[0, 1];
[0.48, 14.667, 11.0, 0.739];[0.451, 11.667, 14.0, 0.723];[0, 1];
[0.495, 14.333, 10.0, 0.845];[0.518, 10.0, 11.0, 0.741];[1, 0];
[0.467, 16.0, 10.667, 0.765];[0.494, 14.667, 11.333, 0.743];[1, 0];
[0.446, 13.667, 14.333, 0.781];[0.419, 18.667, 12.333, 0.686];[1, 0];
[0.41, 14.667, 16.667, 0.855];[0.399, 9.667, 11.0, 0.717];[0, 1];
[0.479, 12.667, 9.0, 0.705];[0.494, 16.667, 12.667, 0.789];[1, 0];
[0.423, 16.333, 11.0, 0.566];[0.476, 13.0, 14.333, 0.681];[0, 1];
[0.384, 18.333, 8.0, 0.813];[0.427, 12.667, 14.667, 0.766];[0, 1];
[0.525, 13.667, 10.0, 0.699];[0.437, 15.0, 10.0, 0.798];[1, 0];
[0.458, 15.0, 12.667, 0.814];[0.451, 14.0, 9.0, 0.737];[0, 1];
[0.425, 11.0, 12.333, 0.769];[0.475, 15.0, 12.667, 0.798];[1, 0];
[0.48, 14.0, 11.333, 0.741];[0.469, 11.333, 11.667, 0.793];[0, 1];
[0.522, 13.333, 9.667, 0.745];[0.491, 12.667, 15.0, 0.738];[0, 1];
[0.469, 13.0, 12.667, 0.818];[0.498, 16.0, 11.333, 0.793];[1, 0];
[0.452, 16.0, 13.667, 0.753];[0.425, 10.667, 9.0, 0.837];[0, 1];
[0.457, 11.0, 9.333, 0.778];[0.475, 15.667, 11.333, 0.638];[1, 0];
[0.427, 12.333, 11.667, 0.752];[0.486, 12.0, 10.333, 0.684];[1, 0];
[0.485, 17.667, 14.0, 0.792];[0.429, 10.667, 7.667, 0.886];[1, 0];
[0.35, 20.0, 14.0, 0.771];[0.398, 14.0, 13.0, 0.667];[0, 1];
[0.431, 13.333, 8.333, 0.818];[0.538, 11.0, 7.667, 0.798];[0, 1];
[0.487, 11.333, 12.0, 0.782];[0.409, 15.333, 14.333, 0.759];[1, 0];
[0.512, 20.667, 8.0, 0.834];[0.492, 11.0, 12.0, 0.731];[1, 0];
[0.473, 11.333, 18.0, 0.77];[0.468, 13.0, 8.333, 0.826];[0, 1];
[0.472, 16.333, 8.0, 0.793];[0.455, 18.333, 10.0, 0.769];[0, 1];
[0.453, 17.333, 7.667, 0.744];[0.424, 11.0, 9.333, 0.707];[1, 0];
[0.477, 14.333, 12.0, 0.733];[0.463, 16.333, 10.0, 0.692];[1, 0];
[0.406, 15.333, 11.333, 0.707];[0.477, 17.0, 12.333, 0.786];[1, 0];
[0.478, 10.0, 10.667, 0.802];[0.418, 8.667, 11.0, 0.763];[0, 1];
[0.475, 11.333, 9.0, 0.691];[0.451, 10.667, 13.333, 0.686];[1, 0];
[0.476, 13.0, 14.0, 0.666];[0.416, 11.0, 10.667, 0.726];[0, 1];
[0.48, 12.0, 11.333, 0.79];[0.387, 10.667, 13.0, 0.742];[1, 0];
[0.411, 13.333, 10.333, 0.698];[0.433, 14.333, 10.667, 0.81];[0, 1];
[0.491, 14.667, 9.667, 0.793];[0.465, 13.333, 10.667, 0.703];[1, 0];
[0.493, 16.0, 12.333, 0.763];[0.535, 13.667, 7.333, 0.704];[1, 0];
[0.437, 15.0, 13.667, 0.725];[0.485, 13.667, 12.667, 0.869];[0, 1];
[0.47, 14.667, 9.333, 0.68];[0.483, 13.667, 10.0, 0.761];[1, 0];
[0.428, 15.0, 18.667, 0.847];[0.482, 13.667, 7.333, 0.801];[0, 1];
[0.479, 15.667, 11.0, 0.813];[0.409, 11.0, 10.667, 0.888];[0, 1];
[0.496, 12.0, 8.667, 0.689];[0.42, 12.333, 12.667, 0.658];[1, 0];
[0.443, 12.0, 10.0, 0.78];[0.409, 11.333, 12.0, 0.814];[1, 0];
[0.46, 13.667, 13.333, 0.862];[0.494, 14.667, 7.333, 0.755];[1, 0];
[0.434, 9.667, 8.667, 0.606];[0.45, 15.0, 10.0, 0.741];[0, 1];
[0.496, 13.333, 9.333, 0.782];[0.45, 12.667, 12.667, 0.729];[1, 0];
[0.418, 14.0, 11.667, 0.648];[0.426, 10.667, 12.667, 0.732];[1, 0];
[0.469, 14.667, 12.0, 0.808];[0.484, 15.0, 9.667, 0.749];[0, 1];
[0.498, 14.333, 9.667, 0.663];[0.386, 9.0, 12.0, 0.715];[1, 0];
[0.444, 17.0, 16.0, 0.738];[0.506, 13.333, 11.0, 0.823];[0, 1];
[0.514, 19.0, 10.333, 0.72];[0.428, 16.333, 14.0, 0.789];[1, 0];
[0.488, 14.333, 10.667, 0.683];[0.436, 14.0, 10.667, 0.769];[1, 0];
[0.451, 15.0, 6.667, 0.772];[0.454, 15.667, 13.667, 0.738];[1, 0];
[0.488, 11.667, 8.333, 0.797];[0.46, 13.0, 11.333, 0.708];[1, 0];
[0.495, 13.0, 10.667, 0.744];[0.39, 13.333, 15.667, 0.761];[0, 1];
[0.496, 15.667, 9.0, 0.793];[0.536, 17.0, 11.667, 0.801];[1, 0];
[0.409, 14.0, 16.333, 0.743];[0.468, 12.0, 8.667, 0.695];[1, 0];
[0.441, 11.333, 10.333, 0.717];[0.483, 10.0, 10.667, 0.721];[1, 0];
[0.443, 16.0, 12.0, 0.8];[0.449, 14.0, 8.0, 0.741];[0, 1];
[0.446, 11.333, 8.0, 0.783];[0.407, 11.333, 12.333, 0.687];[1, 0];
[0.471, 11.667, 11.0, 0.758];[0.436, 12.667, 13.0, 0.81];[1, 0];
[0.488, 14.0, 6.0, 0.704];[0.498, 10.333, 13.333, 0.768];[1, 0];
[0.419, 11.667, 12.667, 0.759];[0.422, 11.333, 15.333, 0.739];[0, 1];
[0.482, 9.333, 7.667, 0.774];[0.457, 9.667, 11.667, 0.791];[1, 0];
[0.403, 14.333, 12.667, 0.769];[0.462, 10.667, 8.0, 0.718];[0, 1];
[0.43, 13.333, 12.667, 0.756];[0.413, 13.0, 14.667, 0.815];[1, 0];
[0.475, 11.0, 9.667, 0.769];[0.479, 13.0, 11.0, 0.806];[0, 1];
[0.472, 14.333, 13.667, 0.703];[0.487, 14.0, 9.667, 0.733];[0, 1];
[0.432, 19.333, 11.0, 0.742];[0.426, 17.333, 10.333, 0.575];[1, 0];
[0.508, 11.333, 9.667, 0.783];[0.459, 10.333, 10.667, 0.759];[1, 0];
[0.497, 14.0, 9.333, 0.738];[0.478, 15.0, 8.0, 0.762];[1, 0];
[0.511, 16.667, 9.333, 0.71];[0.424, 16.667, 12.0, 0.744];[0, 1];
[0.456, 10.333, 10.333, 0.811];[0.501, 11.667, 9.667, 0.726];[0, 1];
[0.413, 14.0, 11.333, 0.703];[0.443, 14.333, 12.0, 0.723];[1, 0];
[0.425, 17.0, 10.0, 0.701];[0.423, 12.0, 12.667, 0.762];[1, 0];
[0.469, 15.667, 9.333, 0.683];[0.448, 9.0, 13.667, 0.745];[1, 0];
[0.451, 17.667, 16.0, 0.698];[0.433, 16.0, 12.333, 0.677];[1, 0];
[0.486, 17.0, 7.333, 0.825];[0.467, 14.0, 14.0, 0.667];[1, 0];
[0.412, 9.333, 11.333, 0.682];[0.436, 11.0, 13.333, 0.775];[0, 1];
[0.437, 13.333, 11.667, 0.804];[0.413, 16.333, 11.0, 0.74];[0, 1];
[0.489, 14.0, 10.0, 0.736];[0.508, 13.0, 10.667, 0.767];[1, 0];
[0.424, 17.667, 14.333, 0.829];[0.468, 13.333, 12.667, 0.743];[0, 1];
[0.477, 17.667, 10.333, 0.756];[0.428, 14.333, 16.333, 0.669];[1, 0];
[0.435, 13.0, 13.0, 0.764];[0.434, 9.667, 13.0, 0.772];[1, 0];
[0.45, 18.667, 9.0, 0.743];[0.451, 11.333, 13.0, 0.792];[0, 1];
[0.394, 17.333, 16.0, 0.7];[0.395, 16.0, 13.667, 0.79];[1, 0];
[0.455, 14.333, 7.0, 0.758];[0.454, 12.0, 9.0, 0.789];[0, 1];
[0.4, 15.667, 9.333, 0.74];[0.404, 11.667, 10.667, 0.827];[1, 0];
[0.409, 15.333, 10.667, 0.751];[0.432, 16.333, 12.667, 0.737];[1, 0];
[0.398, 14.0, 10.333, 0.776];[0.417, 17.0, 12.333, 0.778];[1, 0];
[0.482, 13.0, 9.0, 0.7];[0.499, 14.333, 11.333, 0.744];[0, 1];
[0.436, 13.333, 8.667, 0.686];[0.432, 11.667, 11.0, 0.735];[0, 1];
[0.458, 16.0, 12.0, 0.64];[0.468, 14.667, 10.333, 0.769];[1, 0];
[0.521, 10.667, 8.0, 0.772];[0.454, 15.333, 8.333, 0.831];[1, 0];
[0.492, 13.333, 12.667, 0.814];[0.52, 14.667, 9.0, 0.778];[1, 0];
[0.459, 16.667, 10.333, 0.668];[0.565, 20.0, 11.0, 0.75];[0, 1];
[0.458, 14.333, 13.333, 0.804];[0.415, 12.333, 14.0, 0.668];[1, 0];
[0.403, 11.333, 12.667, 0.623];[0.463, 12.333, 11.0, 0.746];[1, 0];
[0.489, 12.0, 7.333, 0.712];[0.438, 13.333, 11.333, 0.751];[1, 0];
[0.501, 13.667, 9.0, 0.635];[0.442, 15.333, 12.333, 0.705];[1, 0];
[0.449, 9.333, 13.667, 0.744];[0.448, 10.333, 8.667, 0.764];[1, 0];
[0.548, 12.667, 8.333, 0.733];[0.507, 14.667, 9.333, 0.716];[0, 1];
[0.525, 15.667, 13.0, 0.77];[0.5, 13.0, 11.667, 0.727];[0, 1];
[0.43, 15.333, 11.0, 0.819];[0.427, 22.667, 11.0, 0.678];[0, 1];
[0.455, 12.333, 13.667, 0.788];[0.404, 16.667, 9.0, 0.732];[0, 1];
[0.389, 15.667, 11.333, 0.734];[0.439, 15.0, 11.0, 0.703];[1, 0];
[0.4, 11.0, 16.333, 0.792];[0.403, 17.0, 9.333, 0.693];[0, 1];
[0.543, 15.333, 9.0, 0.718];[0.47, 11.667, 8.667, 0.85];[1, 0];
[0.501, 9.333, 10.333, 0.816];[0.46, 16.0, 11.667, 0.653];[1, 0];
[0.444, 12.0, 10.667, 0.802];[0.339, 14.0, 8.333, 0.791];[1, 0];
[0.469, 13.667, 6.0, 0.68];[0.553, 10.333, 14.0, 0.793];[0, 1];
[0.504, 6.667, 11.0, 0.787];[0.421, 12.667, 13.333, 0.792];[1, 0];
[0.447, 16.0, 10.333, 0.701];[0.485, 11.333, 8.0, 0.861];[0, 1];
[0.454, 10.667, 10.667, 0.768];[0.402, 13.333, 12.333, 0.735];[1, 0];
[0.476, 11.0, 7.333, 0.817];[0.424, 12.333, 13.0, 0.763];[1, 0];
[0.457, 14.667, 11.0, 0.817];[0.464, 14.667, 11.0, 0.747];[1, 0];
[0.447, 20.0, 10.333, 0.706];[0.538, 17.0, 9.0, 0.716];[0, 1];
[0.407, 13.0, 14.333, 0.757];[0.483, 13.0, 13.0, 0.742];[0, 1];
[0.477, 13.333, 12.0, 0.848];[0.444, 18.0, 14.333, 0.695];[1, 0];
[0.477, 13.667, 11.333, 0.714];[0.5, 12.0, 8.333, 0.681];[1, 0];
[0.476, 16.0, 15.667, 0.846];[0.428, 14.667, 10.333, 0.71];[1, 0];
[0.46, 18.667, 10.0, 0.876];[0.456, 15.667, 12.667, 0.815];[1, 0];
[0.49, 14.333, 8.667, 0.713];[0.437, 15.667, 12.333, 0.779];[1, 0];
[0.461, 17.667, 10.0, 0.774];[0.502, 14.0, 11.333, 0.821];[1, 0];
[0.408, 16.667, 14.0, 0.749];[0.428, 16.333, 9.0, 0.7];[0, 1];
[0.405, 12.667, 14.667, 0.805];[0.485, 11.0, 13.333, 0.753];[0, 1];
[0.493, 14.0, 9.667, 0.789];[0.487, 12.0, 9.667, 0.82];[1, 0];
[0.465, 15.0, 11.333, 0.805];[0.399, 17.0, 11.0, 0.815];[1, 0];
[0.457, 12.0, 10.667, 0.745];[0.456, 16.333, 11.0, 0.75];[1, 0];
[0.462, 12.0, 8.333, 0.684];[0.499, 13.333, 8.0, 0.77];[1, 0];
[0.45, 11.0, 13.667, 0.78];[0.515, 11.333, 10.0, 0.851];[0, 1];
[0.494, 18.0, 10.667, 0.814];[0.478, 16.0, 12.0, 0.819];[1, 0];
[0.434, 15.0, 12.667, 0.724];[0.407, 19.0, 11.0, 0.688];[0, 1];
[0.503, 16.333, 13.0, 0.782];[0.429, 14.333, 13.0, 0.799];[1, 0];
[0.425, 11.667, 8.0, 0.807];[0.367, 14.333, 18.0, 0.857];[0, 1];
[0.429, 11.333, 10.333, 0.779];[0.509, 8.667, 10.0, 0.718];[1, 0];
[0.437, 14.333, 13.0, 0.671];[0.518, 17.333, 13.333, 0.752];[0, 1];
[0.394, 12.667, 8.0, 0.772];[0.513, 11.0, 8.333, 0.721];[1, 0];
[0.443, 9.667, 11.333, 0.764];[0.502, 13.0, 13.667, 0.738];[0, 1];
[0.446, 8.0, 9.0, 0.773];[0.442, 15.0, 11.667, 0.76];[1, 0];
[0.498, 17.333, 13.0, 0.72];[0.448, 15.333, 15.333, 0.823];[1, 0];
[0.437, 11.0, 12.333, 0.704];[0.45, 9.333, 6.667, 0.856];[1, 0];
[0.429, 15.333, 14.333, 0.769];[0.551, 8.667, 9.667, 0.687];[1, 0];
[0.503, 10.333, 8.333, 0.686];[0.493, 15.0, 12.333, 0.755];[0, 1];
[0.446, 18.667, 10.667, 0.742];[0.419, 13.667, 16.333, 0.806];[0, 1];
[0.443, 15.667, 11.667, 0.725];[0.451, 14.0, 11.0, 0.768];[1, 0];
[0.452, 18.333, 11.333, 0.641];[0.441, 15.667, 11.0, 0.768];[1, 0];
[0.438, 16.0, 11.667, 0.762];[0.514, 14.667, 11.0, 0.785];[0, 1];
[0.449, 11.333, 13.0, 0.723];[0.406, 10.0, 15.0, 0.689];[0, 1];
[0.429, 12.333, 13.333, 0.762];[0.45, 12.333, 8.0, 0.743];[1, 0];
[0.437, 10.667, 13.333, 0.657];[0.505, 13.333, 13.0, 0.647];[0, 1];
[0.51, 14.333, 10.333, 0.696];[0.496, 14.333, 7.0, 0.711];[1, 0];
[0.589, 13.0, 9.0, 0.767];[0.368, 19.0, 8.0, 0.722];[1, 0];
[0.423, 13.667, 11.667, 0.812];[0.45, 16.667, 8.333, 0.81];[1, 0];
[0.451, 12.333, 13.333, 0.855];[0.476, 14.0, 13.0, 0.801];[0, 1];
[0.485, 14.333, 9.667, 0.778];[0.443, 14.0, 11.333, 0.742];[0, 1];
[0.386, 15.333, 10.333, 0.822];[0.498, 10.333, 8.333, 0.712];[1, 0];
[0.452, 15.0, 8.0, 0.753];[0.497, 16.333, 11.0, 0.781];[0, 1];
[0.469, 14.667, 11.333, 0.695];[0.47, 14.0, 11.0, 0.776];[1, 0];
[0.449, 16.667, 7.0, 0.763];[0.438, 14.0, 13.667, 0.702];[1, 0];
[0.427, 20.0, 13.0, 0.824];[0.419, 12.333, 12.333, 0.766];[1, 0];
[0.457, 14.0, 13.0, 0.667];[0.367, 13.0, 12.0, 0.792];[0, 1];
[0.483, 19.0, 14.0, 0.714];[0.589, 13.0, 9.0, 0.767];[0, 1];
[0.502, 15.0, 11.667, 0.682];[0.464, 10.667, 13.667, 0.807];[0, 1];
[0.403, 13.0, 12.0, 0.745];[0.444, 13.667, 13.0, 0.77];[1, 0];
[0.452, 16.333, 14.0, 0.706];[0.386, 11.333, 9.333, 0.775];[0, 1];
[0.523, 14.0, 8.333, 0.753];[0.434, 10.0, 9.333, 0.777];[0, 1];
[0.446, 15.0, 12.0, 0.728];[0.528, 19.0, 7.333, 0.839];[1, 0];
[0.464, 13.667, 11.667, 0.709];[0.458, 15.667, 9.333, 0.706];[0, 1];
[0.441, 14.333, 10.333, 0.775];[0.464, 13.0, 14.333, 0.743];[1, 0];
[0.406, 12.333, 18.667, 0.599];[0.437, 13.667, 14.333, 0.806];[0, 1];
[0.479, 13.333, 10.0, 0.829];[0.446, 12.0, 12.0, 0.759];[1, 0];
[0.489, 14.0, 11.667, 0.698];[0.484, 9.333, 11.0, 0.728];[0, 1];
[0.426, 11.333, 13.333, 0.811];[0.475, 10.667, 7.0, 0.807];[1, 0];
[0.45, 18.0, 12.0, 0.797];[0.466, 14.333, 14.0, 0.781];[0, 1];
[0.423, 11.0, 13.0, 0.785];[0.403, 9.0, 12.667, 0.739];[1, 0];
[0.478, 13.667, 12.0, 0.837];[0.471, 13.333, 10.0, 0.815];[0, 1];
[0.446, 14.667, 12.333, 0.715];[0.444, 11.667, 12.0, 0.701];[0, 1];
[0.473, 12.0, 8.0, 0.802];[0.472, 14.667, 7.333, 0.721];[1, 0];
[0.401, 13.333, 11.333, 0.662];[0.426, 14.667, 11.333, 0.71];[1, 0];
[0.35, 20.0, 14.0, 0.771];[0.469, 13.0, 13.0, 0.71];[1, 0];
[0.442, 14.333, 16.0, 0.845];[0.455, 14.667, 12.667, 0.761];[0, 1];
[0.504, 13.333, 10.667, 0.874];[0.449, 15.667, 8.333, 0.781];[1, 0];
[0.437, 10.0, 10.667, 0.796];[0.449, 12.667, 13.0, 0.771];[1, 0];
[0.45, 14.667, 8.667, 0.791];[0.528, 17.0, 10.0, 0.852];[1, 0];
[0.45, 14.667, 11.333, 0.726];[0.504, 16.667, 11.0, 0.69];[0, 1];
[0.459, 13.0, 9.667, 0.688];[0.469, 14.667, 12.0, 0.836];[0, 1];
[0.489, 11.0, 8.333, 0.689];[0.475, 9.667, 10.333, 0.702];[1, 0];
[0.417, 13.0, 15.0, 0.661];[0.423, 9.333, 14.667, 0.712];[0, 1];
[0.467, 14.667, 10.0, 0.715];[0.409, 16.0, 14.667, 0.754];[0, 1];
[0.449, 7.667, 11.333, 0.833];[0.466, 10.333, 9.667, 0.772];[0, 1];
[0.456, 14.333, 11.333, 0.748];[0.423, 14.0, 11.0, 0.837];[0, 1];
[0.462, 13.0, 8.0, 0.724];[0.505, 10.667, 9.333, 0.846];[0, 1];
[0.418, 11.0, 11.333, 0.736];[0.42, 12.667, 13.667, 0.724];[1, 0];
[0.423, 13.333, 15.333, 0.665];[0.438, 10.0, 12.333, 0.725];[1, 0];
[0.482, 13.0, 9.0, 0.7];[0.437, 9.0, 7.0, 0.727];[0, 1];
[0.42, 10.667, 12.333, 0.686];[0.475, 14.667, 7.667, 0.705];[0, 1];
[0.438, 13.667, 9.0, 0.672];[0.499, 11.0, 10.0, 0.739];[1, 0];
[0.418, 13.667, 14.667, 0.711];[0.407, 13.667, 11.667, 0.753];[1, 0];
[0.467, 13.667, 9.333, 0.721];[0.468, 12.333, 13.333, 0.593];[1, 0];
[0.453, 14.333, 10.667, 0.667];[0.396, 13.667, 11.667, 0.694];[0, 1];
[0.453, 12.333, 13.667, 0.847];[0.463, 12.667, 14.333, 0.738];[1, 0];
[0.489, 10.333, 12.0, 0.756];[0.486, 13.667, 11.667, 0.749];[0, 1];
[0.442, 12.667, 9.667, 0.786];[0.482, 16.0, 9.667, 0.77];[0, 1];
[0.435, 12.0, 14.0, 0.802];[0.516, 13.333, 10.667, 0.73];[0, 1];
[0.476, 14.0, 10.0, 0.705];[0.45, 14.333, 14.667, 0.827];[1, 0];
[0.443, 13.0, 14.333, 0.649];[0.447, 15.667, 11.333, 0.728];[1, 0];
[0.481, 12.0, 10.0, 0.604];[0.466, 11.0, 11.0, 0.752];[1, 0];
[0.505, 12.0, 9.667, 0.735];[0.494, 14.333, 11.0, 0.78];[0, 1];
[0.502, 11.333, 9.0, 0.709];[0.421, 10.0, 12.333, 0.763];[1, 0];
[0.507, 9.667, 11.667, 0.83];[0.436, 16.0, 7.333, 0.789];[0, 1];
[0.5, 15.667, 9.0, 0.638];[0.424, 8.667, 11.333, 0.668];[1, 0];
[0.462, 16.333, 10.667, 0.749];[0.4, 15.0, 14.667, 0.768];[1, 0];
[0.43, 10.667, 7.667, 0.736];[0.439, 15.333, 13.0, 0.671];[0, 1];
[0.459, 11.333, 12.333, 0.655];[0.449, 13.667, 14.667, 0.75];[0, 1];
[0.489, 11.0, 10.0, 0.718];[0.465, 8.667, 12.0, 0.825];[0, 1];
[0.437, 13.333, 9.0, 0.797];[0.479, 18.667, 11.333, 0.732];[0, 1];
[0.441, 14.667, 12.667, 0.717];[0.417, 14.0, 15.0, 0.822];[1, 0];
[0.443, 12.667, 13.667, 0.709];[0.45, 9.333, 13.667, 0.717];[1, 0];
[0.443, 10.333, 11.333, 0.834];[0.442, 18.0, 9.0, 0.714];[1, 0];
[0.517, 11.333, 9.667, 0.742];[0.429, 12.0, 14.0, 0.794];[0, 1];
[0.447, 12.667, 9.333, 0.776];[0.426, 14.333, 11.0, 0.801];[1, 0];
[0.448, 18.0, 9.0, 0.783];[0.551, 10.0, 10.0, 0.745];[1, 0];
[0.452, 14.333, 13.667, 0.696];[0.481, 15.667, 9.333, 0.824];[1, 0];
[0.443, 12.0, 7.333, 0.749];[0.399, 12.667, 9.0, 0.73];[1, 0];
[0.458, 14.333, 14.667, 0.751];[0.506, 11.0, 12.0, 0.731];[1, 0];
[0.452, 13.667, 6.333, 0.66];[0.462, 12.0, 12.667, 0.84];[0, 1];
[0.415, 14.0, 11.333, 0.727];[0.448, 13.0, 14.0, 0.6];[1, 0];
[0.433, 15.0, 15.667, 0.821];[0.381, 18.0, 12.333, 0.67];[1, 0];
[0.468, 15.0, 12.333, 0.792];[0.49, 20.333, 11.333, 0.65];[1, 0];
[0.51, 13.333, 10.667, 0.751];[0.483, 10.333, 11.333, 0.75];[0, 1];
[0.45, 14.0, 15.0, 0.706];[0.437, 16.333, 9.667, 0.825];[0, 1];
[0.456, 12.333, 13.333, 0.788];[0.482, 14.0, 11.333, 0.809];[1, 0];
[0.448, 13.667, 11.667, 0.758];[0.433, 12.667, 12.333, 0.751];[0, 1];
[0.445, 16.333, 12.0, 0.724];[0.444, 14.0, 9.0, 0.717];[0, 1];
[0.482, 14.333, 17.667, 0.727];[0.487, 14.667, 9.333, 0.853];[1, 0];
[0.5, 14.333, 10.0, 0.741];[0.467, 12.333, 11.0, 0.657];[1, 0];
[0.473, 15.333, 14.667, 0.863];[0.463, 17.0, 10.0, 0.829];[1, 0];
[0.438, 12.0, 16.667, 0.705];[0.423, 13.0, 14.667, 0.656];[1, 0];
[0.45, 13.667, 10.667, 0.841];[0.485, 10.333, 12.667, 0.651];[0, 1];
[0.465, 12.333, 9.667, 0.826];[0.502, 19.0, 15.0, 0.772];[1, 0];
[0.48, 13.667, 14.0, 0.714];[0.473, 14.333, 8.333, 0.735];[1, 0];
[0.401, 15.333, 13.0, 0.735];[0.473, 14.333, 11.0, 0.717];[0, 1];
[0.452, 11.667, 11.333, 0.611];[0.395, 12.667, 16.0, 0.784];[0, 1];
[0.434, 12.333, 10.333, 0.626];[0.46, 9.667, 10.333, 0.812];[0, 1];
[0.465, 13.0, 13.0, 0.756];[0.44, 12.667, 14.667, 0.843];[0, 1];
[0.458, 8.0, 10.0, 0.736];[0.44, 13.667, 10.333, 0.607];[1, 0];
[0.483, 11.667, 10.0, 0.818];[0.443, 16.333, 10.0, 0.826];[0, 1];
[0.462, 11.333, 7.667, 0.801];[0.49, 7.667, 7.333, 0.821];[0, 1];
[0.491, 16.333, 10.667, 0.671];[0.449, 18.0, 7.333, 0.866];[1, 0];
[0.488, 16.333, 11.0, 0.788];[0.435, 14.667, 9.333, 0.69];[1, 0];
[0.506, 13.0, 8.667, 0.731];[0.452, 13.333, 11.667, 0.767];[0, 1];
[0.441, 13.0, 13.0, 0.743];[0.453, 13.0, 9.667, 0.671];[1, 0];
[0.486, 13.333, 11.667, 0.793];[0.459, 17.333, 13.667, 0.737];[0, 1];
[0.407, 13.333, 11.333, 0.784];[0.446, 13.667, 10.667, 0.79];[0, 1];
[0.435, 16.667, 11.0, 0.8];[0.488, 17.0, 8.0, 0.698];[1, 0];
[0.439, 15.667, 14.333, 0.782];[0.565, 17.333, 7.0, 0.722];[0, 1];
[0.395, 13.667, 12.0, 0.705];[0.45, 14.333, 8.0, 0.684];[1, 0];
[0.508, 11.667, 9.333, 0.804];[0.469, 12.667, 10.333, 0.737];[0, 1];
[0.465, 9.667, 13.0, 0.833];[0.479, 10.0, 12.667, 0.74];[0, 1];
[0.48, 13.0, 9.0, 0.795];[0.482, 13.0, 9.667, 0.734];[1, 0];
[0.549, 12.667, 16.667, 0.783];[0.479, 13.333, 8.667, 0.847];[1, 0];
[0.459, 16.0, 10.0, 0.699];[0.479, 12.333, 6.0, 0.731];[1, 0];
[0.465, 12.333, 9.0, 0.769];[0.461, 10.333, 15.333, 0.731];[0, 1];
[0.46, 12.333, 11.667, 0.833];[0.466, 14.333, 13.667, 0.699];[0, 1];
[0.506, 12.333, 9.667, 0.737];[0.444, 13.667, 15.333, 0.7];[1, 0];
[0.462, 12.333, 10.333, 0.688];[0.451, 18.333, 14.667, 0.8];[1, 0];
[0.477, 15.333, 12.333, 0.731];[0.446, 11.333, 10.667, 0.729];[1, 0];
[0.442, 16.333, 10.333, 0.756];[0.439, 15.0, 12.0, 0.715];[1, 0];
[0.502, 12.667, 12.667, 0.818];[0.45, 13.333, 13.667, 0.736];[1, 0];
[0.412, 10.0, 14.667, 0.715];[0.471, 14.0, 11.667, 0.704];[0, 1];
[0.411, 12.667, 12.667, 0.742];[0.498, 12.667, 9.333, 0.758];[0, 1];
[0.437, 9.0, 7.0, 0.727];[0.565, 20.0, 11.0, 0.75];[1, 0];
[0.465, 8.667, 7.667, 0.833];[0.424, 10.0, 10.667, 0.816];[1, 0];
[0.497, 13.667, 11.333, 0.82];[0.466, 15.0, 11.667, 0.719];[1, 0];
[0.517, 12.333, 9.0, 0.8];[0.458, 11.333, 10.333, 0.694];[1, 0];
[0.419, 8.667, 14.333, 0.829];[0.41, 10.0, 13.0, 0.921];[1, 0];
[0.463, 13.333, 10.0, 0.776];[0.436, 13.667, 13.333, 0.791];[1, 0];
[0.461, 17.0, 14.0, 0.828];[0.442, 13.667, 10.333, 0.829];[0, 1];
[0.461, 15.667, 11.0, 0.798];[0.432, 13.333, 9.0, 0.756];[1, 0];
[0.483, 12.333, 7.667, 0.888];[0.422, 11.667, 11.333, 0.704];[0, 1];
[0.409, 13.333, 11.0, 0.759];[0.524, 11.667, 8.667, 0.683];[1, 0];
[0.446, 14.667, 11.333, 0.749];[0.467, 15.0, 15.0, 0.736];[0, 1];
[0.502, 15.333, 10.0, 0.672];[0.455, 17.333, 9.0, 0.619];[1, 0];
[0.471, 12.667, 7.333, 0.721];[0.497, 15.0, 14.667, 0.834];[1, 0];
[0.439, 13.333, 7.333, 0.782];[0.411, 11.667, 12.0, 0.754];[1, 0];
[0.487, 8.667, 10.667, 0.787];[0.524, 13.333, 7.667, 0.709];[1, 0];
[0.446, 10.0, 15.0, 0.827];[0.483, 13.0, 14.0, 0.777];[0, 1];
[0.442, 11.0, 9.333, 0.743];[0.502, 12.667, 11.333, 0.777];[0, 1];
[0.398, 14.0, 13.0, 0.667];[0.477, 14.0, 8.0, 0.769];[1, 0];
[0.384, 15.0, 12.0, 0.632];[0.368, 19.0, 8.0, 0.722];[0, 1];
[0.459, 15.0, 11.0, 0.84];[0.486, 11.0, 9.333, 0.64];[1, 0];
[0.481, 16.333, 9.0, 0.723];[0.476, 16.0, 10.333, 0.757];[1, 0];
[0.509, 19.333, 13.667, 0.66];[0.574, 12.333, 5.667, 0.825];[0, 1];
[0.425, 11.667, 9.667, 0.692];[0.461, 14.333, 10.333, 0.845];[1, 0];
[0.49, 13.0, 12.0, 0.751];[0.484, 14.667, 12.333, 0.749];[1, 0];
[0.49, 16.0, 7.0, 0.768];[0.497, 14.667, 9.0, 0.861];[1, 0];
[0.447, 15.0, 13.0, 0.663];[0.433, 12.667, 9.667, 0.752];[0, 1];
