[0.498, 14.0, 10.667, 0.716];[0.494, 14.667, 8.333, 0.789];[1, 0];
[0.507, 12.0, 3.0, 0.758];[0.421, 7.0, 10.0, 0.714];[1, 0];
[0.439, 12.667, 9.333, 0.642];[0.492, 10.0, 9.333, 0.8];[1, 0];
[0.447, 12.0, 14.667, 0.737];[0.497, 13.333, 13.333, 0.774];[0, 1];
[0.454, 11.333, 11.667, 0.745];[0.476, 11.333, 8.333, 0.76];[0, 1];
[0.425, 17.333, 12.0, 0.606];[0.46, 11.667, 10.667, 0.778];[1, 0];
[0.517, 13.333, 9.0, 0.778];[0.515, 11.0, 10.667, 0.786];[0, 1];
[0.467, 15.0, 8.333, 0.687];[0.45, 16.0, 11.667, 0.633];[1, 0];
[0.473, 10.667, 10.333, 0.777];[0.429, 16.0, 11.0, 0.879];[0, 1];
[0.501, 15.667, 5.667, 0.779];[0.432, 14.0, 8.0, 0.815];[1, 0];
[0.471, 16.667, 12.667, 0.682];[0.454, 14.333, 9.0, 0.698];[0, 1];
[0.496, 12.667, 10.333, 0.718];[0.422, 14.667, 13.0, 0.74];[0, 1];
[0.428, 16.333, 14.333, 0.683];[0.446, 14.0, 16.333, 0.726];[0, 1];
[0.459, 18.0, 11.0, 0.813];[0.445, 11.667, 14.0, 0.78];[0, 1];
[0.477, 14.667, 12.0, 0.785];[0.442, 17.0, 12.0, 0.809];[0, 1];
[0.452, 9.667, 11.667, 0.756];[0.493, 14.333, 6.667, 0.836];[1, 0];
[0.484, 10.333, 10.333, 0.802];[0.45, 15.333, 11.0, 0.635];[1, 0];
[0.43, 12.0, 11.0, 0.813];[0.415, 13.333, 12.667, 0.762];[0, 1];
[0.432, 16.0, 10.0, 0.706];[0.436, 11.333, 7.0, 0.767];[1, 0];
[0.377, 12.0, 9.333, 0.876];[0.488, 18.0, 10.333, 0.815];[1, 0];
[0.451, 15.0, 8.333, 0.772];[0.477, 16.0, 9.667, 0.723];[1, 0];
[0.41, 15.0, 10.333, 0.738];[0.47, 12.0, 13.0, 0.728];[1, 0];
[0.457, 15.667, 15.333, 0.701];[0.469, 17.333, 13.667, 0.823];[0, 1];
[0.417, 12.667, 14.333, 0.74];[0.458, 11.0, 8.0, 0.721];[0, 1];
[0.448, 13.333, 10.0, 0.738];[0.505, 13.0, 6.667, 0.73];[0, 1];
[0.445, 15.667, 15.667, 0.687];[0.469, 13.333, 9.333, 0.774];[1, 0];
[0.471, 16.667, 12.667, 0.843];[0.417, 11.333, 8.333, 0.761];[0, 1];
[0.446, 14.667, 11.333, 0.674];[0.469, 12.333, 11.667, 0.642];[1, 0];
[0.452, 10.667, 11.0, 0.831];[0.449, 12.0, 11.0, 0.849];[0, 1];
[0.515, 12.667, 9.0, 0.774];[0.468, 13.333, 8.667, 0.693];[0, 1];
[0.506, 16.333, 9.0, 0.798];[0.457, 13.0, 5.333, 0.66];[1, 0];
[0.394, 12.667, 9.0, 0.77];[0.446, 10.667, 7.667, 0.852];[1, 0];
[0.428, 13.333, 8.333, 0.755];[0.423, 12.0, 12.667, 0.695];[0, 1];
[0.474, 13.0, 12.333, 0.813];[0.424, 12.667, 8.0, 0.696];[0, 1];
[0.454, 11.667, 11.333, 0.703];[0.484, 11.333, 13.0, 0.833];[0, 1];
[0.485, 11.667, 9.333, 0.733];[0.446, 11.0, 11.333, 0.635];[1, 0];
[0.439, 16.333, 10.333, 0.741];[0.398, 15.333, 17.333, 0.676];[0, 1];
[0.462, 13.333, 8.0, 0.842];[0.452, 16.333, 11.0, 0.701];[0, 1];
[0.411, 11.667, 11.667, 0.816];[0.447, 19.0, 15.667, 0.801];[0, 1];
[0.452, 9.333, 12.667, 0.718];[0.521, 14.667, 10.333, 0.685];[0, 1];
[0.451, 17.0, 15.333, 0.65];[0.449, 15.0, 9.0, 0.739];[1, 0];
[0.405, 19.667, 12.333, 0.755];[0.443, 13.667, 9.667, 0.751];[0, 1];
[0.393, 12.667, 12.0, 0.774];[0.435, 15.333, 10.0, 0.657];[0, 1];
[0.462, 16.0, 12.333, 0.77];[0.461, 17.333, 8.0, 0.764];[0, 1];
[0.451, 13.667, 10.667, 0.779];[0.447, 10.667, 10.667, 0.735];[0, 1];
[0.4, 17.0, 13.333, 0.741];[0.497, 12.0, 15.333, 0.729];[0, 1];
[0.428, 13.0, 13.667, 0.645];[0.446, 10.667, 9.667, 0.647];[0, 1];
[0.506, 8.333, 10.0, 0.735];[0.478, 8.333, 9.333, 0.81];[0, 1];
[0.461, 14.333, 10.333, 0.685];[0.456, 14.0, 11.667, 0.738];[1, 0];
[0.43, 11.667, 9.667, 0.641];[0.524, 13.333, 6.333, 0.743];[0, 1];
[0.469, 11.667, 10.333, 0.665];[0.496, 12.333, 8.667, 0.758];[1, 0];
[0.439, 13.333, 14.667, 0.781];[0.459, 10.667, 10.0, 0.88];[0, 1];
[0.441, 14.667, 12.0, 0.783];[0.456, 10.0, 11.667, 0.741];[1, 0];
[0.47, 13.333, 7.333, 0.81];[0.435, 15.0, 10.333, 0.804];[0, 1];
[0.486, 14.667, 12.333, 0.688];[0.433, 12.667, 13.0, 0.743];[0, 1];
[0.488, 14.333, 9.333, 0.8];[0.454, 13.333, 6.333, 0.801];[0, 1];
[0.476, 15.333, 12.667, 0.756];[0.437, 13.0, 10.667, 0.766];[0, 1];
[0.469, 16.333, 9.0, 0.769];[0.451, 14.333, 10.0, 0.669];[0, 1];
[0.438, 16.0, 7.0, 0.762];[0.466, 10.333, 12.667, 0.811];[0, 1];
[0.46, 15.0, 14.0, 0.757];[0.417, 15.667, 11.0, 0.746];[1, 0];
[0.441, 16.667, 12.333, 0.706];[0.416, 9.667, 13.0, 0.742];[0, 1];
[0.431, 12.0, 8.0, 0.735];[0.438, 12.333, 10.667, 0.78];[0, 1];
[0.428, 16.0, 9.333, 0.799];[0.435, 16.667, 8.667, 0.735];[1, 0];
[0.446, 10.667, 11.667, 0.682];[0.42, 12.0, 13.333, 0.734];[0, 1];
[0.436, 17.333, 14.0, 0.601];[0.427, 14.333, 13.667, 0.891];[1, 0];
[0.435, 13.333, 9.0, 0.874];[0.505, 14.333, 8.667, 0.768];[0, 1];
[0.423, 11.667, 15.0, 0.772];[0.479, 12.333, 9.333, 0.836];[1, 0];
[0.498, 10.667, 11.667, 0.792];[0.5, 12.333, 11.333, 0.856];[1, 0];
[0.407, 17.333, 12.667, 0.695];[0.449, 14.333, 10.667, 0.816];[1, 0];
[0.378, 10.0, 14.0, 0.833];[0.394, 9.0, 20.0, 0.879];[0, 1];
[0.416, 16.0, 12.333, 0.731];[0.475, 13.667, 10.0, 0.72];[1, 0];
[0.43, 12.0, 13.0, 0.708];[0.435, 14.667, 11.0, 0.648];[0, 1];
[0.418, 14.667, 9.333, 0.728];[0.441, 11.0, 8.333, 0.777];[0, 1];
[0.485, 15.0, 11.333, 0.834];[0.425, 16.333, 10.667, 0.699];[0, 1];
[0.479, 13.667, 10.333, 0.703];[0.465, 15.667, 9.333, 0.81];[1, 0];
[0.495, 18.667, 7.0, 0.78];[0.454, 14.667, 7.333, 0.749];[1, 0];
[0.41, 11.333, 12.667, 0.716];[0.489, 12.0, 9.333, 0.79];[1, 0];
[0.44, 11.667, 11.0, 0.761];[0.468, 13.0, 11.667, 0.704];[1, 0];
[0.445, 16.333, 12.0, 0.662];[0.406, 13.333, 14.0, 0.667];[1, 0];
[0.468, 16.333, 16.667, 0.798];[0.45, 14.333, 10.0, 0.805];[0, 1];
[0.404, 10.667, 8.0, 0.799];[0.451, 10.333, 12.0, 0.758];[0, 1];
[0.416, 11.333, 12.667, 0.683];[0.504, 14.0, 8.667, 0.737];[0, 1];
[0.438, 15.667, 10.333, 0.734];[0.45, 14.0, 8.0, 0.762];[0, 1];
[0.473, 14.333, 12.333, 0.785];[0.468, 12.0, 7.0, 0.767];[0, 1];
[0.513, 15.667, 8.333, 0.718];[0.4, 13.667, 13.0, 0.741];[1, 0];
[0.442, 11.333, 10.0, 0.826];[0.482, 14.333, 9.333, 0.902];[0, 1];
[0.433, 16.333, 10.667, 0.797];[0.407, 20.333, 13.0, 0.714];[1, 0];
[0.455, 16.667, 9.333, 0.671];[0.505, 15.0, 6.333, 0.735];[0, 1];
[0.444, 14.333, 12.333, 0.737];[0.449, 13.333, 10.333, 0.783];[1, 0];
[0.461, 17.0, 8.667, 0.819];[0.469, 16.0, 10.0, 0.739];[0, 1];
[0.473, 11.667, 12.0, 0.83];[0.44, 13.667, 12.333, 0.8];[0, 1];
[0.449, 13.333, 12.333, 0.701];[0.467, 12.333, 10.333, 0.759];[0, 1];
[0.481, 15.0, 8.333, 0.665];[0.447, 13.0, 11.667, 0.734];[0, 1];
[0.503, 14.0, 9.333, 0.816];[0.481, 15.0, 12.0, 0.76];[0, 1];
[0.456, 17.333, 10.0, 0.682];[0.435, 17.0, 11.333, 0.768];[0, 1];
[0.403, 11.333, 12.0, 0.796];[0.459, 13.333, 13.667, 0.69];[1, 0];
[0.432, 9.333, 9.333, 0.771];[0.477, 14.0, 10.667, 0.817];[1, 0];
[0.399, 14.667, 16.0, 0.71];[0.444, 12.667, 12.667, 0.686];[0, 1];
[0.491, 13.667, 8.333, 0.728];[0.402, 15.667, 14.667, 0.75];[0, 1];
[0.456, 8.0, 11.333, 0.719];[0.399, 12.667, 12.333, 0.838];[0, 1];
[0.443, 15.0, 8.333, 0.746];[0.44, 11.0, 11.667, 0.658];[1, 0];
[0.461, 12.333, 12.0, 0.774];[0.456, 13.0, 10.333, 0.789];[0, 1];
[0.445, 11.667, 12.0, 0.785];[0.417, 14.667, 13.667, 0.778];[0, 1];
[0.454, 12.0, 8.0, 0.663];[0.417, 15.333, 10.0, 0.788];[1, 0];
[0.44, 15.0, 11.0, 0.756];[0.41, 15.667, 14.0, 0.76];[1, 0];
[0.484, 12.0, 8.333, 0.746];[0.477, 12.333, 12.0, 0.771];[1, 0];
[0.45, 20.333, 10.667, 0.697];[0.452, 13.333, 10.0, 0.772];[0, 1];
[0.504, 18.333, 13.667, 0.89];[0.448, 11.0, 12.0, 0.773];[0, 1];
[0.472, 12.667, 9.667, 0.775];[0.49, 16.333, 11.667, 0.767];[0, 1];
[0.435, 12.0, 13.667, 0.73];[0.399, 11.667, 12.333, 0.763];[1, 0];
[0.42, 16.667, 12.667, 0.729];[0.443, 11.0, 12.333, 0.79];[0, 1];
[0.414, 13.667, 12.333, 0.796];[0.398, 12.667, 11.667, 0.672];[1, 0];
[0.473, 12.0, 11.333, 0.759];[0.434, 11.667, 10.0, 0.711];[0, 1];
[0.495, 10.667, 12.667, 0.737];[0.453, 10.667, 8.667, 0.718];[1, 0];
[0.504, 14.0, 11.0, 0.764];[0.465, 11.667, 11.333, 0.595];[1, 0];
[0.449, 13.333, 10.0, 0.685];[0.502, 14.333, 8.333, 0.749];[0, 1];
[0.437, 15.667, 12.667, 0.757];[0.387, 13.333, 15.333, 0.758];[1, 0];
[0.446, 6.333, 8.667, 0.856];[0.398, 11.333, 10.667, 0.822];[1, 0];
[0.472, 8.333, 7.667, 0.739];[0.426, 10.0, 7.333, 0.755];[0, 1];
[0.461, 11.333, 10.667, 0.651];[0.414, 13.333, 12.667, 0.688];[1, 0];
[0.411, 10.667, 10.0, 0.854];[0.5, 14.667, 9.333, 0.744];[1, 0];
[0.489, 10.667, 12.0, 0.792];[0.477, 15.667, 12.0, 0.807];[1, 0];
[0.411, 10.0, 9.0, 0.773];[0.454, 12.333, 12.0, 0.769];[0, 1];
[0.463, 11.667, 13.0, 0.778];[0.424, 10.333, 13.333, 0.755];[0, 1];
[0.408, 16.0, 12.0, 0.709];[0.492, 9.667, 9.0, 0.867];[0, 1];
[0.451, 15.0, 12.0, 0.756];[0.432, 12.333, 8.0, 0.733];[0, 1];
[0.417, 13.667, 16.0, 0.707];[0.472, 11.0, 14.667, 0.768];[0, 1];
[0.42, 12.667, 9.667, 0.756];[0.38, 9.0, 12.0, 0.578];[1, 0];
[0.422, 20.667, 17.333, 0.727];[0.47, 9.0, 10.333, 0.757];[1, 0];
[0.453, 16.0, 9.667, 0.721];[0.454, 14.333, 10.667, 0.862];[1, 0];
[0.388, 14.667, 10.0, 0.81];[0.469, 14.0, 11.333, 0.803];[0, 1];
[0.384, 14.333, 10.0, 0.735];[0.425, 18.0, 14.0, 0.822];[0, 1];
[0.471, 13.333, 7.667, 0.67];[0.397, 14.0, 10.0, 0.765];[0, 1];
[0.472, 14.333, 8.667, 0.607];[0.455, 11.333, 11.333, 0.645];[0, 1];
[0.435, 11.667, 12.667, 0.598];[0.44, 15.0, 12.0, 0.784];[1, 0];
[0.439, 17.0, 12.0, 0.775];[0.459, 13.0, 15.0, 0.745];[1, 0];
[0.445, 19.333, 12.333, 0.755];[0.454, 12.667, 14.0, 0.76];[0, 1];
[0.454, 14.667, 13.667, 0.804];[0.412, 12.0, 12.333, 0.699];[1, 0];
[0.355, 11.333, 15.333, 0.72];[0.479, 18.0, 8.333, 0.729];[0, 1];
[0.456, 11.0, 10.667, 0.733];[0.444, 9.0, 12.667, 0.751];[0, 1];
[0.497, 13.333, 10.333, 0.851];[0.412, 12.0, 11.667, 0.724];[1, 0];
[0.435, 15.333, 7.667, 0.72];[0.498, 15.333, 10.333, 0.745];[1, 0];
[0.529, 19.667, 10.333, 0.786];[0.497, 15.667, 5.667, 0.639];[1, 0];
[0.418, 13.333, 13.0, 0.723];[0.366, 11.333, 13.333, 0.7];[0, 1];
[0.502, 13.333, 8.0, 0.715];[0.406, 15.333, 13.333, 0.653];[0, 1];
[0.528, 11.667, 6.0, 0.758];[0.461, 14.0, 5.667, 0.699];[1, 0];
[0.415, 13.667, 11.333, 0.773];[0.434, 16.0, 15.0, 0.889];[1, 0];
[0.434, 17.667, 8.333, 0.712];[0.424, 14.667, 14.667, 0.699];[1, 0];
[0.466, 15.0, 14.0, 0.655];[0.51, 12.333, 4.333, 0.847];[1, 0];
[0.409, 14.333, 11.0, 0.631];[0.497, 12.0, 8.0, 0.757];[0, 1];
[0.461, 14.667, 14.0, 0.762];[0.44, 12.333, 9.667, 0.625];[0, 1];
[0.407, 15.333, 10.667, 0.65];[0.436, 10.333, 9.667, 0.736];[0, 1];
[0.527, 15.333, 6.0, 0.802];[0.459, 15.667, 10.333, 0.707];[1, 0];
[0.367, 15.667, 18.667, 0.753];[0.458, 14.667, 10.0, 0.797];[0, 1];
[0.425, 12.333, 10.0, 0.923];[0.373, 16.333, 15.0, 0.748];[0, 1];
[0.44, 10.667, 7.333, 0.657];[0.487, 15.0, 9.333, 0.767];[0, 1];
[0.45, 9.0, 8.667, 0.703];[0.497, 15.667, 14.667, 0.79];[0, 1];
[0.381, 9.667, 5.667, 0.801];[0.388, 11.0, 14.333, 0.679];[1, 0];
[0.477, 14.333, 8.0, 0.873];[0.438, 15.0, 14.333, 0.715];[1, 0];
[0.43, 11.333, 13.0, 0.759];[0.451, 15.667, 9.333, 0.866];[0, 1];
[0.403, 16.0, 14.333, 0.766];[0.478, 15.667, 9.333, 0.747];[1, 0];
[0.419, 13.0, 11.0, 0.763];[0.443, 12.0, 11.333, 0.838];[1, 0];
[0.463, 15.0, 10.667, 0.748];[0.461, 12.667, 10.667, 0.685];[0, 1];
[0.451, 10.333, 8.0, 0.711];[0.46, 16.0, 12.333, 0.852];[1, 0];
[0.482, 14.0, 16.333, 0.738];[0.459, 14.333, 11.667, 0.724];[0, 1];
[0.421, 14.667, 9.667, 0.821];[0.446, 20.667, 12.0, 0.628];[0, 1];
[0.446, 10.0, 13.667, 0.8];[0.422, 13.333, 13.0, 0.751];[0, 1];
[0.425, 17.0, 11.333, 0.827];[0.468, 19.0, 10.333, 0.852];[1, 0];
[0.458, 14.0, 12.333, 0.782];[0.493, 17.667, 12.667, 0.777];[0, 1];
[0.418, 11.0, 12.0, 0.75];[0.515, 14.333, 8.333, 0.851];[0, 1];
[0.507, 12.667, 9.0, 0.743];[0.468, 15.667, 9.667, 0.775];[0, 1];
[0.439, 14.0, 12.333, 0.777];[0.462, 10.0, 11.667, 0.741];[1, 0];
[0.453, 15.0, 11.333, 0.832];[0.415, 14.0, 15.667, 0.754];[1, 0];
[0.406, 17.0, 15.0, 0.706];[0.421, 16.333, 13.667, 0.747];[0, 1];
[0.423, 10.0, 9.0, 0.782];[0.437, 10.0, 11.333, 0.855];[0, 1];
[0.425, 15.667, 9.333, 0.615];[0.459, 13.667, 10.667, 0.815];[0, 1];
[0.447, 18.0, 14.333, 0.696];[0.505, 15.0, 14.667, 0.777];[0, 1];
[0.403, 12.333, 10.667, 0.673];[0.485, 17.0, 7.667, 0.84];[0, 1];
[0.396, 9.667, 9.0, 0.682];[0.388, 15.0, 12.0, 0.77];[1, 0];
[0.47, 17.0, 7.667, 0.611];[0.516, 10.333, 10.333, 0.831];[0, 1];
[0.497, 15.333, 9.667, 0.852];[0.424, 14.333, 12.667, 0.749];[1, 0];
[0.507, 12.0, 3.0, 0.758];[0.398, 7.0, 15.0, 0.792];[0, 1];
[0.4, 13.0, 10.333, 0.7];[0.46, 13.0, 13.333, 0.707];[0, 1];
[0.392, 11.333, 15.667, 0.737];[0.417, 14.0, 11.0, 0.807];[0, 1];
[0.45, 13.333, 11.0, 0.873];[0.448, 14.0, 8.333, 0.805];[1, 0];
[0.43, 13.333, 15.333, 0.809];[0.507, 18.0, 9.333, 0.763];[0, 1];
[0.477, 16.0, 6.667, 0.769];[0.463, 19.0, 8.667, 0.894];[0, 1];
[0.444, 13.0, 10.333, 0.643];[0.49, 9.333, 12.667, 0.732];[0, 1];
[0.41, 20.667, 15.333, 0.665];[0.469, 16.333, 9.0, 0.762];[0, 1];
[0.424, 14.667, 12.667, 0.632];[0.431, 17.667, 11.0, 0.766];[0, 1];
[0.446, 16.667, 11.667, 0.719];[0.429, 14.0, 10.0, 0.836];[1, 0];
[0.519, 10.333, 10.0, 0.773];[0.432, 10.0, 14.0, 0.812];[0, 1];
[0.51, 12.667, 7.667, 0.601];[0.454, 12.0, 9.0, 0.848];[1, 0];
[0.457, 11.333, 11.667, 0.793];[0.427, 12.333, 10.0, 0.752];[0, 1];
[0.488, 15.333, 9.667, 0.757];[0.394, 9.0, 20.0, 0.879];[1, 0];
[0.523, 14.667, 9.0, 0.752];[0.487, 11.667, 13.667, 0.723];[1, 0];
[0.43, 15.333, 8.667, 0.772];[0.399, 12.667, 14.333, 0.624];[0, 1];
[0.408, 18.333, 9.333, 0.692];[0.432, 16.0, 12.333, 0.746];[0, 1];
[0.477, 13.667, 11.333, 0.678];[0.449, 9.667, 12.667, 0.742];[1, 0];
[0.434, 10.667, 13.0, 0.72];[0.466, 11.667, 13.333, 0.86];[0, 1];
[0.455, 16.667, 12.333, 0.703];[0.46, 14.667, 10.333, 0.739];[0, 1];
[0.457, 19.0, 11.0, 0.85];[0.418, 12.0, 14.0, 0.615];[0, 1];
[0.482, 11.333, 8.333, 0.766];[0.499, 12.0, 7.333, 0.793];[1, 0];
[0.445, 12.0, 12.0, 0.761];[0.442, 15.667, 11.333, 0.726];[1, 0];
[0.497, 12.333, 7.333, 0.689];[0.407, 13.333, 13.0, 0.798];[0, 1];
[0.461, 16.333, 11.667, 0.738];[0.445, 13.667, 11.333, 0.748];[0, 1];
[0.51, 13.333, 10.333, 0.792];[0.441, 11.0, 12.333, 0.715];[0, 1];
[0.42, 12.333, 11.333, 0.746];[0.479, 14.0, 6.0, 0.864];[0, 1];
[0.525, 14.333, 13.0, 0.743];[0.435, 14.0, 12.667, 0.797];[0, 1];
[0.427, 8.667, 9.667, 0.836];[0.45, 8.0, 8.0, 0.786];[0, 1];
[0.461, 17.667, 10.667, 0.734];[0.454, 12.667, 10.333, 0.773];[0, 1];
[0.466, 16.0, 10.0, 0.773];[0.434, 11.667, 13.0, 0.737];[0, 1];
[0.392, 10.0, 10.0, 0.775];[0.465, 11.667, 9.667, 0.819];[0, 1];
[0.501, 14.0, 9.0, 0.787];[0.398, 12.0, 16.667, 0.774];[0, 1];
[0.451, 9.667, 13.667, 0.66];[0.44, 16.333, 13.0, 0.804];[1, 0];
[0.457, 15.667, 12.0, 0.705];[0.446, 16.667, 10.667, 0.914];[1, 0];
[0.464, 13.667, 10.667, 0.671];[0.457, 16.667, 11.667, 0.61];[0, 1];
[0.474, 14.333, 10.0, 0.801];[0.486, 12.667, 10.667, 0.725];[1, 0];
[0.474, 14.667, 10.667, 0.728];[0.463, 18.667, 15.333, 0.71];[1, 0];
[0.484, 14.0, 10.667, 0.777];[0.469, 15.333, 10.333, 0.701];[1, 0];
[0.437, 13.0, 11.333, 0.884];[0.476, 15.667, 12.333, 0.806];[0, 1];
[0.496, 18.333, 13.333, 0.764];[0.397, 19.333, 12.333, 0.708];[0, 1];
[0.429, 12.333, 10.667, 0.813];[0.487, 12.0, 9.667, 0.772];[0, 1];
[0.47, 10.333, 11.667, 0.683];[0.486, 9.667, 11.667, 0.789];[1, 0];
[0.493, 11.333, 10.667, 0.717];[0.437, 14.667, 7.333, 0.745];[1, 0];
[0.47, 16.667, 12.333, 0.789];[0.459, 16.667, 10.333, 0.594];[0, 1];
[0.417, 14.333, 11.333, 0.714];[0.489, 15.333, 12.333, 0.657];[0, 1];
[0.418, 12.333, 8.0, 0.711];[0.437, 14.667, 9.0, 0.767];[1, 0];
[0.47, 14.0, 11.0, 0.736];[0.484, 15.667, 7.0, 0.817];[0, 1];
[0.382, 11.333, 9.667, 0.726];[0.469, 11.333, 11.667, 0.816];[1, 0];
[0.472, 16.333, 7.333, 0.763];[0.435, 17.0, 9.667, 0.783];[0, 1];
[0.515, 14.0, 9.0, 0.799];[0.396, 9.333, 10.667, 0.719];[1, 0];
[0.482, 9.333, 9.667, 0.646];[0.461, 13.333, 12.0, 0.735];[1, 0];
[0.433, 18.333, 11.0, 0.782];[0.481, 12.667, 8.667, 0.744];[1, 0];
[0.444, 13.667, 7.667, 0.747];[0.448, 15.0, 9.667, 0.691];[0, 1];
[0.484, 15.333, 8.333, 0.837];[0.469, 10.0, 6.667, 0.704];[1, 0];
[0.459, 10.667, 6.667, 0.732];[0.481, 12.0, 4.667, 0.828];[1, 0];
[0.454, 12.0, 13.0, 0.778];[0.466, 10.0, 12.667, 0.826];[1, 0];
[0.409, 11.333, 11.0, 0.685];[0.458, 10.333, 11.667, 0.806];[0, 1];
[0.464, 17.333, 7.0, 0.728];[0.436, 10.333, 13.333, 0.775];[0, 1];
[0.478, 11.667, 9.333, 0.793];[0.445, 9.667, 12.333, 0.754];[1, 0];
[0.448, 11.333, 8.667, 0.753];[0.432, 12.333, 8.667, 0.674];[1, 0];
[0.51, 12.667, 10.0, 0.801];[0.485, 15.0, 14.333, 0.848];[1, 0];
[0.479, 16.333, 12.667, 0.694];[0.429, 12.333, 9.0, 0.756];[1, 0];
[0.471, 13.667, 11.333, 0.684];[0.455, 10.667, 12.0, 0.699];[0, 1];
[0.439, 16.333, 9.667, 0.82];[0.417, 12.333, 12.667, 0.724];[1, 0];
[0.414, 11.0, 10.0, 0.683];[0.415, 17.667, 10.333, 0.719];[0, 1];
[0.444, 15.333, 8.667, 0.763];[0.432, 16.333, 12.333, 0.733];[1, 0];
[0.466, 16.333, 9.0, 0.751];[0.435, 14.333, 13.333, 0.713];[1, 0];
[0.468, 10.333, 10.0, 0.616];[0.471, 13.333, 10.333, 0.778];[1, 0];
[0.447, 16.0, 14.0, 0.761];[0.423, 13.0, 11.0, 0.857];[0, 1];
[0.442, 16.0, 11.0, 0.76];[0.488, 14.667, 8.333, 0.763];[1, 0];
[0.442, 9.0, 9.333, 0.796];[0.483, 12.667, 17.333, 0.698];[0, 1];
[0.457, 11.333, 12.0, 0.726];[0.454, 15.0, 11.0, 0.819];[1, 0];
[0.5, 13.0, 8.667, 0.778];[0.457, 15.667, 10.0, 0.85];[1, 0];
[0.434, 13.667, 12.667, 0.642];[0.427, 15.0, 11.0, 0.764];[1, 0];
[0.46, 15.333, 12.333, 0.833];[0.407, 11.667, 9.667, 0.757];[1, 0];
[0.424, 13.0, 14.667, 0.737];[0.46, 10.667, 10.0, 0.848];[0, 1];
[0.503, 14.667, 7.667, 0.771];[0.476, 17.0, 10.0, 0.727];[0, 1];
[0.386, 16.667, 15.0, 0.656];[0.332, 20.333, 12.0, 0.615];[1, 0];
[0.448, 8.333, 12.0, 0.823];[0.382, 15.0, 13.0, 0.82];[1, 0];
[0.483, 11.333, 9.333, 0.678];[0.421, 13.667, 11.0, 0.55];[1, 0];
[0.471, 13.667, 9.333, 0.782];[0.471, 18.667, 8.0, 0.792];[0, 1];
[0.473, 16.333, 11.333, 0.731];[0.418, 11.667, 13.333, 0.734];[1, 0];
[0.463, 11.333, 11.0, 0.694];[0.504, 16.333, 8.333, 0.781];[1, 0];
[0.453, 10.333, 8.0, 0.693];[0.436, 12.667, 16.333, 0.844];[1, 0];
[0.441, 17.333, 9.0, 0.722];[0.406, 11.0, 13.667, 0.678];[0, 1];
[0.427, 11.0, 8.333, 0.708];[0.393, 14.333, 5.667, 0.794];[1, 0];
[0.484, 13.0, 13.0, 0.721];[0.386, 13.333, 14.333, 0.71];[0, 1];
[0.511, 15.0, 10.667, 0.827];[0.457, 14.333, 12.667, 0.722];[0, 1];
[0.435, 17.0, 14.333, 0.622];[0.487, 12.667, 9.0, 0.708];[0, 1];
[0.409, 18.0, 15.0, 0.571];[0.363, 18.0, 9.0, 0.769];[0, 1];
[0.475, 11.333, 11.333, 0.765];[0.456, 13.667, 10.333, 0.828];[0, 1];
[0.436, 13.667, 12.0, 0.721];[0.463, 13.333, 9.333, 0.892];[0, 1];
[0.428, 12.333, 11.333, 0.782];[0.457, 9.0, 10.667, 0.798];[1, 0];
[0.454, 8.0, 9.667, 0.686];[0.431, 14.0, 10.667, 0.706];[0, 1];
[0.497, 10.333, 8.667, 0.754];[0.474, 10.667, 12.333, 0.778];[1, 0];
[0.423, 16.333, 13.0, 0.661];[0.397, 14.333, 8.0, 0.774];[0, 1];
[0.459, 13.667, 9.0, 0.715];[0.512, 17.333, 14.333, 0.816];[1, 0];
[0.422, 15.0, 11.333, 0.812];[0.461, 19.0, 10.333, 0.813];[0, 1];
[0.393, 15.667, 11.333, 0.73];[0.376, 16.333, 11.667, 0.721];[0, 1];
[0.423, 13.0, 13.333, 0.861];[0.476, 14.0, 8.333, 0.719];[0, 1];
[0.396, 13.333, 12.333, 0.786];[0.406, 11.667, 14.0, 0.814];[1, 0];
[0.428, 19.333, 9.667, 0.653];[0.422, 12.333, 12.333, 0.687];[1, 0];
[0.479, 10.333, 11.0, 0.745];[0.474, 11.667, 12.0, 0.712];[1, 0];
[0.5, 16.333, 8.667, 0.753];[0.417, 13.333, 13.0, 0.819];[0, 1];
[0.504, 13.333, 10.333, 0.776];[0.46, 14.0, 10.667, 0.784];[1, 0];
[0.439, 10.333, 12.333, 0.811];[0.423, 16.667, 17.667, 0.671];[0, 1];
[0.433, 17.333, 13.333, 0.811];[0.394, 13.0, 14.333, 0.723];[0, 1];
[0.403, 12.667, 11.333, 0.825];[0.435, 15.333, 9.333, 0.651];[1, 0];
[0.43, 16.667, 11.667, 0.689];[0.463, 12.0, 9.333, 0.708];[0, 1];
[0.433, 10.667, 12.333, 0.875];[0.482, 14.0, 9.667, 0.69];[0, 1];
[0.518, 11.333, 8.333, 0.725];[0.425, 13.667, 12.333, 0.832];[0, 1];
[0.463, 16.333, 9.0, 0.706];[0.434, 13.667, 9.333, 0.762];[1, 0];
[0.476, 16.333, 13.0, 0.736];[0.421, 21.667, 14.667, 0.748];[0, 1];
[0.436, 15.333, 10.667, 0.797];[0.438, 12.0, 11.667, 0.813];[0, 1];
[0.496, 13.333, 6.667, 0.833];[0.393, 16.333, 12.667, 0.699];[1, 0];
[0.387, 15.667, 13.0, 0.72];[0.445, 11.667, 8.333, 0.648];[1, 0];
[0.463, 14.667, 11.333, 0.8];[0.451, 15.0, 13.667, 0.658];[0, 1];
[0.466, 15.333, 11.667, 0.796];[0.457, 11.667, 12.667, 0.85];[1, 0];
[0.377, 10.333, 9.0, 0.686];[0.462, 12.0, 10.0, 0.793];[0, 1];
[0.405, 11.667, 13.667, 0.66];[0.419, 13.667, 17.667, 0.823];[1, 0];
[0.46, 11.333, 13.0, 0.808];[0.397, 13.0, 14.333, 0.703];[0, 1];
[0.459, 13.667, 11.333, 0.863];[0.47, 9.0, 12.667, 0.833];[0, 1];
[0.467, 16.0, 7.667, 0.749];[0.426, 14.667, 12.667, 0.757];[1, 0];
[0.46, 20.667, 9.333, 0.748];[0.466, 16.333, 11.333, 0.807];[0, 1];
[0.434, 10.0, 14.0, 0.765];[0.44, 12.0, 8.667, 0.691];[1, 0];
[0.51, 16.0, 9.667, 0.683];[0.38, 12.333, 11.667, 0.774];[0, 1];
[0.456, 11.333, 13.333, 0.869];[0.424, 14.0, 11.667, 0.674];[0, 1];
[0.427, 17.0, 15.0, 0.704];[0.426, 11.333, 14.0, 0.767];[1, 0];
[0.456, 15.667, 7.333, 0.883];[0.49, 14.667, 9.0, 0.827];[1, 0];
[0.52, 14.0, 5.667, 0.745];[0.47, 17.333, 9.333, 0.787];[0, 1];
[0.553, 9.0, 13.0, 0.783];[0.469, 13.0, 13.0, 0.824];[0, 1];
[0.483, 14.333, 7.667, 0.773];[0.426, 13.0, 12.667, 0.73];[0, 1];
[0.519, 13.0, 11.0, 0.691];[0.472, 16.333, 9.667, 0.795];[0, 1];
[0.479, 11.0, 14.667, 0.721];[0.476, 11.667, 12.333, 0.724];[0, 1];
[0.432, 14.0, 7.667, 0.78];[0.482, 14.333, 9.667, 0.69];[0, 1];
[0.429, 20.0, 12.667, 0.719];[0.401, 14.0, 9.0, 0.876];[1, 0];
[0.475, 16.0, 11.0, 0.74];[0.437, 16.0, 12.0, 0.736];[0, 1];
[0.445, 12.0, 9.667, 0.754];[0.474, 17.0, 10.0, 0.848];[1, 0];
[0.408, 13.333, 11.333, 0.806];[0.412, 14.0, 15.333, 0.769];[0, 1];
[0.45, 15.667, 9.333, 0.742];[0.488, 15.333, 11.0, 0.782];[0, 1];
[0.48, 10.0, 11.0, 0.707];[0.433, 15.0, 12.333, 0.832];[1, 0];
[0.359, 10.0, 6.333, 0.788];[0.475, 16.333, 10.0, 0.682];[0, 1];
[0.449, 14.667, 11.0, 0.77];[0.452, 16.333, 12.0, 0.76];[0, 1];
[0.436, 12.667, 10.333, 0.789];[0.5, 14.0, 9.667, 0.78];[0, 1];
[0.528, 13.0, 10.667, 0.743];[0.458, 18.333, 10.0, 0.611];[1, 0];
[0.454, 12.0, 12.667, 0.58];[0.449, 12.0, 10.667, 0.591];[1, 0];
[0.416, 20.333, 12.0, 0.704];[0.467, 15.333, 8.667, 0.77];[0, 1];
[0.43, 14.667, 10.667, 0.661];[0.399, 9.0, 12.333, 0.872];[1, 0];
[0.449, 13.667, 7.667, 0.796];[0.457, 10.333, 14.667, 0.783];[1, 0];
[0.417, 13.0, 12.333, 0.644];[0.417, 19.667, 15.667, 0.779];[0, 1];
[0.456, 13.333, 11.667, 0.745];[0.41, 12.0, 5.0, 0.739];[0, 1];
[0.446, 12.333, 13.0, 0.869];[0.435, 11.667, 12.333, 0.734];[0, 1];
[0.511, 12.333, 11.333, 0.732];[0.464, 15.333, 9.667, 0.803];[0, 1];
[0.388, 12.667, 9.667, 0.75];[0.467, 15.667, 11.0, 0.803];[0, 1];
[0.447, 14.0, 9.0, 0.814];[0.409, 16.0, 12.0, 0.715];[1, 0];
[0.48, 14.333, 9.667, 0.778];[0.482, 14.0, 12.0, 0.764];[0, 1];
[0.497, 10.0, 9.0, 0.763];[0.402, 13.0, 11.333, 0.728];[0, 1];
[0.462, 15.333, 9.0, 0.71];[0.446, 17.333, 11.0, 0.797];[1, 0];
[0.413, 13.333, 10.667, 0.802];[0.486, 10.0, 11.0, 0.821];[0, 1];
[0.433, 19.667, 17.333, 0.783];[0.459, 16.667, 9.333, 0.761];[1, 0];
[0.415, 9.333, 11.0, 0.732];[0.425, 11.333, 9.333, 0.716];[0, 1];
[0.402, 7.0, 12.0, 0.846];[0.479, 14.0, 6.0, 0.864];[0, 1];
[0.417, 11.667, 9.667, 0.834];[0.483, 15.333, 10.667, 0.728];[1, 0];
[0.43, 11.667, 11.0, 0.651];[0.376, 12.0, 12.0, 0.743];[0, 1];
[0.435, 14.333, 10.333, 0.702];[0.427, 15.0, 10.667, 0.822];[0, 1];
[0.406, 12.0, 14.333, 0.724];[0.498, 15.667, 10.0, 0.686];[1, 0];
[0.462, 10.667, 11.667, 0.801];[0.454, 9.0, 11.0, 0.805];[0, 1];
[0.418, 13.333, 12.0, 0.678];[0.437, 13.0, 11.667, 0.689];[0, 1];
[0.44, 14.667, 13.0, 0.788];[0.451, 13.667, 8.667, 0.741];[0, 1];
[0.365, 16.0, 11.667, 0.823];[0.437, 13.667, 4.667, 0.818];[1, 0];
[0.463, 14.0, 10.333, 0.829];[0.439, 12.0, 14.333, 0.704];[1, 0];
[0.408, 10.333, 11.0, 0.734];[0.459, 13.0, 10.333, 0.833];[0, 1];
[0.505, 12.667, 10.0, 0.693];[0.417, 12.667, 9.0, 0.836];[1, 0];
[0.428, 13.667, 12.0, 0.873];[0.45, 16.333, 9.333, 0.735];[1, 0];
[0.453, 12.667, 10.0, 0.821];[0.46, 13.333, 14.667, 0.75];[1, 0];
[0.492, 13.333, 8.333, 0.682];[0.452, 13.667, 9.667, 0.734];[0, 1];
[0.446, 11.667, 9.0, 0.799];[0.438, 13.667, 13.0, 0.76];[1, 0];
[0.441, 12.0, 12.0, 0.745];[0.411, 16.333, 6.333, 0.786];[0, 1];
[0.495, 11.0, 6.333, 0.752];[0.486, 12.667, 9.333, 0.777];[0, 1];
[0.447, 19.0, 7.333, 0.657];[0.492, 15.333, 10.667, 0.766];[0, 1];
[0.471, 12.333, 12.0, 0.769];[0.417, 17.333, 10.333, 0.853];[1, 0];
[0.466, 12.667, 9.667, 0.686];[0.496, 13.0, 9.0, 0.706];[0, 1];
[0.477, 11.667, 8.0, 0.692];[0.437, 14.333, 10.333, 0.642];[0, 1];
[0.504, 9.667, 11.333, 0.787];[0.474, 12.333, 8.667, 0.815];[0, 1];
[0.498, 14.667, 7.333, 0.712];[0.418, 11.667, 11.333, 0.713];[1, 0];
[0.471, 9.667, 9.0, 0.799];[0.394, 11.667, 14.0, 0.82];[0, 1];
[0.489, 14.333, 11.0, 0.664];[0.463, 14.667, 10.0, 0.716];[0, 1];
[0.471, 14.667, 9.0, 0.768];[0.514, 18.333, 10.333, 0.699];[1, 0];
[0.469, 9.667, 9.667, 0.695];[0.413, 13.667, 11.667, 0.721];[0, 1];
[0.436, 13.333, 10.333, 0.738];[0.5, 14.333, 10.333, 0.75];[1, 0];
[0.402, 13.333, 8.0, 0.773];[0.492, 17.0, 6.667, 0.717];[0, 1];
[0.486, 13.667, 10.667, 0.785];[0.443, 12.667, 13.0, 0.741];[1, 0];
[0.443, 17.0, 13.333, 0.715];[0.459, 10.667, 12.0, 0.592];[1, 0];
[0.459, 13.0, 10.0, 0.827];[0.444, 14.0, 12.0, 0.774];[1, 0];
[0.45, 14.667, 10.667, 0.868];[0.413, 10.333, 11.333, 0.66];[0, 1];
[0.514, 17.0, 13.667, 0.815];[0.514, 17.333, 8.333, 0.809];[1, 0];
[0.401, 16.667, 9.0, 0.785];[0.436, 14.667, 13.667, 0.807];[0, 1];
[0.44, 14.667, 14.0, 0.765];[0.41, 12.0, 9.333, 0.678];[1, 0];
[0.458, 16.333, 9.667, 0.681];[0.436, 14.667, 12.333, 0.73];[1, 0];
[0.409, 12.667, 9.333, 0.739];[0.44, 11.667, 10.667, 0.718];[1, 0];
[0.429, 13.0, 11.0, 0.788];[0.449, 15.333, 13.667, 0.813];[1, 0];
[0.506, 19.0, 6.667, 0.757];[0.405, 18.0, 14.333, 0.658];[1, 0];
[0.431, 13.0, 6.667, 0.737];[0.415, 11.667, 11.333, 0.87];[0, 1];
[0.459, 12.0, 6.667, 0.649];[0.408, 14.0, 11.333, 0.772];[0, 1];
[0.464, 19.0, 9.333, 0.687];[0.427, 14.667, 10.333, 0.76];[1, 0];
[0.428, 14.333, 11.0, 0.711];[0.478, 16.0, 10.0, 0.761];[0, 1];
[0.455, 13.667, 11.0, 0.693];[0.463, 12.333, 9.0, 0.711];[1, 0];
[0.395, 16.333, 14.667, 0.783];[0.432, 9.333, 11.667, 0.818];[0, 1];
[0.446, 11.667, 14.0, 0.853];[0.469, 12.667, 12.667, 0.744];[0, 1];
[0.403, 11.0, 12.667, 0.726];[0.45, 13.333, 9.667, 0.825];[0, 1];
[0.416, 13.333, 11.0, 0.742];[0.474, 15.0, 11.667, 0.74];[0, 1];
[0.443, 9.0, 11.0, 0.741];[0.41, 10.0, 10.0, 0.895];[1, 0];
[0.448, 10.667, 10.0, 0.7];[0.427, 14.0, 12.0, 0.795];[0, 1];
[0.422, 14.333, 12.333, 0.65];[0.413, 18.333, 11.0, 0.648];[1, 0];
[0.414, 16.333, 15.667, 0.795];[0.479, 14.333, 15.333, 0.76];[1, 0];
[0.467, 16.333, 9.0, 0.706];[0.406, 13.667, 14.0, 0.736];[0, 1];
[0.41, 15.0, 13.667, 0.77];[0.411, 13.333, 16.0, 0.745];[1, 0];
[0.484, 14.333, 10.667, 0.651];[0.428, 15.667, 10.0, 0.648];[1, 0];
[0.376, 20.0, 9.667, 0.704];[0.416, 16.333, 11.0, 0.657];[0, 1];
[0.469, 13.0, 13.0, 0.824];[0.43, 13.0, 12.0, 0.84];[1, 0];
[0.4, 10.333, 11.0, 0.859];[0.445, 12.0, 8.667, 0.796];[0, 1];
[0.416, 16.667, 16.333, 0.688];[0.459, 14.667, 10.333, 0.723];[1, 0];
[0.396, 16.0, 11.333, 0.727];[0.411, 13.0, 11.333, 0.788];[1, 0];
[0.446, 19.333, 18.0, 0.761];[0.411, 9.667, 8.667, 0.838];[1, 0];
[0.389, 12.333, 18.667, 0.861];[0.475, 13.333, 10.667, 0.834];[1, 0];
[0.435, 15.0, 9.667, 0.735];[0.445, 9.333, 10.667, 0.659];[1, 0];
[0.48, 16.333, 6.0, 0.786];[0.487, 15.667, 4.667, 0.672];[1, 0];
[0.405, 21.333, 16.333, 0.634];[0.484, 15.667, 13.333, 0.841];[0, 1];
[0.456, 16.333, 9.0, 0.8];[0.451, 12.667, 10.667, 0.729];[1, 0];
[0.504, 14.0, 9.667, 0.748];[0.419, 15.0, 10.333, 0.716];[0, 1];
[0.457, 13.333, 13.667, 0.742];[0.492, 12.0, 7.667, 0.719];[1, 0];
[0.423, 13.333, 12.667, 0.818];[0.432, 12.667, 14.0, 0.833];[0, 1];
[0.438, 15.667, 11.333, 0.761];[0.453, 16.0, 14.333, 0.795];[1, 0];
[0.47, 16.0, 11.667, 0.758];[0.467, 18.0, 11.333, 0.795];[0, 1];
[0.482, 9.0, 13.333, 0.738];[0.437, 20.0, 10.333, 0.696];[1, 0];
[0.486, 16.0, 12.0, 0.789];[0.443, 12.0, 8.667, 0.674];[0, 1];
[0.42, 10.333, 15.333, 0.752];[0.502, 14.667, 10.667, 0.817];[0, 1];
[0.412, 9.333, 13.667, 0.837];[0.479, 12.0, 10.667, 0.8];[0, 1];
[0.454, 19.333, 17.333, 0.763];[0.455, 9.667, 9.0, 0.766];[0, 1];
[0.454, 15.667, 9.333, 0.802];[0.433, 13.333, 9.333, 0.822];[1, 0];
[0.533, 14.667, 4.667, 0.847];[0.456, 15.667, 9.0, 0.854];[1, 0];
[0.494, 14.667, 9.333, 0.745];[0.493, 13.0, 10.0, 0.694];[1, 0];
[0.456, 11.667, 6.333, 0.857];[0.445, 14.667, 14.0, 0.797];[0, 1];
[0.433, 11.333, 13.0, 0.688];[0.447, 13.0, 7.333, 0.693];[0, 1];
[0.521, 15.667, 10.667, 0.726];[0.399, 10.333, 13.333, 0.774];[0, 1];
[0.487, 11.667, 11.667, 0.797];[0.445, 13.0, 10.667, 0.769];[1, 0];
[0.47, 15.0, 8.333, 0.754];[0.459, 18.333, 15.333, 0.698];[1, 0];
[0.469, 15.333, 13.0, 0.719];[0.527, 16.333, 9.0, 0.767];[1, 0];
[0.434, 12.333, 11.0, 0.852];[0.482, 14.333, 9.667, 0.758];[1, 0];
[0.437, 18.0, 13.0, 0.697];[0.475, 13.0, 7.333, 0.709];[0, 1];
[0.39, 12.0, 12.667, 0.767];[0.482, 13.333, 10.333, 0.655];[0, 1];
[0.406, 10.0, 12.0, 0.689];[0.428, 11.667, 13.333, 0.792];[0, 1];
[0.522, 10.333, 5.667, 0.654];[0.532, 8.333, 8.333, 0.767];[0, 1];
[0.467, 11.0, 11.333, 0.773];[0.462, 11.667, 11.667, 0.838];[0, 1];
[0.457, 14.0, 9.333, 0.748];[0.373, 18.333, 14.667, 0.714];[1, 0];
[0.377, 16.0, 13.333, 0.777];[0.413, 15.667, 12.333, 0.77];[0, 1];
[0.436, 17.0, 9.667, 0.736];[0.411, 14.0, 7.333, 0.801];[1, 0];
[0.441, 20.667, 8.667, 0.826];[0.463, 20.333, 9.333, 0.867];[0, 1];
[0.458, 12.0, 7.0, 0.78];[0.421, 17.0, 13.0, 0.695];[0, 1];
[0.456, 10.0, 9.667, 0.717];[0.441, 8.0, 10.667, 0.614];[1, 0];
[0.471, 13.667, 9.333, 0.76];[0.498, 9.333, 9.0, 0.676];[1, 0];
[0.427, 9.667, 10.0, 0.734];[0.468, 11.0, 8.333, 0.79];[1, 0];
[0.44, 13.333, 8.333, 0.738];[0.439, 14.333, 9.0, 0.738];[0, 1];
[0.423, 14.0, 10.667, 0.686];[0.469, 14.0, 7.0, 0.765];[1, 0];
[0.487, 12.0, 10.0, 0.679];[0.391, 11.0, 14.0, 0.72];[0, 1];
[0.455, 9.0, 8.0, 0.789];[0.49, 14.0, 6.667, 0.772];[1, 0];
[0.447, 14.0, 7.333, 0.792];[0.448, 15.667, 12.667, 0.812];[0, 1];
[0.41, 15.333, 9.333, 0.633];[0.386, 15.333, 15.0, 0.745];[1, 0];
[0.421, 11.667, 9.667, 0.91];[0.452, 14.667, 12.667, 0.795];[0, 1];
[0.494, 11.667, 9.667, 0.746];[0.423, 15.667, 12.0, 0.691];[1, 0];
[0.517, 14.667, 9.667, 0.8];[0.438, 12.333, 12.333, 0.81];[1, 0];
[0.418, 13.667, 14.333, 0.831];[0.464, 15.0, 10.667, 0.797];[0, 1];
[0.439, 13.667, 11.0, 0.786];[0.434, 12.667, 15.333, 0.694];[0, 1];
[0.461, 13.333, 10.667, 0.78];[0.459, 11.667, 10.0, 0.856];[0, 1];
[0.496, 12.667, 13.0, 0.791];[0.454, 11.0, 9.667, 0.748];[1, 0];
[0.453, 10.333, 11.333, 0.767];[0.453, 17.667, 9.667, 0.693];[0, 1];
[0.497, 12.667, 10.0, 0.792];[0.462, 12.667, 15.333, 0.806];[1, 0];
[0.434, 10.0, 11.0, 0.761];[0.509, 14.0, 13.667, 0.755];[0, 1];
[0.468, 9.333, 9.333, 0.78];[0.478, 11.333, 11.0, 0.76];[1, 0];
[0.441, 14.0, 10.0, 0.728];[0.421, 15.333, 11.333, 0.621];[0, 1];
[0.389, 14.333, 15.333, 0.767];[0.462, 14.0, 11.667, 0.794];[0, 1];
[0.439, 12.0, 10.333, 0.901];[0.47, 15.333, 9.667, 0.737];[1, 0];
[0.444, 21.333, 12.333, 0.818];[0.488, 10.333, 6.0, 0.787];[1, 0];
[0.388, 12.0, 9.667, 0.76];[0.491, 19.0, 7.333, 0.751];[0, 1];
[0.464, 14.0, 7.333, 0.773];[0.443, 13.667, 8.0, 0.717];[0, 1];
[0.46, 12.333, 8.0, 0.8];[0.533, 12.667, 7.667, 0.765];[1, 0];
[0.455, 14.0, 9.0, 0.648];[0.442, 11.0, 10.333, 0.688];[0, 1];
[0.422, 17.667, 12.0, 0.71];[0.47, 21.667, 8.0, 0.753];[1, 0];
[0.486, 12.333, 7.333, 0.635];[0.431, 13.667, 9.667, 0.682];[0, 1];
[0.461, 11.0, 8.667, 0.752];[0.416, 13.333, 11.0, 0.726];[1, 0];
[0.422, 9.667, 9.667, 0.74];[0.476, 16.667, 8.0, 0.778];[1, 0];
[0.418, 14.333, 13.0, 0.767];[0.458, 13.0, 10.0, 0.706];[0, 1];
[0.47, 13.0, 10.667, 0.685];[0.48, 14.0, 8.667, 0.72];[1, 0];
[0.474, 13.0, 11.0, 0.655];[0.42, 11.667, 7.333, 0.788];[0, 1];
[0.426, 21.667, 12.0, 0.813];[0.491, 19.333, 8.0, 0.713];[1, 0];
[0.459, 10.333, 10.0, 0.613];[0.454, 14.667, 10.667, 0.774];[1, 0];
[0.46, 12.667, 10.667, 0.762];[0.428, 10.667, 9.0, 0.73];[0, 1];
[0.433, 15.333, 13.667, 0.684];[0.483, 16.667, 9.333, 0.846];[1, 0];
[0.416, 12.0, 7.0, 0.817];[0.418, 19.667, 8.667, 0.668];[0, 1];
[0.455, 9.667, 13.333, 0.757];[0.483, 11.333, 13.667, 0.756];[1, 0];
[0.493, 9.333, 11.0, 0.797];[0.418, 11.333, 8.333, 0.831];[1, 0];
[0.474, 13.333, 10.0, 0.82];[0.467, 14.333, 14.667, 0.779];[0, 1];
[0.417, 11.333, 16.333, 0.762];[0.413, 14.333, 10.0, 0.829];[1, 0];
[0.43, 13.0, 13.667, 0.745];[0.462, 11.667, 10.0, 0.786];[0, 1];
[0.448, 13.667, 13.0, 0.736];[0.472, 15.0, 12.667, 0.703];[0, 1];
[0.465, 15.333, 6.333, 0.639];[0.434, 16.0, 15.0, 0.889];[1, 0];
[0.447, 15.667, 8.667, 0.775];[0.486, 11.667, 8.333, 0.753];[1, 0];
[0.415, 15.333, 13.333, 0.676];[0.493, 14.667, 8.667, 0.856];[1, 0];
[0.42, 10.0, 6.333, 0.845];[0.441, 9.0, 8.333, 0.857];[0, 1];
[0.409, 15.667, 11.0, 0.71];[0.415, 13.667, 11.667, 0.683];[0, 1];
[0.478, 8.667, 6.333, 0.777];[0.493, 10.667, 9.667, 0.737];[0, 1];
[0.414, 14.667, 8.0, 0.819];[0.468, 9.667, 8.333, 0.826];[0, 1];
[0.485, 15.0, 10.0, 0.797];[0.477, 14.333, 10.667, 0.837];[1, 0];
[0.433, 9.667, 7.667, 0.781];[0.464, 11.667, 10.333, 0.828];[0, 1];
[0.413, 10.333, 13.0, 0.798];[0.432, 13.667, 13.0, 0.899];[1, 0];
[0.522, 15.667, 9.333, 0.69];[0.476, 19.0, 15.0, 0.702];[1, 0];
[0.472, 9.667, 13.333, 0.816];[0.478, 14.0, 11.333, 0.7];[1, 0];
[0.467, 14.333, 10.333, 0.683];[0.493, 18.667, 7.0, 0.771];[0, 1];
[0.432, 16.667, 9.667, 0.788];[0.463, 18.0, 10.0, 0.68];[1, 0];
[0.436, 18.333, 11.667, 0.772];[0.452, 10.667, 12.333, 0.639];[1, 0];
[0.422, 14.333, 11.333, 0.768];[0.43, 11.667, 14.333, 0.836];[1, 0];
[0.446, 13.0, 10.0, 0.758];[0.452, 8.667, 7.667, 0.799];[1, 0];
[0.495, 11.0, 9.667, 0.68];[0.414, 10.333, 10.333, 0.732];[1, 0];
[0.496, 17.333, 12.0, 0.744];[0.388, 14.667, 11.667, 0.78];[1, 0];
[0.515, 14.0, 9.0, 0.769];[0.511, 13.0, 9.667, 0.775];[0, 1];
[0.456, 12.0, 10.667, 0.687];[0.378, 11.333, 14.0, 0.657];[1, 0];
[0.486, 15.667, 9.333, 0.728];[0.426, 14.0, 13.0, 0.789];[0, 1];
[0.434, 17.0, 7.333, 0.817];[0.492, 10.0, 11.667, 0.831];[1, 0];
[0.433, 15.333, 10.667, 0.807];[0.516, 17.0, 8.333, 0.704];[1, 0];
[0.506, 10.0, 6.333, 0.691];[0.458, 8.0, 7.667, 0.684];[1, 0];
[0.429, 12.667, 13.667, 0.697];[0.458, 10.667, 9.0, 0.798];[0, 1];
[0.427, 12.667, 13.0, 0.761];[0.475, 14.0, 13.0, 0.687];[1, 0];
[0.472, 18.333, 10.667, 0.77];[0.414, 13.0, 13.0, 0.772];[1, 0];
[0.468, 12.667, 11.667, 0.815];[0.434, 14.333, 11.0, 0.654];[1, 0];
[0.416, 15.667, 9.667, 0.875];[0.443, 12.333, 10.0, 0.741];[0, 1];
[0.42, 10.333, 14.0, 0.783];[0.442, 14.333, 8.333, 0.775];[0, 1];
[0.466, 14.0, 11.0, 0.604];[0.473, 16.0, 9.667, 0.706];[1, 0];
[0.443, 13.333, 8.0, 0.76];[0.448, 10.0, 10.333, 0.817];[1, 0];
[0.431, 11.0, 9.333, 0.818];[0.47, 12.0, 11.333, 0.799];[0, 1];
[0.472, 15.333, 12.667, 0.769];[0.45, 14.333, 10.0, 0.754];[1, 0];
[0.48, 12.667, 10.667, 0.798];[0.482, 13.333, 9.333, 0.698];[0, 1];
[0.414, 14.0, 13.667, 0.702];[0.466, 15.333, 13.0, 0.715];[1, 0];
[0.461, 13.333, 7.0, 0.699];[0.436, 11.333, 11.0, 0.668];[0, 1];
[0.462, 18.0, 8.333, 0.817];[0.427, 12.333, 10.0, 0.618];[1, 0];
[0.44, 12.0, 11.667, 0.602];[0.537, 17.333, 8.0, 0.742];[0, 1];
[0.457, 13.667, 9.667, 0.627];[0.435, 12.333, 11.0, 0.678];[1, 0];
[0.432, 17.333, 10.333, 0.72];[0.482, 14.667, 8.667, 0.806];[0, 1];
[0.485, 14.0, 8.667, 0.643];[0.439, 14.333, 15.667, 0.753];[0, 1];
[0.403, 18.667, 11.333, 0.848];[0.415, 20.333, 11.333, 0.697];[0, 1];
[0.459, 14.667, 10.0, 0.632];[0.432, 10.0, 12.0, 0.78];[0, 1];
[0.529, 8.0, 7.333, 0.791];[0.457, 8.667, 7.333, 0.627];[0, 1];
[0.452, 14.667, 9.0, 0.766];[0.422, 17.333, 10.0, 0.718];[1, 0];
[0.552, 10.333, 8.333, 0.737];[0.434, 10.667, 11.0, 0.799];[1, 0];
[0.41, 12.0, 5.0, 0.739];[0.482, 12.667, 10.0, 0.704];[0, 1];
[0.464, 13.667, 11.333, 0.825];[0.441, 16.333, 13.333, 0.664];[1, 0];
[0.506, 12.0, 6.0, 0.838];[0.48, 11.0, 11.667, 0.734];[0, 1];
[0.488, 15.0, 12.333, 0.797];[0.484, 11.0, 9.333, 0.715];[1, 0];
[0.47, 16.333, 12.667, 0.786];[0.443, 9.333, 11.667, 0.66];[0, 1];
[0.476, 14.0, 11.333, 0.781];[0.466, 9.667, 11.0, 0.776];[1, 0];
[0.451, 12.667, 8.333, 0.794];[0.419, 16.0, 10.0, 0.679];[1, 0];
[0.436, 11.0, 9.667, 0.806];[0.497, 16.0, 7.667, 0.775];[0, 1];
[0.419, 10.667, 10.667, 0.763];[0.466, 15.0, 12.0, 0.677];[0, 1];
[0.5, 15.0, 7.333, 0.796];[0.41, 12.333, 17.333, 0.726];[1, 0];
[0.475, 13.0, 9.333, 0.749];[0.386, 10.667, 12.333, 0.759];[0, 1];
[0.437, 15.333, 10.333, 0.794];[0.442, 18.0, 10.667, 0.782];[1, 0];
[0.451, 14.333, 7.333, 0.793];[0.426, 15.0, 11.333, 0.682];[1, 0];
[0.426, 13.333, 11.0, 0.796];[0.46, 15.0, 9.333, 0.688];[0, 1];
[0.447, 12.667, 12.667, 0.727];[0.524, 15.333, 9.0, 0.681];[0, 1];
[0.465, 15.333, 12.667, 0.76];[0.443, 16.333, 14.0, 0.712];[0, 1];
[0.449, 15.667, 10.333, 0.813];[0.503, 15.0, 9.333, 0.72];[1, 0];
[0.446, 17.333, 13.0, 0.638];[0.416, 14.0, 15.333, 0.682];[1, 0];
[0.554, 20.0, 12.0, 0.857];[0.42, 10.0, 14.0, 0.886];[1, 0];
[0.441, 14.333, 12.667, 0.859];[0.4, 11.667, 10.0, 0.791];[0, 1];
[0.502, 11.0, 10.0, 0.64];[0.461, 14.667, 9.0, 0.764];[0, 1];
[0.426, 14.333, 14.333, 0.823];[0.431, 18.667, 13.667, 0.797];[0, 1];
[0.411, 11.0, 12.333, 0.724];[0.48, 12.333, 8.333, 0.735];[0, 1];
[0.49, 11.333, 13.667, 0.791];[0.514, 9.0, 8.333, 0.81];[1, 0];
[0.466, 14.667, 10.667, 0.747];[0.419, 15.0, 11.667, 0.673];[1, 0];
[0.443, 14.667, 9.0, 0.783];[0.411, 16.333, 9.333, 0.78];[0, 1];
[0.41, 14.0, 13.0, 0.642];[0.421, 16.0, 15.333, 0.77];[1, 0];
[0.437, 17.0, 13.0, 0.688];[0.462, 15.667, 15.333, 0.799];[1, 0];
[0.434, 11.667, 9.333, 0.78];[0.419, 10.333, 9.0, 0.726];[0, 1];
[0.499, 15.667, 11.0, 0.781];[0.445, 14.0, 11.333, 0.685];[1, 0];
[0.448, 17.0, 11.667, 0.687];[0.474, 11.333, 8.333, 0.732];[0, 1];
[0.534, 15.0, 10.0, 0.772];[0.408, 15.0, 10.0, 0.647];[1, 0];
[0.474, 14.0, 10.667, 0.679];[0.506, 15.0, 8.667, 0.706];[1, 0];
[0.496, 12.667, 11.667, 0.749];[0.409, 12.333, 17.333, 0.723];[1, 0];
[0.441, 12.667, 9.0, 0.689];[0.534, 12.667, 7.0, 0.754];[0, 1];
[0.426, 11.333, 12.0, 0.716];[0.411, 11.0, 14.0, 0.725];[1, 0];
[0.457, 12.0, 8.333, 0.799];[0.437, 13.333, 12.0, 0.604];[1, 0];
[0.504, 13.333, 10.333, 0.786];[0.483, 13.667, 11.667, 0.704];[1, 0];
[0.464, 12.333, 10.333, 0.696];[0.484, 12.667, 11.667, 0.72];[0, 1];
[0.448, 12.333, 11.333, 0.716];[0.487, 15.0, 9.333, 0.79];[0, 1];
[0.468, 11.333, 16.333, 0.712];[0.472, 16.0, 15.0, 0.827];[1, 0];
[0.455, 10.0, 10.667, 0.735];[0.437, 18.333, 12.667, 0.732];[1, 0];
[0.45, 15.333, 9.333, 0.681];[0.443, 14.333, 15.0, 0.755];[0, 1];
[0.427, 12.667, 10.667, 0.694];[0.461, 11.333, 12.0, 0.813];[1, 0];
[0.394, 18.0, 11.0, 0.637];[0.455, 14.667, 8.333, 0.841];[0, 1];
[0.476, 14.0, 11.0, 0.806];[0.426, 9.0, 5.333, 0.795];[1, 0];
[0.468, 14.667, 11.667, 0.692];[0.485, 15.0, 9.667, 0.633];[1, 0];
[0.441, 14.0, 10.0, 0.707];[0.419, 10.667, 11.333, 0.802];[1, 0];
[0.463, 15.333, 11.0, 0.794];[0.438, 13.333, 8.667, 0.737];[0, 1];
[0.461, 9.333, 10.333, 0.843];[0.382, 11.333, 11.0, 0.847];[0, 1];
[0.38, 14.667, 10.667, 0.828];[0.417, 14.0, 13.0, 0.607];[1, 0];
[0.504, 13.333, 7.667, 0.724];[0.469, 12.667, 11.667, 0.645];[1, 0];
[0.474, 12.667, 11.0, 0.792];[0.468, 14.0, 11.333, 0.669];[0, 1];
[0.491, 18.667, 12.0, 0.737];[0.392, 15.333, 10.0, 0.69];[1, 0];
[0.414, 16.0, 13.333, 0.788];[0.468, 12.333, 10.667, 0.714];[0, 1];
[0.46, 12.333, 10.0, 0.785];[0.511, 12.0, 7.667, 0.695];[1, 0];
[0.454, 21.0, 10.0, 0.79];[0.448, 15.0, 9.667, 0.719];[0, 1];
[0.443, 18.333, 12.0, 0.808];[0.474, 12.333, 8.333, 0.668];[0, 1];
[0.395, 12.333, 14.667, 0.796];[0.461, 13.333, 11.667, 0.696];[0, 1];
[0.439, 15.333, 8.667, 0.783];[0.516, 15.0, 8.667, 0.705];[0, 1];
[0.453, 13.0, 12.667, 0.596];[0.427, 15.333, 10.0, 0.769];[1, 0];
[0.476, 11.667, 9.333, 0.878];[0.403, 15.0, 10.667, 0.699];[0, 1];
[0.423, 10.667, 12.0, 0.833];[0.419, 13.667, 13.333, 0.743];[0, 1];
[0.485, 15.0, 8.0, 0.741];[0.458, 12.0, 9.0, 0.678];[0, 1];
[0.441, 15.0, 8.0, 0.734];[0.474, 11.667, 9.667, 0.757];[0, 1];
[0.463, 12.0, 10.0, 0.656];[0.503, 16.0, 9.667, 0.735];[0, 1];
[0.395, 13.667, 15.0, 0.725];[0.412, 11.333, 11.667, 0.71];[1, 0];
[0.443, 16.333, 16.667, 0.753];[0.462, 14.667, 11.333, 0.815];[0, 1];
[0.439, 12.667, 11.333, 0.808];[0.437, 14.667, 14.333, 0.747];[0, 1];
[0.455, 14.0, 12.0, 0.723];[0.45, 15.667, 10.0, 0.741];[1, 0];
[0.426, 13.667, 11.667, 0.722];[0.461, 14.333, 9.333, 0.798];[0, 1];
[0.418, 17.667, 9.333, 0.747];[0.478, 13.667, 12.333, 0.662];[1, 0];
[0.484, 11.333, 13.0, 0.74];[0.447, 18.333, 7.667, 0.906];[0, 1];
[0.476, 12.333, 9.0, 0.687];[0.416, 13.667, 11.333, 0.783];[1, 0];
[0.411, 19.333, 10.667, 0.835];[0.383, 15.0, 17.333, 0.844];[0, 1];
[0.534, 13.333, 10.667, 0.784];[0.44, 11.667, 13.667, 0.731];[0, 1];
[0.447, 16.0, 7.333, 0.834];[0.39, 12.333, 10.333, 0.655];[1, 0];
[0.465, 18.333, 7.667, 0.831];[0.483, 13.667, 10.0, 0.854];[0, 1];
[0.365, 11.0, 7.333, 0.813];[0.458, 14.0, 8.0, 0.703];[0, 1];
[0.46, 17.0, 9.0, 0.816];[0.47, 19.333, 10.333, 0.613];[0, 1];
[0.405, 11.333, 10.333, 0.635];[0.479, 10.667, 7.0, 0.714];[0, 1];
[0.479, 13.667, 7.667, 0.668];[0.475, 13.0, 9.333, 0.776];[0, 1];
[0.427, 16.333, 9.333, 0.718];[0.454, 10.333, 8.0, 0.708];[0, 1];
[0.472, 8.667, 11.333, 0.763];[0.408, 11.333, 11.333, 0.755];[1, 0];
[0.411, 13.333, 11.0, 0.607];[0.473, 9.667, 8.667, 0.807];[0, 1];
[0.447, 14.0, 9.667, 0.85];[0.409, 13.0, 10.333, 0.818];[1, 0];
[0.472, 14.333, 9.0, 0.666];[0.463, 14.333, 7.333, 0.781];[1, 0];
[0.443, 10.0, 11.0, 0.844];[0.464, 17.667, 10.667, 0.707];[1, 0];
[0.494, 14.667, 8.0, 0.75];[0.465, 16.667, 11.667, 0.81];[0, 1];
[0.501, 14.333, 8.0, 0.824];[0.441, 14.0, 10.0, 0.803];[1, 0];
[0.455, 10.667, 12.333, 0.641];[0.439, 13.333, 10.667, 0.63];[1, 0];
[0.472, 16.667, 10.0, 0.704];[0.385, 6.667, 11.667, 0.783];[0, 1];
[0.452, 12.0, 8.333, 0.732];[0.472, 15.0, 9.0, 0.72];[1, 0];
[0.467, 16.0, 11.0, 0.728];[0.453, 14.0, 7.0, 0.717];[1, 0];
[0.414, 14.333, 10.0, 0.761];[0.454, 15.667, 11.0, 0.784];[0, 1];
[0.434, 15.333, 12.667, 0.933];[0.394, 10.0, 13.667, 0.806];[0, 1];
[0.477, 12.0, 10.333, 0.838];[0.47, 11.333, 12.333, 0.754];[0, 1];
[0.452, 13.667, 9.0, 0.761];[0.432, 17.0, 11.333, 0.791];[1, 0];
[0.463, 13.333, 7.333, 0.785];[0.464, 12.667, 10.0, 0.69];[1, 0];
[0.446, 17.0, 12.667, 0.748];[0.415, 14.667, 12.0, 0.723];[1, 0];
[0.41, 12.0, 8.333, 0.779];[0.519, 15.333, 6.667, 0.845];[0, 1];
[0.45, 16.0, 8.667, 0.734];[0.491, 14.333, 7.667, 0.747];[0, 1];
[0.493, 14.667, 8.667, 0.808];[0.441, 13.667, 9.667, 0.684];[0, 1];
[0.485, 14.0, 10.333, 0.655];[0.46, 15.0, 12.667, 0.698];[1, 0];
[0.431, 17.667, 11.333, 0.694];[0.481, 17.667, 10.0, 0.726];[0, 1];
[0.404, 12.667, 15.0, 0.716];[0.483, 10.0, 7.333, 0.798];[0, 1];
[0.425, 13.0, 11.333, 0.755];[0.397, 15.0, 10.333, 0.759];[1, 0];
[0.418, 13.667, 12.0, 0.637];[0.418, 12.333, 13.0, 0.888];[0, 1];
[0.43, 13.667, 8.667, 0.707];[0.487, 13.0, 11.333, 0.771];[0, 1];
[0.435, 13.333, 13.0, 0.723];[0.458, 14.667, 7.333, 0.764];[0, 1];
[0.477, 10.667, 12.667, 0.728];[0.424, 15.0, 13.667, 0.694];[1, 0];
[0.44, 8.0, 12.333, 0.846];[0.443, 12.333, 12.333, 0.668];[0, 1];
[0.476, 13.667, 9.667, 0.686];[0.433, 12.0, 7.333, 0.74];[1, 0];
[0.51, 10.667, 8.333, 0.716];[0.442, 17.667, 12.0, 0.792];[1, 0];
[0.473, 13.333, 11.0, 0.76];[0.46, 13.667, 10.333, 0.788];[1, 0];
[0.419, 10.333, 9.667, 0.621];[0.442, 15.0, 11.333, 0.73];[1, 0];
[0.416, 12.0, 10.667, 0.806];[0.477, 14.0, 11.333, 0.784];[1, 0];
[0.501, 11.333, 9.0, 0.755];[0.449, 11.333, 8.667, 0.775];[1, 0];
[0.484, 12.333, 11.667, 0.807];[0.418, 13.0, 9.333, 0.768];[1, 0];
[0.458, 14.667, 10.0, 0.774];[0.44, 16.333, 13.0, 0.785];[1, 0];
[0.488, 11.333, 12.0, 0.825];[0.43, 11.667, 12.0, 0.768];[0, 1];
[0.438, 13.333, 10.667, 0.7];[0.405, 13.667, 10.667, 0.801];[0, 1];
[0.454, 14.667, 9.333, 0.681];[0.575, 13.0, 4.667, 0.693];[0, 1];
[0.412, 13.333, 7.0, 0.772];[0.468, 15.333, 9.0, 0.703];[1, 0];
[0.458, 14.0, 8.0, 0.773];[0.48, 16.333, 11.0, 0.694];[0, 1];
[0.512, 15.333, 8.0, 0.805];[0.414, 19.333, 13.667, 0.779];[0, 1];
[0.491, 17.667, 9.667, 0.65];[0.447, 10.0, 12.333, 0.788];[0, 1];
[0.484, 16.667, 7.333, 0.777];[0.444, 12.667, 11.667, 0.745];[0, 1];
[0.415, 20.0, 15.667, 0.667];[0.357, 17.667, 13.333, 0.721];[1, 0];
[0.439, 19.0, 11.333, 0.679];[0.468, 13.333, 8.667, 0.774];[1, 0];
[0.375, 18.0, 11.0, 0.772];[0.404, 10.667, 12.333, 0.62];[0, 1];
[0.446, 12.333, 9.333, 0.852];[0.454, 12.667, 10.667, 0.741];[0, 1];
[0.42, 11.0, 17.0, 0.573];[0.506, 13.0, 11.333, 0.778];[0, 1];
[0.491, 14.333, 10.667, 0.684];[0.439, 12.667, 10.667, 0.761];[0, 1];
[0.457, 16.0, 10.667, 0.711];[0.479, 8.667, 11.667, 0.758];[1, 0];
[0.467, 14.333, 9.667, 0.753];[0.486, 17.333, 11.333, 0.83];[0, 1];
[0.488, 13.333, 10.333, 0.781];[0.486, 7.667, 11.333, 0.705];[1, 0];
[0.435, 13.0, 12.333, 0.779];[0.414, 11.0, 12.667, 0.761];[0, 1];
[0.444, 11.667, 9.667, 0.712];[0.457, 13.333, 10.667, 0.844];[1, 0];
[0.434, 13.667, 11.667, 0.668];[0.473, 14.333, 9.333, 0.789];[0, 1];
[0.44, 13.667, 10.667, 0.687];[0.484, 12.333, 7.0, 0.793];[1, 0];
[0.446, 13.667, 13.333, 0.721];[0.475, 15.333, 10.667, 0.806];[1, 0];
[0.466, 13.333, 7.667, 0.685];[0.453, 16.667, 11.333, 0.878];[0, 1];
[0.526, 14.667, 10.333, 0.694];[0.429, 13.667, 12.0, 0.622];[1, 0];
[0.407, 12.0, 16.333, 0.852];[0.438, 11.333, 12.667, 0.695];[1, 0];
[0.407, 11.0, 13.667, 0.76];[0.465, 11.667, 9.0, 0.707];[1, 0];
[0.447, 12.0, 11.0, 0.818];[0.41, 12.667, 17.0, 0.748];[1, 0];
[0.412, 13.0, 8.0, 0.778];[0.455, 15.0, 9.667, 0.874];[1, 0];
[0.441, 10.333, 14.0, 0.742];[0.453, 13.0, 9.0, 0.702];[1, 0];
[0.479, 16.0, 8.0, 0.711];[0.462, 16.0, 10.333, 0.745];[0, 1];
[0.372, 10.667, 9.333, 0.71];[0.482, 10.333, 9.667, 0.764];[0, 1];
[0.441, 16.333, 11.667, 0.785];[0.52, 11.667, 10.667, 0.747];[0, 1];
[0.449, 12.333, 9.0, 0.806];[0.456, 13.333, 11.0, 0.783];[0, 1];
[0.44, 10.667, 12.0, 0.682];[0.475, 13.667, 9.667, 0.662];[0, 1];
[0.438, 13.667, 7.333, 0.774];[0.482, 14.333, 10.333, 0.634];[0, 1];
[0.381, 16.333, 13.667, 0.7];[0.467, 16.0, 10.333, 0.758];[0, 1];
[0.432, 15.667, 10.333, 0.813];[0.409, 11.333, 14.0, 0.778];[0, 1];
[0.45, 15.0, 10.667, 0.705];[0.468, 16.0, 9.667, 0.762];[1, 0];
[0.413, 14.0, 13.0, 0.742];[0.504, 12.667, 9.667, 0.757];[0, 1];
[0.488, 12.0, 6.0, 0.769];[0.494, 16.0, 9.0, 0.69];[0, 1];
[0.433, 11.333, 8.667, 0.84];[0.473, 14.333, 9.667, 0.756];[0, 1];
[0.399, 13.333, 13.667, 0.722];[0.439, 9.667, 12.0, 0.832];[0, 1];
[0.431, 16.0, 7.0, 0.844];[0.391, 13.0, 12.667, 0.774];[0, 1];
[0.395, 12.667, 9.0, 0.836];[0.455, 12.667, 10.0, 0.748];[1, 0];
[0.514, 11.0, 10.0, 0.831];[0.35, 21.667, 14.0, 0.601];[1, 0];
[0.464, 11.333, 11.0, 0.825];[0.502, 15.0, 14.0, 0.76];[1, 0];
[0.457, 12.333, 6.0, 0.697];[0.48, 9.333, 7.333, 0.789];[0, 1];
[0.479, 15.667, 10.333, 0.704];[0.46, 18.0, 8.0, 0.71];[1, 0];
[0.514, 18.0, 3.0, 0.75];[0.473, 11.0, 7.333, 0.776];[0, 1];
[0.422, 9.0, 15.333, 0.737];[0.472, 15.333, 10.333, 0.594];[1, 0];
[0.448, 16.333, 15.0, 0.786];[0.446, 15.667, 10.0, 0.693];[0, 1];
[0.468, 15.667, 9.667, 0.649];[0.44, 16.667, 8.333, 0.836];[0, 1];
[0.444, 16.667, 13.0, 0.727];[0.403, 14.333, 10.0, 0.709];[0, 1];
[0.481, 15.333, 8.0, 0.772];[0.422, 16.667, 11.0, 0.873];[0, 1];
[0.47, 14.0, 9.333, 0.725];[0.427, 13.333, 13.667, 0.827];[1, 0];
[0.457, 11.667, 15.0, 0.733];[0.423, 12.667, 10.0, 0.839];[1, 0];
[0.479, 10.667, 9.333, 0.679];[0.476, 13.667, 9.333, 0.7];[1, 0];
[0.438, 14.333, 12.333, 0.764];[0.417, 11.667, 14.667, 0.648];[1, 0];
[0.444, 12.333, 9.667, 0.85];[0.444, 18.0, 17.667, 0.842];[1, 0];
[0.407, 13.667, 10.667, 0.678];[0.432, 13.333, 15.333, 0.82];[1, 0];
[0.459, 14.0, 12.0, 0.738];[0.509, 16.0, 7.667, 0.706];[0, 1];
[0.402, 13.0, 15.333, 0.789];[0.468, 14.667, 9.667, 0.845];[0, 1];
[0.408, 14.0, 15.0, 0.864];[0.475, 13.667, 10.333, 0.743];[0, 1];
[0.477, 12.667, 9.667, 0.732];[0.403, 16.0, 13.333, 0.684];[1, 0];
[0.478, 13.0, 10.333, 0.7];[0.431, 15.667, 10.667, 0.684];[1, 0];
[0.466, 14.333, 9.0, 0.704];[0.449, 11.333, 11.0, 0.759];[0, 1];
[0.426, 17.333, 7.667, 0.66];[0.428, 12.0, 12.0, 0.79];[0, 1];
[0.491, 12.0, 7.0, 0.667];[0.418, 14.667, 12.333, 0.58];[1, 0];
[0.452, 13.333, 9.333, 0.703];[0.467, 12.0, 10.333, 0.873];[0, 1];
[0.419, 13.667, 13.667, 0.616];[0.467, 10.333, 8.0, 0.876];[0, 1];
[0.406, 12.333, 15.0, 0.687];[0.489, 14.667, 8.667, 0.729];[0, 1];
[0.479, 13.667, 10.667, 0.844];[0.48, 13.0, 9.333, 0.752];[0, 1];
[0.493, 12.0, 8.0, 0.729];[0.475, 15.667, 9.333, 0.758];[1, 0];
[0.425, 13.0, 11.0, 0.781];[0.469, 17.667, 8.667, 0.699];[1, 0];
[0.44, 17.0, 10.667, 0.75];[0.441, 13.667, 12.333, 0.634];[0, 1];
[0.399, 11.0, 12.667, 0.694];[0.413, 14.667, 11.667, 0.786];[1, 0];
[0.433, 13.667, 11.0, 0.675];[0.446, 13.333, 6.667, 0.848];[0, 1];
[0.407, 10.667, 10.333, 0.679];[0.462, 12.667, 12.667, 0.66];[0, 1];
[0.434, 14.0, 12.333, 0.776];[0.457, 10.0, 8.0, 0.757];[1, 0];
[0.383, 13.667, 13.667, 0.75];[0.453, 10.667, 10.667, 0.708];[0, 1];
[0.469, 16.333, 12.667, 0.758];[0.47, 18.333, 7.667, 0.835];[0, 1];
[0.43, 15.0, 12.0, 0.624];[0.449, 17.0, 11.333, 0.722];[0, 1];
[0.403, 11.333, 13.333, 0.693];[0.397, 14.667, 10.333, 0.791];[1, 0];
[0.441, 14.667, 6.667, 0.789];[0.404, 13.333, 8.333, 0.731];[0, 1];
[0.416, 14.333, 14.333, 0.694];[0.427, 12.667, 14.333, 0.688];[1, 0];
[0.446, 13.333, 14.667, 0.841];[0.43, 14.0, 9.0, 0.824];[0, 1];
[0.51, 10.333, 10.333, 0.651];[0.463, 15.333, 10.667, 0.896];[1, 0];
[0.414, 17.667, 9.667, 0.79];[0.423, 15.333, 12.0, 0.721];[0, 1];
[0.476, 9.667, 11.667, 0.726];[0.404, 13.333, 9.333, 0.713];[0, 1];
[0.436, 18.667, 10.333, 0.723];[0.482, 16.333, 9.333, 0.732];[1, 0];
[0.512, 20.667, 11.0, 0.833];[0.449, 12.667, 8.667, 0.822];[1, 0];
[0.43, 12.0, 14.0, 0.824];[0.44, 11.0, 10.333, 0.661];[1, 0];
[0.473, 11.0, 7.333, 0.775];[0.442, 11.667, 6.667, 0.748];[1, 0];
[0.441, 16.667, 8.333, 0.791];[0.42, 17.333, 11.667, 0.761];[1, 0];
[0.49, 16.333, 15.0, 0.81];[0.444, 15.0, 11.667, 0.684];[0, 1];
[0.425, 11.0, 13.333, 0.643];[0.415, 9.333, 12.667, 0.784];[1, 0];
[0.442, 10.667, 9.0, 0.767];[0.475, 16.667, 9.0, 0.742];[0, 1];
[0.494, 13.667, 8.0, 0.727];[0.395, 14.667, 13.667, 0.774];[1, 0];
[0.454, 14.333, 8.667, 0.716];[0.435, 11.0, 11.333, 0.763];[0, 1];
[0.487, 10.667, 4.667, 0.815];[0.391, 9.0, 12.667, 0.773];[0, 1];
[0.426, 14.667, 10.333, 0.739];[0.481, 12.0, 11.0, 0.78];[1, 0];
[0.423, 15.333, 13.667, 0.704];[0.411, 12.667, 13.667, 0.707];[1, 0];
[0.482, 18.0, 10.333, 0.718];[0.398, 16.333, 10.0, 0.711];[1, 0];
[0.397, 11.667, 11.333, 0.786];[0.462, 10.333, 9.667, 0.742];[0, 1];
[0.438, 15.333, 14.0, 0.783];[0.452, 13.0, 12.0, 0.722];[1, 0];
[0.457, 14.0, 6.333, 0.755];[0.455, 13.0, 13.333, 0.632];[0, 1];
[0.47, 12.0, 7.0, 0.722];[0.461, 12.0, 9.667, 0.796];[1, 0];
[0.442, 19.0, 12.0, 0.831];[0.435, 10.667, 10.333, 0.729];[0, 1];
[0.475, 12.333, 10.0, 0.863];[0.461, 16.667, 15.667, 0.826];[1, 0];
[0.467, 12.333, 10.0, 0.677];[0.38, 9.667, 16.0, 0.752];[1, 0];
[0.442, 11.333, 11.0, 0.653];[0.508, 14.333, 10.667, 0.764];[1, 0];
[0.473, 12.333, 10.0, 0.779];[0.478, 12.0, 10.667, 0.798];[1, 0];
[0.48, 13.333, 9.333, 0.684];[0.457, 13.667, 9.0, 0.812];[1, 0];
[0.46, 12.667, 9.667, 0.765];[0.457, 16.667, 9.667, 0.752];[0, 1];
[0.436, 13.0, 14.0, 0.767];[0.41, 13.0, 8.667, 0.785];[0, 1];
[0.409, 12.333, 12.333, 0.737];[0.468, 11.667, 14.333, 0.753];[0, 1];
[0.415, 17.0, 12.333, 0.754];[0.484, 10.0, 10.333, 0.841];[1, 0];
[0.499, 13.667, 6.667, 0.639];[0.472, 12.0, 11.333, 0.698];[1, 0];
[0.408, 18.333, 12.0, 0.816];[0.431, 15.667, 10.667, 0.779];[1, 0];
[0.449, 14.0, 12.333, 0.787];[0.453, 11.0, 9.0, 0.767];[0, 1];
[0.445, 11.667, 7.0, 0.849];[0.473, 14.333, 8.667, 0.721];[1, 0];
[0.418, 14.0, 12.0, 0.651];[0.43, 10.333, 11.0, 0.792];[1, 0];
[0.424, 14.333, 11.333, 0.72];[0.472, 15.0, 11.667, 0.715];[0, 1];
[0.377, 16.0, 15.333, 0.723];[0.463, 10.667, 11.333, 0.743];[0, 1];
[0.424, 20.333, 10.0, 0.774];[0.44, 13.333, 10.667, 0.795];[1, 0];
[0.475, 20.667, 10.0, 0.709];[0.468, 12.667, 12.0, 0.708];[1, 0];
[0.422, 15.333, 8.333, 0.761];[0.432, 12.333, 15.333, 0.639];[0, 1];
[0.447, 16.667, 10.667, 0.757];[0.381, 16.0, 11.333, 0.771];[1, 0];
[0.496, 12.333, 10.333, 0.749];[0.458, 13.667, 10.333, 0.683];[1, 0];
[0.441, 11.0, 10.0, 0.776];[0.447, 13.667, 12.333, 0.729];[0, 1];
[0.458, 16.333, 10.333, 0.628];[0.47, 17.0, 10.667, 0.641];[1, 0];
[0.392, 12.0, 8.667, 0.816];[0.398, 13.333, 9.333, 0.751];[1, 0];
[0.372, 16.0, 12.0, 0.545];[0.459, 18.0, 11.0, 0.813];[0, 1];
[0.407, 12.667, 6.0, 0.816];[0.474, 16.333, 10.667, 0.728];[1, 0];
[0.443, 12.667, 8.667, 0.844];[0.429, 10.333, 11.667, 0.747];[1, 0];
[0.394, 14.333, 10.0, 0.82];[0.429, 12.333, 11.333, 0.767];[0, 1];
[0.388, 19.333, 10.0, 0.793];[0.46, 13.667, 10.0, 0.782];[0, 1];
[0.517, 12.0, 11.0, 0.579];[0.554, 20.0, 12.0, 0.857];[0, 1];
[0.429, 12.667, 12.667, 0.735];[0.479, 9.333, 6.333, 0.826];[1, 0];
[0.412, 11.667, 11.667, 0.601];[0.389, 13.0, 10.667, 0.744];[1, 0];
[0.4, 15.667, 12.667, 0.756];[0.441, 10.667, 12.0, 0.709];[1, 0];
[0.414, 13.667, 7.667, 0.725];[0.405, 12.667, 12.333, 0.75];[1, 0];
[0.441, 13.0, 14.0, 0.886];[0.39, 12.333, 10.333, 0.697];[0, 1];
[0.391, 14.333, 15.667, 0.852];[0.371, 20.333, 13.0, 0.693];[0, 1];
[0.461, 8.667, 6.667, 0.773];[0.443, 11.333, 11.667, 0.796];[1, 0];
[0.463, 14.333, 12.667, 0.747];[0.458, 15.333, 8.333, 0.749];[1, 0];
[0.445, 15.667, 12.0, 0.69];[0.464, 17.0, 14.0, 0.631];[1, 0];
[0.474, 16.0, 15.667, 0.766];[0.46, 11.667, 11.667, 0.734];[0, 1];
[0.448, 12.333, 9.667, 0.736];[0.461, 11.0, 10.667, 0.794];[0, 1];
[0.392, 14.667, 14.333, 0.72];[0.442, 13.0, 9.667, 0.82];[0, 1];
[0.433, 14.333, 12.0, 0.686];[0.369, 12.667, 12.0, 0.73];[1, 0];
[0.442, 17.667, 11.0, 0.825];[0.412, 12.333, 10.333, 0.787];[0, 1];
[0.41, 18.667, 12.667, 0.759];[0.488, 13.0, 12.0, 0.737];[1, 0];
[0.437, 13.667, 13.667, 0.73];[0.449, 16.667, 10.0, 0.749];[1, 0];
[0.369, 19.667, 11.333, 0.685];[0.394, 16.333, 10.667, 0.724];[1, 0];
[0.444, 14.667, 13.0, 0.643];[0.475, 10.0, 12.333, 0.763];[0, 1];
[0.482, 18.0, 10.333, 0.72];[0.434, 12.0, 13.333, 0.744];[0, 1];
[0.514, 18.0, 3.0, 0.75];[0.517, 12.0, 11.0, 0.579];[0, 1];
[0.435, 13.333, 11.333, 0.625];[0.482, 11.667, 9.333, 0.743];[0, 1];
[0.384, 12.0, 9.0, 0.748];[0.43, 12.0, 9.667, 0.769];[1, 0];
[0.48, 9.667, 7.0, 0.796];[0.415, 13.333, 11.667, 0.656];[0, 1];
[0.428, 12.0, 8.667, 0.757];[0.469, 16.0, 10.667, 0.802];[1, 0];
[0.447, 9.667, 7.0, 0.768];[0.403, 13.333, 14.333, 0.688];[0, 1];
[0.436, 6.667, 10.333, 0.914];[0.432, 10.0, 7.667, 0.886];[1, 0];
[0.463, 15.333, 11.667, 0.675];[0.463, 15.667, 12.667, 0.786];[1, 0];
[0.508, 14.333, 7.667, 0.786];[0.472, 10.0, 8.333, 0.694];[0, 1];
[0.415, 12.0, 12.0, 0.691];[0.442, 16.333, 12.0, 0.853];[0, 1];
[0.446, 17.333, 13.333, 0.758];[0.493, 14.333, 10.0, 0.62];[1, 0];
[0.43, 14.333, 12.667, 0.748];[0.412, 12.667, 17.0, 0.685];[0, 1];
[0.421, 11.0, 15.0, 0.764];[0.428, 10.667, 8.667, 0.622];[0, 1];
[0.485, 15.0, 9.333, 0.804];[0.392, 11.667, 13.333, 0.838];[1, 0];
[0.462, 13.333, 10.667, 0.783];[0.421, 12.333, 11.0, 0.628];[0, 1];
[0.394, 12.333, 10.0, 0.699];[0.441, 10.333, 12.667, 0.799];[0, 1];
[0.481, 11.0, 9.667, 0.8];[0.425, 13.667, 11.667, 0.768];[1, 0];
[0.401, 10.333, 10.333, 0.748];[0.4, 13.0, 14.333, 0.785];[0, 1];
[0.418, 17.333, 12.0, 0.53];[0.501, 16.333, 13.0, 0.821];[1, 0];
[0.448, 8.0, 9.333, 0.647];[0.45, 16.0, 7.333, 0.686];[1, 0];
[0.467, 15.333, 12.333, 0.786];[0.535, 10.0, 8.333, 0.771];[1, 0];
[0.443, 15.667, 11.667, 0.771];[0.428, 10.333, 12.0, 0.824];[1, 0];
[0.492, 10.0, 11.0, 0.711];[0.455, 12.667, 9.333, 0.724];[0, 1];
[0.435, 14.0, 9.667, 0.707];[0.484, 12.667, 8.667, 0.798];[0, 1];
[0.521, 13.0, 9.667, 0.812];[0.409, 12.667, 10.0, 0.765];[1, 0];
[0.478, 12.333, 11.0, 0.783];[0.422, 14.0, 13.667, 0.683];[1, 0];
[0.41, 13.333, 11.333, 0.814];[0.512, 11.0, 7.333, 0.772];[0, 1];
[0.425, 17.333, 13.667, 0.744];[0.478, 13.0, 12.0, 0.625];[0, 1];
[0.384, 20.333, 12.333, 0.599];[0.404, 9.667, 12.333, 0.779];[0, 1];
[0.472, 16.333, 11.0, 0.876];[0.46, 10.667, 14.0, 0.718];[1, 0];
[0.455, 17.333, 10.667, 0.671];[0.467, 19.333, 10.667, 0.765];[1, 0];
[0.452, 15.667, 10.0, 0.702];[0.475, 15.0, 11.667, 0.782];[1, 0];
[0.524, 11.667, 6.333, 0.742];[0.461, 12.0, 14.0, 0.759];[0, 1];
[0.46, 18.0, 9.0, 0.801];[0.464, 12.333, 8.0, 0.725];[0, 1];
[0.408, 13.0, 18.0, 0.809];[0.414, 11.333, 11.667, 0.643];[0, 1];
[0.372, 16.0, 12.0, 0.545];[0.494, 16.0, 9.0, 0.69];[0, 1];
[0.413, 12.0, 12.0, 0.749];[0.431, 15.333, 9.667, 0.672];[1, 0];
[0.495, 14.0, 11.333, 0.826];[0.401, 12.333, 11.0, 0.67];[0, 1];
[0.439, 14.667, 8.333, 0.803];[0.525, 12.333, 7.667, 0.717];[0, 1];
[0.477, 11.667, 9.0, 0.727];[0.469, 19.0, 8.0, 0.823];[1, 0];
[0.412, 14.0, 14.0, 0.728];[0.495, 16.333, 11.667, 0.686];[1, 0];
[0.487, 9.667, 10.667, 0.711];[0.394, 15.667, 10.667, 0.753];[1, 0];
[0.468, 11.667, 10.333, 0.848];[0.48, 16.0, 10.667, 0.755];[1, 0];
[0.406, 19.333, 15.333, 0.846];[0.457, 14.333, 12.0, 0.839];[1, 0];
[0.433, 13.333, 14.667, 0.78];[0.463, 16.0, 10.0, 0.796];[0, 1];
[0.462, 14.333, 10.0, 0.77];[0.477, 12.667, 7.0, 0.822];[1, 0];
[0.453, 11.667, 14.0, 0.87];[0.404, 11.0, 9.333, 0.843];[1, 0];
[0.404, 14.0, 11.333, 0.707];[0.406, 16.667, 9.0, 0.74];[0, 1];
[0.43, 12.0, 14.333, 0.797];[0.461, 10.333, 9.667, 0.769];[0, 1];
[0.399, 11.0, 11.333, 0.757];[0.421, 14.667, 13.667, 0.624];[0, 1];
[0.404, 17.333, 13.333, 0.709];[0.431, 14.667, 14.333, 0.856];[0, 1];
[0.398, 7.0, 15.0, 0.792];[0.488, 12.0, 6.0, 0.769];[0, 1];
[0.408, 9.0, 10.333, 0.772];[0.418, 12.333, 15.667, 0.835];[1, 0];
[0.38, 10.0, 10.667, 0.833];[0.459, 11.333, 10.667, 0.657];[0, 1];
[0.494, 11.333, 11.0, 0.677];[0.439, 12.0, 13.333, 0.607];[1, 0];
[0.418, 12.0, 14.0, 0.8];[0.457, 16.333, 15.667, 0.753];[0, 1];
[0.42, 14.667, 13.333, 0.831];[0.459, 13.0, 7.333, 0.695];[1, 0];
[0.41, 15.667, 11.667, 0.734];[0.432, 15.0, 10.333, 0.747];[1, 0];
[0.487, 12.667, 10.667, 0.645];[0.466, 13.0, 9.0, 0.749];[1, 0];
[0.399, 9.333, 10.667, 0.739];[0.43, 16.333, 9.333, 0.757];[1, 0];
[0.401, 12.333, 12.333, 0.709];[0.455, 15.667, 13.0, 0.726];[0, 1];
[0.452, 12.333, 10.667, 0.808];[0.404, 12.0, 11.333, 0.77];[0, 1];
[0.434, 11.667, 10.333, 0.713];[0.465, 15.667, 8.667, 0.571];[1, 0];
[0.443, 13.333, 10.667, 0.774];[0.413, 17.0, 15.333, 0.718];[1, 0];
[0.422, 9.667, 12.333, 0.82];[0.438, 12.0, 13.667, 0.722];[0, 1];
[0.435, 12.667, 12.333, 0.748];[0.471, 14.0, 12.333, 0.777];[1, 0];
[0.453, 11.667, 7.0, 0.767];[0.468, 14.667, 9.333, 0.729];[0, 1];
[0.421, 7.0, 10.0, 0.714];[0.378, 10.0, 14.0, 0.833];[0, 1];
[0.466, 18.0, 9.0, 0.716];[0.418, 11.0, 10.333, 0.769];[0, 1];
[0.422, 11.333, 14.667, 0.713];[0.47, 11.667, 11.667, 0.729];[0, 1];
[0.437, 20.333, 14.667, 0.763];[0.491, 12.0, 8.667, 0.633];[0, 1];
[0.484, 12.333, 8.667, 0.648];[0.458, 18.333, 10.0, 0.702];[1, 0];
[0.449, 11.667, 11.0, 0.798];[0.526, 14.0, 11.333, 0.762];[0, 1];
[0.472, 18.0, 9.0, 0.777];[0.425, 10.0, 9.667, 0.742];[0, 1];
[0.481, 14.333, 12.0, 0.783];[0.483, 11.333, 9.0, 0.828];[1, 0];
[0.425, 12.667, 10.333, 0.695];[0.437, 18.0, 11.333, 0.769];[0, 1];
[0.45, 12.667, 11.0, 0.83];[0.408, 14.333, 15.667, 0.67];[0, 1];
[0.397, 20.333, 13.667, 0.649];[0.495, 16.333, 6.667, 0.766];[0, 1];
[0.438, 12.0, 9.0, 0.838];[0.504, 15.333, 9.333, 0.781];[0, 1];
[0.449, 17.667, 7.333, 0.791];[0.439, 16.0, 9.333, 0.669];[1, 0];
[0.477, 16.0, 9.667, 0.705];[0.479, 12.667, 11.667, 0.769];[0, 1];
[0.406, 10.333, 12.0, 0.738];[0.415, 12.667, 12.667, 0.781];[0, 1];
[0.459, 11.667, 11.667, 0.745];[0.427, 14.333, 11.0, 0.706];[0, 1];
[0.445, 12.0, 9.0, 0.853];[0.428, 14.333, 13.333, 0.862];[0, 1];
[0.443, 9.667, 13.333, 0.78];[0.433, 13.0, 9.333, 0.77];[1, 0];
[0.429, 14.333, 11.0, 0.746];[0.488, 13.667, 10.667, 0.798];[1, 0];
[0.455, 13.333, 11.333, 0.693];[0.537, 12.0, 8.0, 0.86];[0, 1];
[0.395, 12.667, 12.667, 0.808];[0.383, 12.0, 13.667, 0.666];[1, 0];
[0.398, 14.333, 12.667, 0.733];[0.489, 18.0, 11.0, 0.768];[0, 1];
[0.492, 11.667, 12.0, 0.73];[0.424, 14.667, 13.667, 0.705];[0, 1];
[0.425, 13.0, 7.667, 0.74];[0.465, 14.667, 13.0, 0.658];[1, 0];
[0.471, 12.667, 9.333, 0.778];[0.443, 18.667, 11.0, 0.735];[1, 0];
[0.457, 12.0, 8.333, 0.785];[0.424, 14.333, 11.667, 0.653];[0, 1];
[0.461, 20.667, 9.667, 0.677];[0.456, 16.333, 13.0, 0.746];[1, 0];
[0.48, 12.0, 10.0, 0.705];[0.485, 13.667, 12.667, 0.675];[1, 0];
[0.445, 14.333, 12.0, 0.627];[0.491, 13.333, 10.667, 0.748];[1, 0];
[0.424, 14.333, 9.0, 0.885];[0.458, 14.0, 9.667, 0.726];[1, 0];
[0.469, 13.667, 7.333, 0.812];[0.408, 14.667, 11.333, 0.796];[1, 0];
[0.42, 12.667, 10.667, 0.674];[0.507, 13.0, 10.667, 0.811];[0, 1];
[0.452, 17.333, 11.667, 0.706];[0.52, 10.0, 9.333, 0.723];[0, 1];
[0.431, 19.0, 8.0, 0.779];[0.395, 13.0, 10.667, 0.767];[0, 1];
[0.438, 12.0, 12.667, 0.753];[0.492, 9.333, 10.667, 0.76];[0, 1];
[0.446, 15.333, 13.0, 0.823];[0.374, 12.667, 10.0, 0.702];[1, 0];
[0.462, 15.667, 12.667, 0.833];[0.446, 16.0, 13.667, 0.75];[1, 0];
[0.415, 12.0, 10.333, 0.671];[0.498, 17.333, 10.333, 0.766];[1, 0];
[0.395, 13.333, 12.667, 0.683];[0.422, 12.0, 7.0, 0.729];[1, 0];
[0.441, 13.667, 14.0, 0.9];[0.452, 16.0, 13.667, 0.783];[0, 1];
[0.438, 16.333, 16.333, 0.68];[0.503, 14.0, 10.333, 0.749];[1, 0];
[0.519, 15.667, 8.667, 0.609];[0.392, 14.333, 11.333, 0.622];[0, 1];
[0.4, 12.667, 10.0, 0.802];[0.47, 12.0, 5.667, 0.746];[1, 0];
[0.454, 15.667, 11.333, 0.682];[0.451, 14.333, 10.0, 0.885];[0, 1];
[0.412, 13.333, 10.667, 0.805];[0.434, 12.333, 10.0, 0.826];[1, 0];
[0.467, 14.0, 8.333, 0.761];[0.503, 12.667, 11.0, 0.618];[0, 1];
[0.452, 18.0, 8.333, 0.877];[0.384, 12.333, 14.667, 0.703];[1, 0];
[0.465, 15.667, 12.0, 0.64];[0.452, 15.333, 7.333, 0.647];[0, 1];
[0.482, 13.667, 6.667, 0.626];[0.434, 14.333, 10.667, 0.851];[1, 0];
[0.493, 13.333, 13.0, 0.8];[0.452, 13.333, 12.667, 0.816];[0, 1];
[0.435, 14.0, 10.0, 0.751];[0.444, 14.667, 13.667, 0.652];[0, 1];
[0.417, 12.667, 11.667, 0.796];[0.433, 10.0, 9.333, 0.875];[0, 1];
[0.488, 7.333, 7.333, 0.894];[0.472, 12.333, 10.333, 0.841];[0, 1];
[0.431, 11.667, 8.667, 0.777];[0.455, 11.667, 9.667, 0.838];[1, 0];
[0.496, 14.667, 9.333, 0.665];[0.414, 13.333, 16.0, 0.819];[1, 0];
[0.462, 14.667, 9.333, 0.749];[0.442, 12.0, 11.667, 0.661];[1, 0];
[0.459, 11.0, 12.333, 0.761];[0.5, 14.333, 12.333, 0.787];[1, 0];
[0.456, 10.0, 11.0, 0.813];[0.415, 11.333, 9.0, 0.708];[0, 1];
[0.442, 16.333, 13.0, 0.871];[0.419, 14.0, 10.667, 0.74];[1, 0];
[0.419, 14.333, 9.333, 0.765];[0.486, 14.667, 12.0, 0.785];[0, 1];
[0.482, 10.333, 9.667, 0.73];[0.452, 14.333, 11.0, 0.822];[1, 0];
[0.484, 14.0, 11.667, 0.794];[0.49, 14.333, 6.333, 0.826];[0, 1];
[0.503, 12.333, 10.0, 0.876];[0.454, 13.0, 10.667, 0.731];[1, 0];
[0.435, 15.333, 11.333, 0.707];[0.509, 10.667, 11.333, 0.803];[0, 1];
[0.452, 11.333, 11.667, 0.764];[0.396, 8.333, 10.667, 0.849];[0, 1];
[0.476, 12.667, 10.667, 0.9];[0.421, 11.0, 11.667, 0.773];[1, 0];
[0.393, 11.667, 14.0, 0.727];[0.461, 14.0, 7.333, 0.762];[1, 0];
[0.409, 18.0, 15.0, 0.571];[0.456, 19.0, 11.0, 0.765];[0, 1];
[0.531, 13.333, 9.0, 0.819];[0.49, 18.333, 10.667, 0.833];[1, 0];
[0.489, 17.667, 6.333, 0.703];[0.446, 15.667, 9.0, 0.731];[1, 0];
[0.418, 12.0, 14.0, 0.615];[0.438, 17.0, 11.0, 0.7];[0, 1];
[0.368, 10.667, 12.0, 0.678];[0.492, 11.667, 12.333, 0.719];[0, 1];
[0.51, 14.0, 10.667, 0.684];[0.489, 14.0, 13.0, 0.751];[0, 1];
[0.487, 12.0, 10.0, 0.679];[0.443, 9.0, 11.0, 0.741];[0, 1];
[0.514, 13.0, 8.0, 0.755];[0.458, 14.667, 11.333, 0.772];[1, 0];
[0.484, 8.0, 11.0, 0.77];[0.471, 10.667, 10.0, 0.795];[0, 1];
[0.445, 10.0, 8.667, 0.766];[0.461, 11.667, 8.333, 0.811];[0, 1];
[0.441, 12.333, 10.333, 0.778];[0.461, 11.333, 9.0, 0.783];[0, 1];
[0.444, 12.667, 9.667, 0.741];[0.445, 13.333, 9.667, 0.702];[1, 0];
[0.413, 18.333, 15.333, 0.698];[0.425, 17.0, 10.333, 0.614];[1, 0];
[0.47, 13.333, 9.333, 0.685];[0.43, 14.0, 8.667, 0.542];[1, 0];
[0.489, 12.0, 11.0, 0.705];[0.425, 15.0, 15.333, 0.788];[0, 1];
[0.481, 13.333, 11.0, 0.784];[0.446, 12.333, 13.0, 0.828];[1, 0];
[0.485, 9.0, 6.333, 0.756];[0.507, 13.667, 8.667, 0.75];[0, 1];
[0.437, 13.333, 10.333, 0.612];[0.444, 12.333, 10.667, 0.69];[1, 0];
[0.408, 19.0, 9.0, 0.682];[0.389, 11.333, 12.333, 0.69];[0, 1];
[0.481, 13.0, 7.333, 0.72];[0.471, 18.667, 16.0, 0.856];[1, 0];
[0.448, 15.0, 10.667, 0.731];[0.455, 16.667, 5.333, 0.728];[0, 1];
[0.48, 15.667, 10.333, 0.841];[0.495, 16.333, 8.333, 0.825];[0, 1];
[0.46, 14.0, 16.333, 0.754];[0.458, 17.333, 15.333, 0.632];[0, 1];
[0.502, 12.0, 11.667, 0.723];[0.512, 13.667, 5.667, 0.794];[1, 0];
[0.428, 13.333, 11.0, 0.718];[0.42, 13.0, 12.667, 0.735];[0, 1];
[0.424, 13.333, 10.667, 0.638];[0.455, 12.0, 12.333, 0.707];[0, 1];
[0.507, 12.333, 8.0, 0.682];[0.427, 17.0, 8.0, 0.734];[0, 1];
[0.468, 13.0, 9.333, 0.751];[0.458, 10.333, 11.333, 0.772];[0, 1];
[0.428, 15.667, 16.0, 0.682];[0.47, 12.667, 12.0, 0.728];[0, 1];
[0.449, 12.0, 11.667, 0.786];[0.472, 14.333, 11.667, 0.713];[1, 0];
[0.532, 14.667, 10.0, 0.739];[0.425, 9.333, 11.0, 0.878];[0, 1];
[0.495, 13.333, 8.333, 0.703];[0.407, 14.667, 13.0, 0.819];[1, 0];
[0.482, 14.333, 13.333, 0.653];[0.479, 15.0, 11.667, 0.643];[1, 0];
[0.429, 16.0, 10.333, 0.842];[0.444, 11.333, 9.667, 0.768];[0, 1];
[0.41, 18.333, 8.333, 0.74];[0.494, 13.667, 12.667, 0.641];[1, 0];
[0.46, 10.0, 14.0, 0.706];[0.43, 14.667, 12.0, 0.766];[0, 1];
[0.439, 12.667, 8.0, 0.723];[0.414, 12.333, 7.667, 0.816];[1, 0];
[0.424, 15.0, 12.333, 0.706];[0.395, 16.0, 11.667, 0.778];[0, 1];
[0.415, 12.333, 12.333, 0.773];[0.437, 13.667, 12.333, 0.739];[1, 0];
[0.46, 18.0, 10.0, 0.633];[0.48, 15.0, 9.667, 0.751];[0, 1];
[0.433, 9.333, 7.333, 0.848];[0.42, 15.0, 14.0, 0.634];[0, 1];
[0.484, 15.333, 12.333, 0.859];[0.454, 16.667, 9.0, 0.838];[1, 0];
[0.447, 16.333, 9.0, 0.82];[0.439, 10.667, 9.667, 0.682];[0, 1];
[0.425, 11.667, 11.0, 0.806];[0.414, 14.667, 11.667, 0.758];[0, 1];
[0.52, 11.667, 8.333, 0.819];[0.51, 12.333, 8.667, 0.814];[0, 1];
[0.443, 13.0, 11.667, 0.871];[0.488, 14.333, 7.0, 0.765];[0, 1];
[0.502, 12.667, 8.333, 0.752];[0.415, 11.333, 10.667, 0.694];[0, 1];
[0.425, 13.333, 13.333, 0.671];[0.46, 17.0, 13.333, 0.886];[0, 1];
[0.409, 11.333, 12.0, 0.715];[0.416, 12.667, 13.333, 0.74];[1, 0];
[0.423, 14.0, 13.667, 0.716];[0.474, 12.0, 9.667, 0.793];[0, 1];
[0.491, 15.0, 11.667, 0.789];[0.425, 17.0, 13.0, 0.745];[1, 0];
[0.473, 9.333, 12.0, 0.764];[0.401, 18.0, 13.667, 0.658];[1, 0];
[0.46, 16.667, 11.0, 0.766];[0.44, 10.333, 10.333, 0.707];[1, 0];
[0.451, 13.333, 10.667, 0.621];[0.471, 13.667, 8.0, 0.75];[1, 0];
[0.492, 15.667, 13.0, 0.786];[0.525, 18.333, 10.667, 0.793];[1, 0];
[0.449, 13.0, 13.667, 0.843];[0.524, 14.667, 10.667, 0.77];[1, 0];
[0.398, 13.333, 11.667, 0.817];[0.461, 14.667, 6.667, 0.751];[1, 0];
[0.46, 15.333, 10.667, 0.79];[0.458, 12.333, 6.667, 0.754];[0, 1];
[0.469, 15.0, 12.0, 0.79];[0.388, 11.667, 14.667, 0.79];[0, 1];
[0.405, 14.0, 10.0, 0.776];[0.445, 11.0, 9.333, 0.694];[1, 0];
[0.502, 10.333, 8.333, 0.748];[0.476, 15.667, 11.667, 0.687];[1, 0];
[0.492, 14.0, 7.667, 0.77];[0.44, 12.333, 9.0, 0.769];[0, 1];
[0.438, 14.333, 9.0, 0.801];[0.45, 12.667, 8.0, 0.707];[1, 0];
[0.464, 12.333, 14.333, 0.854];[0.495, 11.667, 6.667, 0.79];[0, 1];
[0.465, 15.333, 10.667, 0.82];[0.407, 10.667, 10.0, 0.731];[0, 1];
[0.431, 10.333, 7.0, 0.765];[0.479, 10.667, 7.667, 0.697];[0, 1];
[0.398, 15.0, 10.333, 0.761];[0.437, 11.667, 11.0, 0.648];[0, 1];
[0.466, 14.667, 8.333, 0.804];[0.456, 11.333, 10.0, 0.736];[0, 1];
[0.412, 16.0, 10.0, 0.754];[0.408, 12.667, 11.667, 0.716];[0, 1];
[0.466, 15.667, 7.333, 0.832];[0.412, 13.0, 13.667, 0.799];[0, 1];
[0.491, 11.333, 9.0, 0.75];[0.499, 11.667, 7.333, 0.716];[0, 1];
[0.408, 13.333, 8.667, 0.816];[0.455, 15.333, 11.333, 0.704];[1, 0];
[0.47, 11.667, 7.667, 0.685];[0.498, 11.667, 15.0, 0.762];[1, 0];
[0.489, 13.333, 13.333, 0.676];[0.476, 16.0, 13.667, 0.654];[0, 1];
[0.508, 12.333, 10.0, 0.807];[0.439, 10.0, 11.333, 0.752];[1, 0];
[0.451, 15.333, 12.667, 0.766];[0.418, 12.667, 12.333, 0.746];[1, 0];
[0.515, 16.0, 11.667, 0.833];[0.412, 17.333, 15.667, 0.71];[0, 1];
[0.417, 10.0, 12.0, 0.768];[0.412, 15.333, 14.667, 0.713];[1, 0];
[0.44, 15.667, 10.0, 0.629];[0.425, 17.667, 13.0, 0.748];[0, 1];
[0.484, 11.667, 11.0, 0.758];[0.449, 10.667, 9.667, 0.758];[1, 0];
[0.455, 13.667, 17.333, 0.814];[0.382, 11.0, 11.333, 0.778];[1, 0];
[0.443, 15.0, 9.667, 0.574];[0.428, 12.0, 13.667, 0.811];[0, 1];
[0.481, 13.667, 10.667, 0.667];[0.449, 12.333, 13.333, 0.818];[0, 1];
[0.476, 13.333, 8.667, 0.751];[0.468, 13.333, 13.0, 0.76];[1, 0];
[0.467, 12.333, 11.0, 0.751];[0.443, 11.333, 15.333, 0.798];[0, 1];
[0.505, 13.667, 11.0, 0.763];[0.481, 17.0, 11.667, 0.728];[1, 0];
[0.454, 12.333, 10.333, 0.775];[0.454, 17.0, 12.667, 0.731];[0, 1];
[0.467, 13.333, 8.667, 0.767];[0.488, 10.0, 13.0, 0.627];[1, 0];
[0.431, 14.667, 16.0, 0.691];[0.497, 14.0, 6.667, 0.73];[1, 0];
[0.459, 12.333, 9.333, 0.742];[0.457, 13.667, 11.333, 0.783];[0, 1];
[0.456, 10.667, 8.0, 0.751];[0.436, 10.667, 12.333, 0.811];[0, 1];
[0.427, 19.333, 11.667, 0.673];[0.45, 15.667, 12.667, 0.725];[0, 1];
[0.439, 20.667, 12.667, 0.694];[0.429, 17.0, 13.667, 0.751];[1, 0];
[0.411, 11.333, 14.333, 0.793];[0.469, 14.0, 11.0, 0.864];[1, 0];
[0.411, 11.333, 12.667, 0.649];[0.476, 12.667, 9.667, 0.78];[0, 1];
[0.434, 14.667, 9.0, 0.728];[0.438, 16.333, 9.333, 0.754];[1, 0];
[0.44, 17.0, 7.0, 0.815];[0.464, 11.333, 9.667, 0.75];[1, 0];
[0.466, 9.333, 7.333, 0.7];[0.444, 11.0, 8.667, 0.776];[0, 1];
[0.474, 11.333, 8.667, 0.725];[0.485, 12.0, 13.0, 0.767];[0, 1];
[0.462, 12.333, 7.333, 0.796];[0.443, 11.667, 12.333, 0.775];[1, 0];
[0.482, 13.0, 9.0, 0.651];[0.422, 13.333, 10.333, 0.678];[0, 1];
[0.445, 14.333, 9.667, 0.773];[0.437, 15.0, 12.333, 0.707];[1, 0];
[0.492, 13.0, 10.0, 0.841];[0.428, 15.0, 13.0, 0.649];[1, 0];
[0.429, 12.0, 15.667, 0.747];[0.464, 14.667, 10.667, 0.833];[1, 0];
[0.383, 19.333, 15.333, 0.67];[0.359, 14.667, 12.333, 0.69];[1, 0];
[0.472, 11.0, 9.667, 0.834];[0.445, 13.333, 10.667, 0.793];[0, 1];
[0.485, 16.333, 10.333, 0.78];[0.417, 13.333, 14.667, 0.794];[0, 1];
[0.389, 13.0, 10.667, 0.774];[0.518, 12.667, 11.0, 0.799];[0, 1];
[0.444, 15.333, 10.333, 0.702];[0.437, 12.667, 15.0, 0.769];[0, 1];
[0.442, 14.0, 8.667, 0.684];[0.41, 14.667, 11.0, 0.738];[0, 1];
[0.461, 17.0, 9.667, 0.877];[0.459, 15.0, 9.0, 0.861];[1, 0];
[0.424, 12.0, 17.667, 0.72];[0.46, 12.0, 12.333, 0.753];[0, 1];
[0.477, 16.0, 9.667, 0.748];[0.427, 19.333, 9.667, 0.718];[0, 1];
[0.465, 16.667, 12.667, 0.782];[0.517, 12.0, 8.0, 0.724];[1, 0];
[0.457, 11.667, 13.0, 0.737];[0.423, 12.0, 8.667, 0.672];[1, 0];
[0.423, 14.667, 11.667, 0.75];[0.445, 11.333, 11.333, 0.803];[1, 0];
[0.485, 9.333, 9.0, 0.764];[0.429, 11.0, 11.333, 0.595];[1, 0];
[0.455, 20.0, 10.667, 0.673];[0.453, 22.0, 9.667, 0.876];[0, 1];
[0.447, 16.667, 12.0, 0.649];[0.403, 13.0, 12.333, 0.732];[1, 0];
[0.475, 15.333, 8.333, 0.777];[0.448, 11.333, 10.333, 0.784];[1, 0];
[0.437, 14.0, 13.667, 0.698];[0.441, 13.0, 11.333, 0.804];[0, 1];
[0.391, 11.0, 14.0, 0.72];[0.41, 10.0, 10.0, 0.895];[0, 1];
[0.422, 18.333, 9.667, 0.857];[0.474, 14.0, 8.0, 0.815];[0, 1];
[0.456, 17.333, 8.0, 0.868];[0.5, 12.0, 9.0, 0.697];[1, 0];
[0.389, 19.667, 11.333, 0.809];[0.479, 17.333, 12.333, 0.819];[0, 1];
[0.487, 10.333, 12.667, 0.707];[0.425, 8.333, 9.0, 0.785];[1, 0];
[0.452, 12.0, 9.667, 0.771];[0.451, 13.0, 8.333, 0.724];[1, 0];
[0.41, 10.667, 10.333, 0.687];[0.413, 9.667, 8.667, 0.904];[1, 0];
[0.445, 13.667, 10.0, 0.672];[0.431, 13.0, 10.667, 0.617];[0, 1];
[0.413, 11.333, 13.667, 0.7];[0.454, 12.667, 12.0, 0.761];[0, 1];
[0.424, 13.333, 12.0, 0.812];[0.462, 14.667, 9.0, 0.694];[1, 0];
[0.412, 15.333, 16.0, 0.687];[0.452, 13.333, 11.333, 0.687];[0, 1];
[0.452, 15.667, 13.667, 0.595];[0.447, 12.667, 10.667, 0.6];[1, 0];
[0.452, 14.0, 8.667, 0.755];[0.398, 13.667, 14.333, 0.704];[0, 1];
[0.49, 16.667, 8.0, 0.862];[0.445, 12.667, 7.333, 0.74];[1, 0];
[0.434, 9.0, 8.0, 0.82];[0.396, 14.333, 14.0, 0.779];[1, 0];
[0.415, 14.333, 15.333, 0.782];[0.468, 11.667, 9.333, 0.697];[0, 1];
[0.436, 11.333, 12.0, 0.817];[0.46, 7.0, 8.0, 0.936];[1, 0];
[0.436, 14.0, 8.667, 0.681];[0.5, 13.667, 8.333, 0.818];[0, 1];
[0.427, 14.667, 8.667, 0.694];[0.403, 10.667, 10.667, 0.658];[1, 0];
[0.475, 16.0, 8.333, 0.756];[0.497, 13.0, 11.333, 0.683];[0, 1];
[0.468, 13.0, 12.0, 0.697];[0.459, 15.333, 11.667, 0.848];[0, 1];
[0.428, 15.0, 10.667, 0.753];[0.446, 13.333, 9.333, 0.777];[0, 1];
[0.42, 12.333, 15.0, 0.757];[0.416, 17.333, 12.333, 0.694];[1, 0];
[0.454, 23.333, 8.667, 0.737];[0.444, 11.333, 12.333, 0.715];[1, 0];
[0.43, 15.0, 13.667, 0.77];[0.51, 12.667, 10.333, 0.681];[1, 0];
[0.461, 18.667, 14.333, 0.68];[0.433, 16.0, 9.333, 0.753];[1, 0];
[0.412, 10.0, 11.333, 0.744];[0.425, 15.667, 10.667, 0.81];[0, 1];
[0.419, 16.333, 12.667, 0.755];[0.459, 11.333, 11.333, 0.754];[1, 0];
[0.458, 13.333, 9.667, 0.717];[0.493, 14.667, 9.667, 0.864];[1, 0];
[0.467, 16.667, 12.333, 0.758];[0.507, 15.333, 11.667, 0.825];[0, 1];
[0.505, 14.667, 11.0, 0.803];[0.493, 16.333, 11.0, 0.723];[0, 1];
[0.446, 15.333, 10.667, 0.818];[0.43, 13.0, 13.0, 0.804];[1, 0];
[0.433, 14.667, 12.0, 0.785];[0.425, 13.0, 12.0, 0.775];[1, 0];
[0.494, 14.667, 6.667, 0.638];[0.392, 10.333, 8.0, 0.8];[1, 0];
[0.474, 10.667, 10.0, 0.676];[0.447, 13.667, 10.0, 0.786];[0, 1];
[0.496, 15.0, 10.333, 0.739];[0.429, 12.667, 9.333, 0.652];[1, 0];
[0.461, 9.0, 8.667, 0.764];[0.485, 10.667, 12.0, 0.73];[0, 1];
[0.416, 10.0, 10.333, 0.804];[0.467, 15.333, 11.667, 0.732];[1, 0];
[0.491, 13.333, 9.667, 0.733];[0.433, 12.667, 14.667, 0.838];[0, 1];
[0.492, 13.0, 9.667, 0.705];[0.462, 13.667, 12.333, 0.733];[1, 0];
[0.436, 11.0, 6.667, 0.848];[0.409, 12.0, 13.333, 0.772];[1, 0];
[0.456, 19.0, 11.0, 0.765];[0.457, 19.0, 11.0, 0.85];[1, 0];
[0.453, 12.667, 12.333, 0.799];[0.393, 13.333, 12.667, 0.731];[1, 0];
[0.404, 13.333, 12.333, 0.694];[0.398, 18.333, 15.0, 0.77];[0, 1];
[0.48, 12.667, 11.333, 0.703];[0.467, 12.0, 10.667, 0.716];[1, 0];
[0.473, 15.0, 11.333, 0.691];[0.473, 9.667, 12.0, 0.69];[1, 0];
[0.374, 10.0, 8.667, 0.822];[0.457, 11.667, 9.333, 0.753];[0, 1];
[0.434, 10.0, 13.667, 0.842];[0.45, 11.667, 12.333, 0.795];[0, 1];
[0.403, 18.0, 13.667, 0.725];[0.407, 14.333, 11.0, 0.785];[1, 0];
[0.451, 12.0, 10.667, 0.63];[0.432, 13.0, 13.0, 0.77];[1, 0];
[0.472, 12.0, 10.333, 0.801];[0.447, 13.0, 14.0, 0.682];[1, 0];
[0.466, 12.333, 14.0, 0.809];[0.441, 11.667, 8.333, 0.745];[1, 0];
[0.47, 10.667, 9.667, 0.787];[0.441, 17.333, 10.333, 0.779];[1, 0];
[0.419, 14.0, 14.0, 0.805];[0.454, 12.0, 9.0, 0.765];[1, 0];
[0.486, 11.0, 8.667, 0.824];[0.457, 11.0, 9.667, 0.721];[1, 0];
[0.424, 13.667, 12.333, 0.797];[0.459, 13.333, 12.0, 0.798];[0, 1];
[0.469, 15.333, 9.333, 0.711];[0.403, 15.0, 13.333, 0.663];[0, 1];
[0.441, 8.667, 11.333, 0.735];[0.456, 10.333, 15.0, 0.748];[0, 1];
[0.478, 15.0, 10.667, 0.705];[0.444, 14.0, 11.667, 0.711];[1, 0];
[0.438, 17.0, 11.0, 0.7];[0.509, 19.0, 8.333, 0.731];[0, 1];
[0.443, 15.0, 13.0, 0.726];[0.433, 11.333, 12.0, 0.848];[1, 0];
[0.478, 17.0, 9.667, 0.773];[0.477, 10.333, 10.0, 0.743];[1, 0];
[0.439, 11.667, 11.0, 0.711];[0.448, 14.333, 11.667, 0.778];[0, 1];
[0.417, 14.0, 10.0, 0.672];[0.501, 14.667, 9.0, 0.73];[0, 1];
[0.49, 15.333, 8.667, 0.801];[0.461, 14.333, 11.333, 0.804];[0, 1];
[0.395, 11.0, 10.333, 0.766];[0.457, 12.333, 12.0, 0.756];[0, 1];
[0.479, 13.0, 8.333, 0.749];[0.45, 13.333, 11.667, 0.758];[1, 0];
[0.499, 13.333, 8.333, 0.701];[0.432, 11.0, 9.0, 0.704];[1, 0];
[0.436, 11.333, 12.0, 0.76];[0.425, 15.0, 10.667, 0.776];[1, 0];
[0.472, 19.0, 13.667, 0.769];[0.46, 16.0, 11.0, 0.768];[0, 1];
[0.408, 13.0, 12.0, 0.727];[0.48, 12.333, 13.0, 0.735];[0, 1];
[0.383, 12.0, 13.667, 0.84];[0.438, 10.667, 7.667, 0.827];[1, 0];
[0.45, 14.667, 10.0, 0.696];[0.46, 13.333, 8.0, 0.717];[1, 0];
[0.463, 16.667, 13.333, 0.729];[0.417, 11.0, 12.333, 0.753];[0, 1];
[0.445, 12.333, 8.333, 0.861];[0.444, 11.333, 10.333, 0.8];[0, 1];
[0.472, 14.0, 10.667, 0.838];[0.493, 16.333, 14.0, 0.689];[0, 1];
[0.463, 14.667, 11.667, 0.696];[0.454, 9.0, 11.333, 0.809];[1, 0];
[0.475, 10.333, 7.333, 0.76];[0.443, 10.667, 12.667, 0.745];[0, 1];
[0.459, 8.667, 10.0, 0.791];[0.467, 12.333, 8.0, 0.804];[1, 0];
[0.401, 16.0, 15.333, 0.729];[0.411, 13.333, 14.0, 0.823];[0, 1];
[0.494, 15.667, 12.0, 0.626];[0.4, 11.333, 10.333, 0.625];[0, 1];
[0.363, 18.0, 9.0, 0.769];[0.424, 11.667, 13.667, 0.822];[0, 1];
[0.457, 16.333, 10.333, 0.798];[0.465, 14.667, 11.333, 0.775];[1, 0];
[0.472, 17.0, 8.667, 0.8];[0.417, 13.333, 13.667, 0.717];[1, 0];
[0.445, 11.667, 12.667, 0.826];[0.389, 15.0, 10.667, 0.688];[1, 0];
[0.418, 14.333, 13.0, 0.655];[0.434, 13.0, 11.0, 0.727];[1, 0];
[0.489, 11.0, 9.333, 0.707];[0.466, 17.667, 12.667, 0.762];[1, 0];
[0.43, 16.333, 11.333, 0.782];[0.438, 15.0, 10.0, 0.696];[1, 0];
[0.512, 14.0, 9.0, 0.701];[0.448, 17.0, 10.333, 0.744];[1, 0];
[0.555, 14.0, 7.667, 0.844];[0.427, 14.0, 14.667, 0.806];[0, 1];
[0.452, 19.0, 9.667, 0.757];[0.46, 16.667, 8.0, 0.88];[1, 0];
[0.431, 15.0, 13.333, 0.914];[0.416, 15.0, 14.0, 0.809];[0, 1];
[0.538, 13.0, 8.0, 0.75];[0.456, 10.667, 15.0, 0.751];[1, 0];
[0.502, 15.333, 8.0, 0.679];[0.427, 13.667, 14.333, 0.677];[0, 1];
[0.456, 17.333, 17.0, 0.812];[0.409, 12.0, 13.0, 0.791];[1, 0];
[0.475, 10.667, 8.667, 0.8];[0.494, 12.333, 10.0, 0.812];[0, 1];
[0.436, 11.333, 13.333, 0.586];[0.486, 11.333, 9.0, 0.687];[0, 1];
[0.48, 10.333, 9.0, 0.737];[0.479, 13.0, 9.667, 0.616];[0, 1];
[0.479, 13.333, 6.667, 0.715];[0.405, 13.333, 7.333, 0.792];[1, 0];
[0.462, 14.667, 11.333, 0.808];[0.437, 16.333, 10.667, 0.733];[1, 0];
[0.406, 13.333, 10.333, 0.753];[0.449, 15.0, 14.667, 0.831];[0, 1];
[0.491, 17.0, 6.333, 0.68];[0.395, 10.0, 15.333, 0.762];[1, 0];
[0.437, 17.667, 12.0, 0.783];[0.443, 15.333, 8.667, 0.738];[0, 1];
[0.445, 11.667, 10.667, 0.831];[0.455, 12.0, 12.667, 0.809];[0, 1];
[0.397, 12.333, 11.667, 0.812];[0.471, 13.333, 10.667, 0.739];[1, 0];
[0.473, 6.667, 9.333, 0.663];[0.439, 12.0, 12.333, 0.754];[0, 1];
[0.459, 15.667, 14.0, 0.845];[0.455, 15.333, 11.667, 0.917];[0, 1];
[0.383, 14.0, 10.667, 0.764];[0.446, 13.0, 8.667, 0.647];[0, 1];
[0.427, 11.0, 10.0, 0.788];[0.526, 11.667, 6.0, 0.729];[1, 0];
[0.498, 10.667, 11.333, 0.725];[0.387, 15.0, 13.667, 0.715];[1, 0];
[0.394, 11.0, 13.333, 0.848];[0.495, 14.333, 6.667, 0.855];[1, 0];
[0.478, 12.333, 12.0, 0.771];[0.456, 14.0, 12.667, 0.773];[1, 0];
[0.465, 14.667, 8.333, 0.814];[0.441, 14.333, 10.667, 0.7];[1, 0];
[0.498, 13.0, 9.333, 0.729];[0.409, 16.333, 15.0, 0.768];[1, 0];
[0.454, 16.667, 10.333, 0.843];[0.434, 12.667, 12.0, 0.771];[0, 1];
[0.553, 9.0, 13.0, 0.783];[0.402, 7.0, 12.0, 0.846];[0, 1];
[0.543, 12.667, 9.333, 0.79];[0.456, 13.667, 14.333, 0.707];[0, 1];
[0.554, 12.333, 8.0, 0.664];[0.462, 17.333, 12.0, 0.766];[1, 0];
[0.467, 16.0, 9.333, 0.678];[0.488, 13.0, 10.0, 0.744];[0, 1];
[0.477, 13.667, 12.0, 0.757];[0.479, 13.333, 9.0, 0.643];[0, 1];
[0.441, 12.333, 12.0, 0.65];[0.416, 14.333, 14.0, 0.788];[1, 0];
[0.466, 16.667, 9.0, 0.775];[0.435, 17.667, 10.333, 0.74];[1, 0];
[0.459, 13.667, 11.0, 0.729];[0.425, 15.0, 12.333, 0.733];[0, 1];
[0.443, 15.0, 8.0, 0.863];[0.487, 14.667, 10.0, 0.801];[0, 1];
[0.487, 14.0, 10.0, 0.694];[0.463, 13.0, 10.333, 0.826];[1, 0];
[0.408, 9.667, 6.0, 0.838];[0.43, 11.667, 8.667, 0.705];[0, 1];
[0.425, 14.333, 15.0, 0.779];[0.484, 11.667, 12.667, 0.67];[1, 0];
[0.439, 14.333, 12.667, 0.723];[0.409, 11.667, 13.333, 0.822];[0, 1];
[0.454, 13.667, 11.333, 0.837];[0.497, 15.667, 7.333, 0.69];[0, 1];
[0.524, 15.333, 8.0, 0.783];[0.478, 12.667, 12.333, 0.657];[1, 0];
[0.515, 17.0, 9.667, 0.784];[0.477, 12.667, 10.0, 0.725];[0, 1];
[0.438, 15.667, 7.667, 0.813];[0.397, 16.333, 8.333, 0.65];[1, 0];
[0.466, 11.333, 6.0, 0.711];[0.484, 11.667, 10.0, 0.838];[0, 1];
[0.414, 10.333, 10.333, 0.737];[0.434, 15.0, 11.667, 0.701];[1, 0];
[0.447, 13.333, 11.0, 0.853];[0.427, 13.0, 13.333, 0.687];[1, 0];
[0.378, 19.667, 14.667, 0.617];[0.52, 13.0, 10.333, 0.808];[0, 1];
[0.434, 9.0, 12.0, 0.702];[0.46, 13.333, 15.333, 0.646];[0, 1];
[0.458, 13.333, 12.667, 0.711];[0.404, 18.0, 14.0, 0.882];[0, 1];
[0.433, 8.333, 11.333, 0.871];[0.436, 10.0, 5.667, 0.835];[0, 1];
[0.424, 12.0, 9.333, 0.761];[0.418, 8.667, 12.333, 0.899];[1, 0];
[0.442, 14.0, 17.333, 0.874];[0.45, 14.667, 13.333, 0.866];[0, 1];
[0.419, 13.667, 11.667, 0.824];[0.4, 11.0, 12.667, 0.839];[1, 0];
[0.487, 12.333, 11.333, 0.726];[0.435, 14.0, 12.333, 0.711];[1, 0];
[0.452, 14.667, 8.0, 0.705];[0.417, 13.667, 16.0, 0.77];[1, 0];
[0.42, 16.0, 11.333, 0.723];[0.402, 12.333, 8.667, 0.831];[1, 0];
[0.463, 13.0, 11.667, 0.668];[0.423, 13.333, 14.0, 0.687];[0, 1];
[0.485, 12.333, 10.667, 0.817];[0.434, 13.0, 11.0, 0.724];[0, 1];
[0.439, 11.667, 14.0, 0.779];[0.421, 14.333, 11.333, 0.791];[1, 0];
[0.448, 9.667, 10.0, 0.807];[0.534, 15.667, 6.667, 0.691];[0, 1];
[0.466, 12.333, 8.667, 0.761];[0.406, 17.333, 11.333, 0.918];[1, 0];
[0.458, 12.0, 9.0, 0.773];[0.406, 13.667, 11.333, 0.84];[1, 0];
[0.415, 13.333, 13.667, 0.757];[0.445, 12.667, 12.667, 0.537];[1, 0];
[0.439, 18.667, 10.667, 0.742];[0.451, 13.333, 12.667, 0.639];[0, 1];
[0.427, 11.0, 11.667, 0.784];[0.438, 9.0, 10.0, 0.825];[1, 0];
[0.426, 18.0, 11.333, 0.75];[0.412, 14.0, 14.0, 0.747];[1, 0];
[0.453, 13.667, 9.667, 0.788];[0.462, 13.667, 15.0, 0.722];[0, 1];
[0.485, 17.333, 9.333, 0.737];[0.486, 12.0, 8.0, 0.725];[0, 1];
[0.43, 13.0, 12.0, 0.84];[0.42, 10.0, 14.0, 0.886];[0, 1];
[0.414, 17.0, 11.667, 0.848];[0.521, 14.667, 12.0, 0.723];[0, 1];
[0.474, 11.0, 8.333, 0.804];[0.433, 10.0, 9.333, 0.671];[1, 0];
[0.443, 16.333, 16.667, 0.796];[0.453, 17.667, 10.667, 0.774];[1, 0];
[0.481, 15.667, 10.333, 0.831];[0.502, 17.333, 6.667, 0.725];[0, 1];
[0.454, 11.667, 9.333, 0.776];[0.472, 13.0, 11.667, 0.781];[1, 0];
[0.413, 13.0, 9.667, 0.88];[0.442, 13.667, 11.0, 0.658];[1, 0];
[0.468, 13.0, 7.0, 0.748];[0.446, 18.333, 13.667, 0.756];[1, 0];
[0.418, 15.333, 10.0, 0.786];[0.443, 16.0, 8.667, 0.707];[1, 0];
[0.456, 16.0, 11.667, 0.804];[0.437, 11.0, 9.0, 0.714];[1, 0];
[0.445, 13.667, 12.667, 0.633];[0.456, 15.333, 16.0, 0.7];[0, 1];
[0.424, 18.0, 15.0, 0.708];[0.41, 16.667, 15.667, 0.81];[1, 0];
[0.44, 16.0, 10.333, 0.811];[0.435, 11.667, 12.0, 0.671];[0, 1];
[0.439, 12.667, 13.333, 0.616];[0.439, 12.0, 8.667, 0.696];[1, 0];
[0.426, 7.333, 11.667, 0.863];[0.478, 13.333, 12.0, 0.758];[0, 1];
[0.469, 11.667, 9.667, 0.702];[0.472, 13.0, 13.667, 0.6];[0, 1];
[0.456, 11.0, 10.0, 0.877];[0.509, 18.333, 7.667, 0.738];[0, 1];
[0.506, 14.667, 11.667, 0.765];[0.471, 14.667, 13.333, 0.776];[0, 1];
[0.442, 13.667, 11.667, 0.755];[0.478, 15.667, 9.333, 0.799];[1, 0];
[0.457, 14.667, 6.333, 0.767];[0.395, 15.333, 12.0, 0.725];[1, 0];
[0.431, 12.333, 13.0, 0.739];[0.405, 15.667, 10.333, 0.748];[1, 0];
[0.43, 11.333, 15.0, 0.713];[0.444, 15.667, 13.0, 0.838];[1, 0];
[0.472, 11.0, 8.0, 0.82];[0.454, 14.333, 11.667, 0.783];[0, 1];
[0.433, 15.667, 13.333, 0.724];[0.414, 12.333, 10.333, 0.812];[1, 0];
[0.468, 16.333, 10.333, 0.693];[0.41, 16.667, 9.667, 0.797];[0, 1];
[0.46, 14.667, 11.0, 0.639];[0.46, 15.333, 12.667, 0.689];[1, 0];
[0.427, 13.667, 12.667, 0.727];[0.471, 11.667, 11.0, 0.682];[1, 0];
[0.513, 15.0, 10.0, 0.71];[0.473, 14.667, 10.0, 0.766];[0, 1];
[0.45, 13.333, 12.667, 0.676];[0.462, 12.0, 12.333, 0.772];[1, 0];
[0.453, 13.667, 13.667, 0.751];[0.452, 15.667, 11.0, 0.748];[1, 0];
[0.447, 18.0, 9.333, 0.759];[0.421, 13.0, 10.667, 0.738];[0, 1];
[0.433, 16.333, 10.667, 0.773];[0.46, 16.667, 12.0, 0.806];[0, 1];
[0.431, 12.333, 7.667, 0.82];[0.442, 14.333, 13.0, 0.781];[1, 0];
[0.48, 12.0, 13.0, 0.74];[0.49, 11.0, 9.333, 0.752];[0, 1];
[0.483, 15.333, 15.333, 0.747];[0.485, 12.0, 9.0, 0.747];[1, 0];
[0.458, 9.667, 10.333, 0.692];[0.463, 14.333, 8.333, 0.684];[1, 0];
[0.487, 14.333, 11.333, 0.611];[0.425, 12.333, 14.667, 0.687];[1, 0];
[0.433, 12.667, 12.667, 0.827];[0.454, 18.333, 10.667, 0.827];[1, 0];
[0.451, 13.667, 11.0, 0.803];[0.457, 12.667, 10.667, 0.749];[1, 0];
[0.389, 12.333, 11.333, 0.675];[0.425, 11.0, 9.667, 0.645];[1, 0];
[0.417, 13.0, 12.0, 0.843];[0.429, 12.667, 9.333, 0.734];[0, 1];
[0.511, 13.333, 7.667, 0.818];[0.45, 9.667, 9.667, 0.798];[1, 0];
[0.437, 10.667, 9.667, 0.873];[0.479, 14.333, 12.667, 0.836];[0, 1];
[0.474, 13.333, 10.333, 0.652];[0.392, 16.333, 13.333, 0.798];[0, 1];
[0.466, 13.0, 12.333, 0.784];[0.446, 10.0, 9.667, 0.727];[0, 1];
