[0.452, 18.667, 12.0, 0.598];[0.414, 15.667, 14.333, 0.754];[0, 1];
[0.449, 11.0, 8.0, 0.768];[0.447, 15.667, 8.333, 0.672];[0, 1];
[0.429, 16.667, 14.0, 0.756];[0.529, 18.333, 9.667, 0.687];[0, 1];
[0.469, 14.333, 13.333, 0.697];[0.519, 15.0, 5.0, 0.793];[0, 1];
[0.488, 14.333, 8.667, 0.691];[0.442, 15.333, 12.667, 0.781];[0, 1];
[0.474, 15.0, 10.333, 0.733];[0.479, 19.0, 11.667, 0.833];[1, 0];
[0.414, 10.333, 16.333, 0.827];[0.475, 16.667, 12.667, 0.801];[1, 0];
[0.419, 17.0, 14.0, 0.781];[0.451, 15.667, 12.667, 0.73];[0, 1];
[0.482, 15.667, 6.333, 0.811];[0.442, 16.0, 9.667, 0.758];[0, 1];
[0.526, 12.667, 9.333, 0.806];[0.501, 16.0, 12.667, 0.848];[1, 0];
[0.423, 14.0, 9.0, 0.805];[0.475, 14.667, 11.667, 0.695];[0, 1];
[0.447, 15.0, 11.333, 0.702];[0.462, 12.667, 10.0, 0.682];[0, 1];
[0.514, 13.0, 7.667, 0.851];[0.536, 12.667, 9.0, 0.82];[0, 1];
[0.414, 13.333, 15.0, 0.568];[0.442, 12.667, 8.333, 0.883];[1, 0];
[0.404, 12.0, 10.0, 0.717];[0.478, 15.667, 11.667, 0.83];[1, 0];
[0.434, 14.333, 17.0, 0.722];[0.508, 11.0, 9.333, 0.684];[0, 1];
[0.46, 11.333, 8.333, 0.799];[0.463, 18.0, 11.0, 0.839];[1, 0];
[0.496, 13.333, 8.333, 0.736];[0.443, 14.667, 10.333, 0.7];[0, 1];
[0.471, 15.0, 14.667, 0.776];[0.476, 11.0, 10.0, 0.683];[0, 1];
[0.431, 17.667, 13.667, 0.807];[0.404, 13.667, 9.0, 0.723];[1, 0];
[0.421, 13.667, 10.333, 0.831];[0.423, 15.667, 9.333, 0.805];[1, 0];
[0.515, 17.0, 10.667, 0.744];[0.418, 14.333, 13.0, 0.769];[0, 1];
[0.34, 11.667, 14.333, 0.733];[0.478, 11.333, 10.667, 0.736];[1, 0];
[0.472, 12.667, 12.0, 0.794];[0.425, 11.333, 14.667, 0.756];[0, 1];
[0.509, 9.667, 12.667, 0.694];[0.471, 12.667, 13.0, 0.762];[0, 1];
[0.448, 14.333, 13.667, 0.819];[0.486, 10.333, 12.0, 0.734];[1, 0];
[0.516, 12.333, 14.0, 0.677];[0.46, 11.667, 9.333, 0.817];[0, 1];
[0.443, 11.333, 10.0, 0.795];[0.524, 16.333, 8.667, 0.838];[1, 0];
[0.503, 15.333, 8.333, 0.76];[0.532, 13.667, 12.667, 0.828];[1, 0];
[0.543, 18.667, 7.333, 0.723];[0.516, 14.0, 11.0, 0.593];[1, 0];
[0.497, 13.0, 9.333, 0.745];[0.489, 11.0, 11.667, 0.837];[0, 1];
[0.392, 9.667, 9.333, 0.726];[0.422, 12.667, 14.667, 0.701];[1, 0];
[0.449, 11.667, 11.333, 0.764];[0.42, 13.0, 12.667, 0.749];[0, 1];
[0.454, 12.0, 13.0, 0.804];[0.428, 15.333, 13.667, 0.751];[1, 0];
[0.435, 12.0, 12.333, 0.804];[0.456, 11.667, 10.667, 0.803];[1, 0];
[0.389, 14.667, 10.667, 0.851];[0.452, 14.333, 12.333, 0.748];[0, 1];
[0.438, 15.667, 14.667, 0.757];[0.464, 11.0, 10.667, 0.821];[1, 0];
[0.449, 14.333, 9.667, 0.75];[0.472, 15.667, 13.333, 0.698];[1, 0];
[0.372, 13.667, 10.0, 0.743];[0.452, 15.333, 9.0, 0.692];[1, 0];
[0.446, 14.667, 15.667, 0.708];[0.501, 15.333, 7.0, 0.792];[1, 0];
[0.454, 12.667, 13.0, 0.75];[0.452, 14.333, 13.333, 0.683];[1, 0];
[0.446, 15.0, 11.667, 0.756];[0.481, 14.333, 6.667, 0.734];[0, 1];
[0.498, 15.667, 16.667, 0.694];[0.472, 10.667, 10.0, 0.725];[1, 0];
[0.511, 13.0, 7.667, 0.746];[0.471, 18.667, 11.0, 0.769];[1, 0];
[0.487, 12.667, 11.0, 0.672];[0.452, 11.0, 10.667, 0.722];[1, 0];
[0.494, 15.667, 8.333, 0.719];[0.445, 12.0, 9.0, 0.807];[1, 0];
[0.437, 13.0, 11.0, 0.782];[0.53, 16.667, 5.333, 0.735];[0, 1];
[0.486, 16.333, 11.0, 0.733];[0.487, 11.0, 5.667, 0.666];[0, 1];
[0.446, 10.667, 9.0, 0.727];[0.492, 16.333, 7.333, 0.75];[1, 0];
[0.412, 14.667, 12.333, 0.654];[0.456, 12.667, 10.667, 0.804];[0, 1];
[0.426, 14.0, 13.0, 0.751];[0.458, 10.333, 12.667, 0.786];[0, 1];
[0.484, 14.0, 9.0, 0.726];[0.422, 10.333, 9.667, 0.838];[1, 0];
[0.466, 16.333, 15.333, 0.735];[0.514, 17.0, 7.667, 0.759];[0, 1];
[0.477, 10.333, 10.333, 0.732];[0.42, 11.333, 10.333, 0.866];[1, 0];
[0.431, 12.0, 12.333, 0.785];[0.458, 15.333, 12.0, 0.759];[1, 0];
[0.423, 10.0, 10.333, 0.722];[0.493, 13.0, 11.0, 0.775];[0, 1];
[0.428, 11.333, 13.667, 0.745];[0.462, 14.667, 12.667, 0.705];[1, 0];
[0.408, 13.0, 6.0, 0.692];[0.438, 12.0, 12.333, 0.769];[0, 1];
[0.417, 13.333, 12.0, 0.759];[0.476, 15.333, 7.667, 0.828];[1, 0];
[0.451, 14.333, 13.0, 0.707];[0.518, 19.333, 11.0, 0.807];[0, 1];
[0.478, 17.667, 12.667, 0.754];[0.442, 14.667, 8.667, 0.817];[1, 0];
[0.452, 11.333, 11.667, 0.774];[0.473, 15.0, 11.0, 0.768];[0, 1];
[0.52, 13.333, 8.333, 0.728];[0.468, 17.0, 15.0, 0.705];[1, 0];
[0.448, 12.0, 9.333, 0.696];[0.47, 13.667, 9.0, 0.835];[0, 1];
[0.396, 16.333, 16.0, 0.765];[0.489, 15.667, 9.667, 0.731];[0, 1];
[0.444, 13.667, 8.333, 0.784];[0.456, 12.667, 13.333, 0.801];[0, 1];
[0.511, 12.333, 8.667, 0.737];[0.445, 10.0, 9.333, 0.789];[1, 0];
[0.445, 8.667, 10.667, 0.817];[0.555, 18.0, 9.0, 0.839];[1, 0];
[0.491, 9.667, 8.667, 0.751];[0.463, 14.667, 13.333, 0.869];[0, 1];
[0.467, 16.0, 12.0, 0.627];[0.491, 14.333, 10.667, 0.698];[0, 1];
[0.492, 13.0, 11.667, 0.881];[0.494, 13.333, 12.667, 0.808];[1, 0];
[0.45, 16.333, 11.667, 0.788];[0.424, 22.0, 9.0, 0.821];[1, 0];
[0.508, 13.667, 11.0, 0.808];[0.426, 13.333, 13.0, 0.787];[0, 1];
[0.448, 16.0, 14.0, 0.769];[0.463, 15.333, 10.333, 0.783];[0, 1];
[0.486, 10.667, 12.0, 0.786];[0.416, 11.333, 11.667, 0.677];[0, 1];
[0.459, 13.333, 13.0, 0.75];[0.463, 17.0, 13.667, 0.636];[1, 0];
[0.452, 13.0, 10.0, 0.614];[0.442, 15.0, 8.667, 0.699];[1, 0];
[0.47, 10.0, 8.0, 0.711];[0.497, 14.333, 9.333, 0.784];[1, 0];
[0.441, 16.667, 9.0, 0.773];[0.486, 12.333, 6.667, 0.663];[1, 0];
[0.455, 16.333, 11.667, 0.828];[0.499, 14.667, 7.667, 0.751];[1, 0];
[0.491, 14.0, 10.0, 0.831];[0.455, 12.667, 10.667, 0.774];[1, 0];
[0.433, 15.333, 13.667, 0.74];[0.496, 13.667, 10.667, 0.768];[0, 1];
[0.459, 12.0, 12.0, 0.792];[0.491, 7.667, 8.333, 0.812];[0, 1];
[0.456, 13.333, 10.0, 0.629];[0.469, 10.333, 8.667, 0.766];[1, 0];
[0.481, 14.667, 13.0, 0.857];[0.48, 13.333, 12.333, 0.801];[0, 1];
[0.482, 17.333, 12.0, 0.786];[0.435, 13.667, 9.333, 0.749];[1, 0];
[0.531, 13.667, 10.667, 0.803];[0.464, 12.667, 12.667, 0.797];[1, 0];
[0.491, 12.667, 12.333, 0.889];[0.425, 12.0, 12.667, 0.711];[1, 0];
[0.479, 12.333, 9.333, 0.719];[0.447, 12.0, 12.0, 0.73];[1, 0];
[0.469, 13.0, 11.667, 0.857];[0.481, 11.0, 11.667, 0.849];[1, 0];
[0.457, 11.667, 8.333, 0.779];[0.45, 12.0, 10.333, 0.68];[1, 0];
[0.463, 11.667, 7.667, 0.785];[0.521, 10.333, 12.0, 0.778];[0, 1];
[0.495, 15.333, 7.333, 0.794];[0.489, 14.333, 13.667, 0.83];[0, 1];
[0.478, 14.333, 9.667, 0.731];[0.457, 15.0, 12.667, 0.76];[1, 0];
[0.474, 18.333, 14.333, 0.619];[0.467, 13.0, 11.667, 0.735];[0, 1];
[0.529, 10.0, 9.333, 0.773];[0.387, 15.0, 12.333, 0.719];[0, 1];
[0.451, 15.667, 9.333, 0.769];[0.43, 13.0, 18.333, 0.796];[0, 1];
[0.455, 13.333, 12.333, 0.811];[0.543, 13.0, 11.0, 0.774];[0, 1];
[0.455, 9.333, 11.667, 0.73];[0.488, 10.0, 9.0, 0.777];[1, 0];
[0.481, 14.333, 6.0, 0.68];[0.486, 13.0, 12.333, 0.784];[0, 1];
[0.442, 9.0, 10.333, 0.685];[0.464, 10.0, 10.0, 0.768];[1, 0];
[0.489, 11.333, 13.333, 0.764];[0.519, 15.333, 7.0, 0.805];[1, 0];
[0.43, 13.667, 9.0, 0.775];[0.402, 13.0, 14.0, 0.713];[1, 0];
[0.444, 12.0, 10.667, 0.748];[0.458, 12.0, 14.333, 0.681];[0, 1];
[0.474, 14.0, 10.0, 0.859];[0.465, 15.667, 10.0, 0.722];[1, 0];
[0.455, 9.667, 12.0, 0.667];[0.46, 13.667, 10.333, 0.736];[1, 0];
[0.454, 9.667, 11.0, 0.768];[0.42, 14.0, 11.667, 0.768];[1, 0];
[0.375, 10.0, 21.0, 0.65];[0.371, 15.0, 9.0, 0.765];[0, 1];
[0.481, 20.0, 9.667, 0.772];[0.467, 12.333, 13.667, 0.8];[1, 0];
[0.507, 16.667, 15.667, 0.796];[0.44, 13.667, 11.667, 0.737];[0, 1];
[0.509, 12.0, 13.333, 0.763];[0.49, 13.667, 9.667, 0.764];[1, 0];
[0.485, 14.333, 9.333, 0.749];[0.451, 13.333, 11.667, 0.81];[0, 1];
[0.485, 13.667, 9.0, 0.755];[0.436, 9.333, 12.0, 0.808];[0, 1];
[0.523, 14.333, 7.0, 0.78];[0.493, 13.0, 9.667, 0.712];[1, 0];
[0.425, 17.667, 11.333, 0.765];[0.479, 17.333, 11.0, 0.837];[1, 0];
[0.508, 13.333, 11.667, 0.772];[0.396, 10.667, 12.667, 0.751];[0, 1];
[0.425, 15.333, 13.333, 0.835];[0.503, 15.333, 13.333, 0.707];[0, 1];
[0.535, 12.0, 6.667, 0.77];[0.451, 9.667, 13.667, 0.67];[0, 1];
[0.464, 12.667, 8.667, 0.685];[0.494, 13.667, 13.333, 0.777];[1, 0];
[0.545, 17.667, 10.0, 0.669];[0.548, 11.667, 6.0, 0.752];[0, 1];
[0.495, 13.333, 6.333, 0.775];[0.446, 13.333, 10.333, 0.8];[1, 0];
[0.476, 11.667, 12.667, 0.698];[0.463, 14.667, 13.333, 0.75];[0, 1];
[0.433, 12.333, 11.667, 0.737];[0.455, 9.667, 7.667, 0.703];[0, 1];
[0.462, 13.0, 10.0, 0.736];[0.436, 17.667, 6.667, 0.769];[0, 1];
[0.435, 10.667, 5.667, 0.768];[0.47, 19.667, 9.333, 0.711];[1, 0];
[0.508, 12.333, 10.0, 0.672];[0.437, 13.333, 12.0, 0.644];[0, 1];
[0.517, 11.667, 11.333, 0.699];[0.434, 13.0, 11.667, 0.676];[1, 0];
[0.46, 13.0, 9.333, 0.662];[0.455, 18.0, 7.333, 0.803];[1, 0];
[0.408, 14.0, 18.0, 0.68];[0.4, 15.0, 11.333, 0.792];[0, 1];
[0.461, 11.333, 12.667, 0.796];[0.456, 10.667, 12.333, 0.769];[1, 0];
[0.439, 12.667, 9.0, 0.689];[0.485, 12.667, 9.333, 0.779];[0, 1];
[0.5, 14.667, 7.333, 0.698];[0.425, 8.667, 12.333, 0.678];[1, 0];
[0.427, 15.333, 9.667, 0.72];[0.452, 11.333, 12.0, 0.758];[0, 1];
[0.436, 14.333, 11.0, 0.763];[0.455, 15.667, 10.0, 0.806];[1, 0];
[0.448, 13.0, 8.667, 0.829];[0.478, 15.333, 12.667, 0.659];[1, 0];
[0.507, 14.0, 8.333, 0.763];[0.456, 13.333, 12.0, 0.807];[0, 1];
[0.513, 10.333, 14.667, 0.713];[0.503, 12.333, 5.333, 0.844];[1, 0];
[0.45, 16.0, 11.0, 0.666];[0.453, 14.333, 13.333, 0.767];[1, 0];
[0.4, 14.0, 10.667, 0.872];[0.529, 17.667, 10.667, 0.787];[0, 1];
[0.473, 12.0, 11.667, 0.755];[0.447, 10.0, 11.667, 0.702];[0, 1];
[0.484, 13.333, 11.333, 0.707];[0.414, 11.667, 14.0, 0.736];[0, 1];
[0.462, 13.0, 9.333, 0.728];[0.433, 12.667, 14.333, 0.814];[1, 0];
[0.446, 18.333, 12.667, 0.605];[0.473, 13.333, 9.0, 0.729];[0, 1];
[0.445, 17.0, 12.0, 0.759];[0.467, 10.333, 11.333, 0.749];[0, 1];
[0.487, 17.667, 10.0, 0.76];[0.475, 11.333, 10.333, 0.731];[0, 1];
[0.478, 13.333, 14.0, 0.633];[0.486, 12.0, 9.333, 0.697];[1, 0];
[0.418, 10.667, 8.333, 0.707];[0.469, 12.333, 9.667, 0.728];[1, 0];
[0.471, 13.333, 14.667, 0.777];[0.478, 10.0, 11.0, 0.711];[1, 0];
[0.51, 14.0, 11.0, 0.705];[0.472, 11.333, 16.667, 0.718];[1, 0];
[0.469, 10.333, 9.667, 0.812];[0.469, 15.0, 14.667, 0.793];[0, 1];
[0.506, 12.333, 10.333, 0.762];[0.528, 17.0, 10.0, 0.735];[0, 1];
[0.391, 12.333, 11.667, 0.772];[0.495, 19.0, 11.333, 0.795];[1, 0];
[0.461, 12.333, 7.667, 0.794];[0.501, 16.0, 6.333, 0.795];[1, 0];
[0.462, 14.667, 10.0, 0.705];[0.418, 13.333, 13.333, 0.728];[0, 1];
[0.46, 18.0, 15.333, 0.781];[0.517, 18.0, 10.333, 0.692];[0, 1];
[0.434, 12.0, 14.667, 0.757];[0.48, 11.333, 11.333, 0.667];[1, 0];
[0.398, 15.333, 10.0, 0.775];[0.484, 13.333, 10.0, 0.758];[0, 1];
[0.449, 14.333, 10.0, 0.779];[0.461, 14.333, 10.0, 0.671];[1, 0];
[0.408, 13.333, 13.667, 0.768];[0.463, 15.667, 10.0, 0.846];[1, 0];
[0.496, 19.667, 9.0, 0.803];[0.511, 13.667, 12.333, 0.817];[0, 1];
[0.468, 15.333, 10.0, 0.736];[0.53, 13.667, 7.333, 0.799];[1, 0];
[0.449, 11.0, 12.0, 0.679];[0.416, 17.333, 14.0, 0.774];[1, 0];
[0.476, 13.333, 8.0, 0.716];[0.45, 17.667, 11.333, 0.589];[1, 0];
[0.44, 13.0, 11.0, 0.793];[0.49, 14.667, 10.0, 0.722];[0, 1];
[0.457, 12.333, 6.667, 0.718];[0.409, 13.333, 15.0, 0.701];[1, 0];
[0.453, 11.667, 13.667, 0.838];[0.394, 11.667, 14.0, 0.727];[0, 1];
[0.52, 17.333, 5.667, 0.785];[0.441, 13.0, 12.667, 0.855];[1, 0];
[0.468, 13.333, 9.0, 0.79];[0.512, 17.0, 18.0, 0.8];[1, 0];
[0.493, 16.333, 13.0, 0.768];[0.438, 12.333, 11.333, 0.787];[1, 0];
[0.417, 11.667, 10.0, 0.824];[0.465, 12.333, 10.667, 0.667];[0, 1];
[0.536, 13.667, 9.333, 0.727];[0.482, 14.333, 11.0, 0.736];[1, 0];
[0.456, 10.667, 9.667, 0.777];[0.456, 14.333, 12.0, 0.776];[0, 1];
[0.471, 12.333, 9.333, 0.649];[0.452, 12.0, 15.0, 0.768];[1, 0];
[0.417, 10.333, 17.333, 0.781];[0.461, 16.0, 11.0, 0.817];[0, 1];
[0.415, 11.333, 13.0, 0.686];[0.434, 9.333, 11.667, 0.708];[0, 1];
[0.516, 17.667, 10.333, 0.72];[0.486, 17.0, 9.667, 0.726];[1, 0];
[0.484, 13.333, 14.0, 0.801];[0.488, 14.333, 7.333, 0.844];[1, 0];
[0.441, 8.667, 14.333, 0.755];[0.418, 11.333, 13.667, 0.822];[1, 0];
[0.478, 13.667, 12.333, 0.675];[0.472, 14.0, 10.333, 0.745];[0, 1];
[0.516, 10.333, 12.333, 0.705];[0.482, 11.333, 11.667, 0.794];[1, 0];
[0.466, 11.333, 10.0, 0.81];[0.485, 11.333, 10.333, 0.667];[1, 0];
[0.43, 11.667, 8.0, 0.742];[0.444, 16.0, 9.667, 0.706];[1, 0];
[0.5, 12.333, 9.333, 0.74];[0.491, 11.0, 9.0, 0.767];[1, 0];
[0.464, 13.333, 14.0, 0.77];[0.521, 14.0, 8.667, 0.826];[1, 0];
[0.419, 16.667, 11.0, 0.741];[0.471, 15.667, 11.667, 0.728];[0, 1];
[0.418, 11.333, 13.0, 0.611];[0.471, 8.667, 7.333, 0.776];[0, 1];
[0.459, 16.0, 11.333, 0.76];[0.49, 11.667, 13.667, 0.715];[1, 0];
[0.502, 16.0, 11.0, 0.714];[0.46, 13.667, 12.667, 0.735];[0, 1];
[0.41, 10.0, 12.0, 0.719];[0.446, 14.667, 11.667, 0.713];[0, 1];
[0.499, 11.0, 8.0, 0.825];[0.487, 14.333, 10.667, 0.886];[0, 1];
[0.467, 11.333, 13.0, 0.795];[0.455, 15.333, 11.333, 0.79];[0, 1];
[0.495, 11.667, 7.333, 0.671];[0.493, 11.667, 9.0, 0.754];[1, 0];
[0.5, 14.333, 11.0, 0.713];[0.514, 12.0, 11.0, 0.693];[0, 1];
[0.457, 14.667, 9.0, 0.752];[0.452, 14.333, 13.333, 0.777];[0, 1];
[0.48, 11.333, 10.0, 0.782];[0.442, 14.333, 9.667, 0.757];[0, 1];
[0.428, 13.333, 15.667, 0.792];[0.512, 13.0, 6.667, 0.817];[0, 1];
[0.461, 16.667, 12.0, 0.761];[0.421, 11.0, 11.0, 0.727];[0, 1];
[0.418, 8.667, 12.0, 0.676];[0.472, 14.667, 9.0, 0.841];[0, 1];
[0.421, 13.0, 13.667, 0.801];[0.509, 18.667, 9.667, 0.732];[0, 1];
[0.509, 15.667, 12.667, 0.762];[0.425, 9.333, 12.333, 0.712];[0, 1];
[0.446, 13.667, 8.0, 0.861];[0.406, 13.667, 13.0, 0.654];[1, 0];
[0.477, 16.0, 10.333, 0.741];[0.376, 11.0, 8.333, 0.742];[0, 1];
[0.499, 13.0, 9.0, 0.77];[0.419, 12.333, 9.0, 0.647];[0, 1];
[0.532, 10.333, 6.0, 0.641];[0.432, 12.667, 12.667, 0.76];[1, 0];
[0.454, 11.0, 7.667, 0.852];[0.454, 10.333, 13.0, 0.744];[1, 0];
[0.434, 12.667, 11.333, 0.804];[0.433, 13.667, 10.333, 0.733];[0, 1];
[0.45, 16.0, 9.667, 0.844];[0.491, 17.0, 8.667, 0.85];[1, 0];
[0.515, 13.667, 12.0, 0.805];[0.47, 9.667, 11.333, 0.797];[0, 1];
[0.498, 15.667, 10.0, 0.685];[0.445, 14.667, 11.667, 0.799];[0, 1];
[0.416, 9.333, 17.667, 0.739];[0.497, 15.0, 11.0, 0.827];[0, 1];
[0.471, 13.333, 10.0, 0.779];[0.519, 16.667, 6.667, 0.754];[1, 0];
[0.466, 9.667, 10.0, 0.727];[0.43, 16.0, 10.333, 0.784];[1, 0];
[0.538, 13.667, 9.0, 0.746];[0.437, 16.667, 9.0, 0.798];[1, 0];
[0.416, 16.0, 10.0, 0.772];[0.481, 16.0, 9.0, 0.762];[1, 0];
[0.505, 16.333, 10.0, 0.779];[0.463, 10.667, 13.667, 0.684];[0, 1];
[0.473, 9.333, 11.333, 0.819];[0.426, 13.0, 11.333, 0.712];[0, 1];
[0.485, 15.667, 10.0, 0.78];[0.405, 9.667, 9.667, 0.795];[0, 1];
[0.508, 14.333, 13.0, 0.89];[0.512, 14.333, 8.333, 0.796];[1, 0];
[0.489, 12.333, 8.0, 0.732];[0.471, 15.333, 9.667, 0.902];[0, 1];
[0.406, 12.0, 8.667, 0.766];[0.446, 10.333, 9.667, 0.811];[0, 1];
[0.502, 16.0, 10.333, 0.649];[0.483, 13.0, 8.0, 0.733];[1, 0];
[0.489, 14.0, 10.667, 0.756];[0.455, 8.667, 9.0, 0.809];[1, 0];
[0.459, 11.333, 9.667, 0.746];[0.45, 15.0, 10.667, 0.773];[0, 1];
[0.507, 11.0, 9.333, 0.789];[0.489, 16.333, 11.333, 0.758];[0, 1];
[0.422, 14.0, 13.333, 0.828];[0.495, 18.0, 9.333, 0.765];[1, 0];
[0.437, 9.0, 12.0, 0.819];[0.417, 14.0, 11.333, 0.667];[1, 0];
[0.482, 14.667, 7.667, 0.749];[0.418, 13.0, 13.0, 0.782];[1, 0];
[0.488, 11.667, 8.667, 0.714];[0.495, 10.667, 13.0, 0.763];[0, 1];
[0.504, 14.667, 10.333, 0.686];[0.424, 9.667, 9.333, 0.712];[0, 1];
[0.476, 12.0, 15.0, 0.804];[0.436, 11.667, 10.667, 0.702];[1, 0];
[0.498, 13.333, 7.333, 0.786];[0.457, 12.333, 12.0, 0.685];[0, 1];
[0.424, 14.0, 14.667, 0.701];[0.446, 11.667, 8.0, 0.809];[1, 0];
[0.447, 12.667, 16.0, 0.659];[0.449, 10.667, 11.0, 0.73];[1, 0];
[0.483, 10.0, 12.333, 0.641];[0.524, 13.333, 9.0, 0.745];[1, 0];
[0.461, 14.667, 14.333, 0.769];[0.421, 10.333, 16.0, 0.725];[0, 1];
[0.457, 12.333, 9.333, 0.788];[0.464, 14.333, 13.667, 0.768];[1, 0];
[0.482, 15.333, 7.333, 0.747];[0.466, 16.0, 9.667, 0.763];[0, 1];
[0.465, 14.333, 13.667, 0.705];[0.451, 8.333, 15.0, 0.779];[0, 1];
[0.47, 16.333, 11.0, 0.718];[0.443, 9.667, 11.0, 0.767];[1, 0];
[0.442, 11.0, 9.0, 0.877];[0.505, 12.333, 12.0, 0.796];[0, 1];
[0.478, 14.667, 7.0, 0.597];[0.425, 14.0, 9.667, 0.731];[1, 0];
[0.474, 13.0, 10.667, 0.721];[0.414, 13.0, 12.0, 0.725];[0, 1];
[0.46, 18.333, 13.333, 0.734];[0.451, 16.667, 11.667, 0.727];[1, 0];
[0.438, 12.0, 12.0, 0.781];[0.436, 11.667, 9.0, 0.747];[0, 1];
[0.454, 15.667, 15.667, 0.774];[0.438, 11.667, 14.667, 0.748];[0, 1];
[0.453, 15.333, 8.667, 0.759];[0.407, 13.0, 13.0, 0.669];[1, 0];
[0.438, 12.0, 9.333, 0.816];[0.438, 16.667, 11.0, 0.767];[1, 0];
[0.415, 11.0, 10.667, 0.899];[0.469, 17.333, 13.667, 0.786];[1, 0];
[0.472, 15.667, 10.667, 0.831];[0.503, 14.0, 8.333, 0.677];[1, 0];
[0.483, 14.333, 10.333, 0.845];[0.37, 10.333, 13.0, 0.729];[0, 1];
[0.499, 14.333, 12.0, 0.617];[0.448, 15.667, 14.0, 0.678];[1, 0];
[0.51, 15.0, 9.667, 0.821];[0.434, 12.667, 12.667, 0.735];[1, 0];
[0.47, 15.333, 11.333, 0.836];[0.52, 13.0, 13.0, 0.696];[1, 0];
[0.475, 10.0, 12.667, 0.696];[0.459, 13.0, 9.333, 0.773];[1, 0];
[0.462, 10.333, 8.0, 0.814];[0.433, 15.667, 11.0, 0.789];[1, 0];
[0.528, 13.667, 8.667, 0.784];[0.464, 11.0, 9.0, 0.832];[0, 1];
[0.416, 11.667, 12.333, 0.824];[0.524, 15.0, 9.333, 0.793];[0, 1];
[0.413, 12.0, 11.667, 0.759];[0.42, 16.333, 13.667, 0.731];[1, 0];
[0.42, 10.333, 10.333, 0.828];[0.494, 11.0, 11.333, 0.624];[0, 1];
[0.501, 12.0, 9.667, 0.77];[0.468, 13.0, 11.0, 0.71];[0, 1];
[0.443, 15.333, 8.667, 0.663];[0.485, 14.0, 13.667, 0.755];[0, 1];
[0.508, 14.0, 10.667, 0.791];[0.407, 14.0, 14.333, 0.703];[1, 0];
[0.438, 18.333, 14.667, 0.778];[0.475, 15.667, 13.333, 0.811];[0, 1];
[0.558, 15.0, 7.0, 0.556];[0.433, 14.0, 14.0, 0.724];[1, 0];
[0.396, 12.0, 13.667, 0.812];[0.433, 13.667, 11.0, 0.889];[0, 1];
[0.432, 15.0, 13.333, 0.622];[0.477, 14.333, 9.0, 0.779];[1, 0];
[0.451, 8.667, 11.0, 0.852];[0.503, 15.333, 11.667, 0.747];[1, 0];
[0.41, 15.333, 9.667, 0.763];[0.403, 13.667, 13.667, 0.743];[1, 0];
[0.525, 14.333, 7.333, 0.802];[0.456, 11.333, 14.0, 0.772];[0, 1];
[0.473, 12.667, 11.333, 0.788];[0.457, 15.333, 12.0, 0.76];[1, 0];
[0.513, 14.0, 7.333, 0.69];[0.461, 13.0, 8.333, 0.736];[0, 1];
[0.47, 12.667, 7.333, 0.798];[0.469, 14.667, 13.0, 0.741];[1, 0];
[0.456, 15.667, 7.333, 0.694];[0.445, 16.667, 10.0, 0.661];[1, 0];
[0.491, 14.0, 11.333, 0.707];[0.491, 12.333, 12.333, 0.747];[0, 1];
[0.457, 14.333, 9.667, 0.79];[0.487, 12.667, 11.0, 0.681];[1, 0];
[0.391, 14.667, 12.333, 0.859];[0.479, 9.333, 11.0, 0.679];[0, 1];
[0.511, 11.333, 8.667, 0.797];[0.488, 14.667, 10.0, 0.736];[1, 0];
[0.492, 13.333, 7.0, 0.716];[0.446, 15.0, 8.667, 0.803];[1, 0];
[0.378, 12.0, 9.0, 0.773];[0.474, 11.667, 10.667, 0.801];[1, 0];
[0.515, 13.333, 8.0, 0.762];[0.475, 14.667, 13.333, 0.712];[0, 1];
[0.447, 14.0, 11.667, 0.845];[0.43, 11.333, 14.333, 0.76];[0, 1];
[0.451, 14.333, 7.667, 0.764];[0.448, 10.0, 9.667, 0.854];[0, 1];
[0.476, 12.0, 11.0, 0.759];[0.401, 9.333, 15.333, 0.768];[0, 1];
[0.482, 12.0, 13.333, 0.77];[0.49, 10.333, 9.333, 0.72];[0, 1];
[0.436, 8.0, 9.333, 0.829];[0.481, 12.333, 11.0, 0.797];[0, 1];
[0.457, 14.333, 12.333, 0.578];[0.418, 13.0, 9.667, 0.8];[1, 0];
[0.519, 16.0, 10.0, 0.822];[0.461, 12.667, 10.333, 0.81];[1, 0];
[0.434, 14.333, 10.0, 0.754];[0.491, 11.667, 11.333, 0.93];[1, 0];
[0.491, 15.667, 13.0, 0.753];[0.495, 10.333, 13.0, 0.806];[1, 0];
[0.477, 8.667, 9.0, 0.711];[0.475, 14.0, 13.667, 0.804];[1, 0];
[0.48, 14.333, 8.333, 0.73];[0.463, 14.333, 8.0, 0.683];[1, 0];
[0.473, 10.667, 12.0, 0.754];[0.441, 13.0, 11.333, 0.853];[1, 0];
[0.461, 14.333, 9.0, 0.755];[0.486, 11.333, 8.333, 0.779];[1, 0];
[0.443, 13.0, 15.0, 0.693];[0.446, 15.667, 8.333, 0.853];[1, 0];
[0.448, 14.333, 9.0, 0.841];[0.444, 11.667, 12.667, 0.62];[0, 1];
[0.442, 15.333, 15.333, 0.852];[0.465, 17.0, 11.667, 0.837];[1, 0];
[0.483, 10.0, 12.0, 0.717];[0.454, 14.667, 11.667, 0.819];[1, 0];
[0.457, 16.0, 10.333, 0.75];[0.475, 16.0, 12.0, 0.82];[0, 1];
[0.537, 10.333, 8.0, 0.774];[0.512, 11.333, 9.667, 0.724];[1, 0];
[0.46, 12.333, 12.333, 0.823];[0.477, 13.0, 7.333, 0.739];[1, 0];
[0.445, 15.667, 10.0, 0.815];[0.528, 16.0, 8.333, 0.761];[0, 1];
[0.482, 12.667, 10.333, 0.72];[0.467, 12.333, 14.333, 0.645];[1, 0];
[0.432, 16.333, 12.0, 0.778];[0.446, 12.333, 14.0, 0.804];[0, 1];
[0.448, 11.667, 12.667, 0.742];[0.441, 14.0, 10.333, 0.725];[0, 1];
[0.471, 13.333, 10.0, 0.799];[0.472, 12.667, 10.333, 0.75];[0, 1];
[0.456, 12.0, 10.667, 0.776];[0.417, 15.333, 10.333, 0.855];[1, 0];
[0.477, 15.0, 9.333, 0.681];[0.517, 9.333, 9.667, 0.809];[0, 1];
[0.399, 14.333, 11.667, 0.747];[0.437, 13.667, 12.667, 0.77];[1, 0];
[0.444, 13.667, 12.667, 0.856];[0.446, 14.0, 11.667, 0.825];[0, 1];
[0.452, 12.667, 12.667, 0.776];[0.453, 15.0, 10.667, 0.773];[1, 0];
[0.483, 11.333, 10.333, 0.83];[0.455, 12.333, 11.0, 0.765];[1, 0];
[0.487, 12.667, 12.667, 0.687];[0.409, 13.667, 11.0, 0.877];[1, 0];
[0.496, 13.0, 8.667, 0.795];[0.473, 8.0, 9.0, 0.755];[1, 0];
[0.442, 17.333, 7.667, 0.769];[0.431, 14.667, 12.333, 0.758];[0, 1];
[0.473, 16.333, 14.333, 0.767];[0.446, 14.333, 10.333, 0.706];[1, 0];
[0.449, 14.333, 13.667, 0.792];[0.406, 13.667, 12.667, 0.846];[1, 0];
[0.48, 9.0, 10.333, 0.808];[0.435, 12.0, 11.333, 0.697];[0, 1];
[0.472, 15.0, 9.333, 0.855];[0.455, 11.333, 12.0, 0.875];[1, 0];
[0.418, 13.667, 11.333, 0.672];[0.475, 13.0, 9.667, 0.66];[1, 0];
[0.451, 13.333, 13.667, 0.725];[0.465, 14.667, 16.667, 0.785];[0, 1];
[0.4, 18.667, 12.667, 0.772];[0.468, 13.0, 12.0, 0.816];[1, 0];
[0.491, 15.0, 5.667, 0.714];[0.495, 16.667, 8.667, 0.747];[1, 0];
[0.437, 11.0, 16.0, 0.735];[0.43, 10.667, 12.667, 0.737];[0, 1];
[0.444, 13.333, 13.667, 0.675];[0.482, 14.667, 10.0, 0.736];[0, 1];
[0.441, 11.667, 10.667, 0.805];[0.475, 11.667, 9.667, 0.77];[1, 0];
[0.505, 12.333, 7.667, 0.792];[0.452, 13.0, 10.667, 0.661];[1, 0];
[0.457, 10.333, 8.333, 0.803];[0.476, 19.333, 9.333, 0.79];[1, 0];
[0.51, 12.0, 10.667, 0.682];[0.444, 14.667, 14.333, 0.749];[1, 0];
[0.452, 12.0, 6.0, 0.749];[0.456, 15.0, 7.667, 0.71];[1, 0];
[0.486, 8.333, 9.0, 0.827];[0.465, 12.0, 9.667, 0.768];[0, 1];
[0.446, 14.0, 9.0, 0.742];[0.443, 15.0, 10.0, 0.729];[1, 0];
[0.394, 18.333, 14.667, 0.765];[0.506, 14.0, 10.333, 0.772];[0, 1];
[0.49, 18.333, 6.667, 0.738];[0.442, 14.333, 11.0, 0.856];[0, 1];
[0.444, 18.0, 7.333, 0.756];[0.413, 16.0, 10.0, 0.747];[1, 0];
[0.494, 13.667, 11.667, 0.82];[0.544, 10.667, 11.0, 0.801];[1, 0];
[0.435, 12.0, 10.333, 0.741];[0.476, 20.0, 9.667, 0.805];[1, 0];
[0.478, 15.0, 6.0, 0.64];[0.374, 10.667, 10.0, 0.793];[1, 0];
[0.47, 13.333, 11.667, 0.8];[0.477, 16.0, 13.0, 0.824];[0, 1];
[0.417, 16.0, 12.333, 0.735];[0.426, 16.667, 14.667, 0.857];[1, 0];
[0.48, 9.667, 11.333, 0.766];[0.405, 14.667, 11.0, 0.803];[1, 0];
[0.457, 19.0, 6.0, 0.853];[0.491, 13.333, 9.0, 0.727];[0, 1];
[0.424, 9.667, 14.667, 0.763];[0.444, 7.333, 12.667, 0.705];[0, 1];
[0.421, 15.667, 11.667, 0.74];[0.467, 14.333, 9.0, 0.762];[0, 1];
[0.465, 18.0, 13.0, 0.8];[0.459, 8.0, 5.0, 0.776];[0, 1];
[0.44, 9.333, 10.333, 0.789];[0.491, 10.667, 9.0, 0.765];[1, 0];
[0.489, 14.333, 13.0, 0.624];[0.461, 12.667, 13.333, 0.743];[1, 0];
[0.506, 13.667, 8.333, 0.811];[0.507, 13.333, 10.333, 0.729];[1, 0];
[0.481, 17.333, 9.667, 0.766];[0.503, 15.667, 8.333, 0.772];[0, 1];
[0.501, 11.0, 7.0, 0.778];[0.453, 8.667, 11.0, 0.806];[0, 1];
[0.496, 15.0, 12.667, 0.8];[0.422, 17.667, 7.333, 0.817];[1, 0];
[0.484, 14.333, 10.667, 0.898];[0.499, 11.667, 9.333, 0.711];[0, 1];
[0.448, 12.333, 10.667, 0.672];[0.438, 13.667, 9.333, 0.743];[1, 0];
[0.416, 17.0, 13.0, 0.781];[0.371, 15.0, 9.0, 0.765];[1, 0];
[0.432, 12.333, 8.667, 0.771];[0.466, 18.0, 14.333, 0.805];[0, 1];
[0.468, 13.667, 11.333, 0.655];[0.44, 14.333, 15.333, 0.772];[0, 1];
[0.532, 15.667, 6.0, 0.675];[0.438, 15.0, 11.333, 0.715];[1, 0];
[0.453, 10.333, 9.0, 0.834];[0.473, 11.667, 12.667, 0.672];[0, 1];
[0.504, 12.333, 6.333, 0.682];[0.481, 13.0, 12.667, 0.748];[1, 0];
[0.423, 16.333, 11.667, 0.715];[0.459, 14.333, 11.0, 0.694];[0, 1];
[0.516, 15.667, 5.667, 0.687];[0.47, 13.0, 13.333, 0.768];[0, 1];
[0.453, 13.667, 11.0, 0.818];[0.519, 10.0, 10.0, 0.731];[1, 0];
[0.428, 11.667, 9.333, 0.746];[0.496, 17.667, 11.667, 0.807];[1, 0];
[0.445, 10.0, 9.0, 0.761];[0.428, 15.667, 11.0, 0.776];[0, 1];
[0.412, 11.333, 12.0, 0.74];[0.471, 14.333, 14.0, 0.714];[1, 0];
[0.482, 14.667, 9.667, 0.677];[0.471, 10.333, 14.667, 0.799];[1, 0];
[0.493, 13.667, 10.333, 0.792];[0.467, 13.0, 13.0, 0.801];[1, 0];
[0.392, 15.0, 15.0, 0.795];[0.439, 9.667, 11.667, 0.861];[0, 1];
[0.405, 16.0, 13.0, 0.748];[0.456, 15.667, 14.667, 0.786];[0, 1];
[0.476, 11.0, 10.0, 0.7];[0.434, 11.0, 9.0, 0.767];[0, 1];
[0.522, 11.333, 8.0, 0.77];[0.466, 13.0, 10.0, 0.741];[0, 1];
[0.463, 13.667, 7.667, 0.787];[0.493, 14.667, 10.667, 0.778];[1, 0];
[0.488, 11.333, 7.333, 0.77];[0.447, 11.667, 13.667, 0.682];[0, 1];
[0.432, 12.667, 11.333, 0.791];[0.437, 13.0, 8.667, 0.754];[0, 1];
[0.453, 11.0, 13.0, 0.706];[0.491, 13.333, 9.667, 0.899];[1, 0];
[0.406, 16.333, 11.0, 0.703];[0.477, 13.667, 12.333, 0.794];[0, 1];
[0.446, 13.667, 14.0, 0.785];[0.375, 10.0, 21.0, 0.65];[1, 0];
[0.444, 11.333, 11.0, 0.773];[0.444, 11.0, 10.0, 0.716];[1, 0];
[0.465, 15.667, 9.667, 0.805];[0.469, 13.333, 12.0, 0.742];[0, 1];
[0.513, 15.0, 10.0, 0.832];[0.485, 16.333, 11.667, 0.732];[1, 0];
[0.408, 13.667, 8.0, 0.711];[0.459, 15.667, 10.333, 0.807];[0, 1];
[0.482, 19.0, 12.333, 0.746];[0.489, 13.0, 11.667, 0.74];[0, 1];
[0.536, 13.667, 11.0, 0.751];[0.446, 11.0, 11.333, 0.745];[0, 1];
[0.472, 10.667, 12.667, 0.694];[0.446, 16.333, 13.333, 0.791];[1, 0];
[0.485, 12.333, 10.333, 0.718];[0.464, 17.667, 10.0, 0.679];[0, 1];
[0.491, 14.333, 9.333, 0.669];[0.442, 17.0, 15.0, 0.764];[1, 0];
[0.478, 15.0, 8.667, 0.757];[0.5, 11.667, 10.0, 0.689];[1, 0];
[0.432, 14.0, 15.667, 0.77];[0.51, 11.333, 10.0, 0.755];[0, 1];
[0.442, 15.0, 9.333, 0.615];[0.517, 12.667, 6.0, 0.781];[1, 0];
[0.47, 13.333, 11.667, 0.876];[0.474, 14.0, 10.333, 0.717];[1, 0];
[0.455, 11.667, 9.667, 0.713];[0.434, 16.333, 15.0, 0.769];[1, 0];
[0.484, 13.333, 7.667, 0.804];[0.509, 11.0, 11.667, 0.802];[1, 0];
[0.462, 15.667, 12.667, 0.793];[0.47, 15.667, 11.667, 0.818];[1, 0];
[0.43, 17.0, 7.667, 0.814];[0.511, 18.0, 6.0, 0.766];[0, 1];
[0.48, 12.333, 11.0, 0.843];[0.528, 16.333, 9.0, 0.741];[1, 0];
[0.479, 13.667, 10.333, 0.762];[0.526, 12.667, 12.333, 0.721];[0, 1];
[0.484, 11.667, 10.0, 0.666];[0.466, 17.333, 8.333, 0.668];[1, 0];
[0.431, 14.667, 11.0, 0.74];[0.483, 11.0, 12.333, 0.722];[0, 1];
[0.5, 8.333, 10.0, 0.737];[0.521, 11.333, 7.333, 0.784];[1, 0];
[0.446, 13.333, 9.0, 0.809];[0.427, 14.667, 12.667, 0.725];[0, 1];
[0.449, 12.667, 9.333, 0.663];[0.433, 13.0, 12.667, 0.811];[0, 1];
[0.477, 17.333, 11.0, 0.82];[0.436, 12.333, 10.333, 0.742];[1, 0];
[0.476, 15.667, 11.333, 0.748];[0.474, 16.333, 12.333, 0.668];[1, 0];
[0.447, 14.667, 12.333, 0.796];[0.455, 10.667, 12.333, 0.708];[1, 0];
[0.478, 10.667, 10.667, 0.817];[0.49, 13.333, 9.667, 0.779];[0, 1];
[0.435, 18.333, 9.667, 0.767];[0.461, 14.333, 5.667, 0.827];[1, 0];
[0.47, 12.333, 9.667, 0.722];[0.438, 10.667, 9.667, 0.758];[0, 1];
[0.424, 12.0, 7.333, 0.818];[0.431, 15.333, 11.333, 0.717];[1, 0];
[0.408, 13.333, 12.667, 0.83];[0.445, 15.667, 15.0, 0.698];[1, 0];
[0.459, 9.333, 12.333, 0.709];[0.5, 9.667, 7.333, 0.848];[0, 1];
[0.43, 15.0, 8.0, 0.729];[0.434, 16.667, 12.0, 0.621];[1, 0];
[0.5, 13.0, 8.0, 0.793];[0.465, 16.333, 10.667, 0.766];[0, 1];
[0.488, 13.0, 12.0, 0.682];[0.457, 10.0, 12.0, 0.694];[0, 1];
[0.422, 13.333, 12.0, 0.828];[0.531, 10.333, 9.0, 0.884];[1, 0];
[0.476, 12.333, 10.667, 0.809];[0.442, 11.0, 13.0, 0.818];[0, 1];
[0.449, 13.0, 13.333, 0.83];[0.49, 10.333, 7.667, 0.776];[1, 0];
[0.48, 15.667, 10.0, 0.746];[0.548, 14.0, 11.0, 0.767];[1, 0];
[0.465, 12.333, 8.667, 0.84];[0.531, 20.0, 10.0, 0.732];[1, 0];
[0.462, 11.0, 12.333, 0.743];[0.506, 11.333, 10.333, 0.757];[1, 0];
[0.473, 13.667, 8.333, 0.801];[0.44, 12.333, 11.667, 0.864];[1, 0];
[0.43, 16.0, 14.333, 0.849];[0.447, 13.667, 11.0, 0.712];[0, 1];
[0.427, 13.667, 11.333, 0.723];[0.415, 11.667, 10.0, 0.704];[1, 0];
[0.449, 13.333, 7.667, 0.67];[0.513, 15.333, 9.333, 0.705];[1, 0];
[0.469, 15.333, 10.667, 0.748];[0.449, 9.333, 13.0, 0.843];[1, 0];
[0.456, 13.333, 12.667, 0.708];[0.473, 12.333, 15.667, 0.825];[1, 0];
[0.448, 10.333, 11.0, 0.707];[0.477, 14.333, 12.667, 0.9];[1, 0];
[0.463, 13.333, 8.0, 0.783];[0.503, 14.333, 8.333, 0.756];[1, 0];
[0.488, 9.333, 8.333, 0.823];[0.453, 8.333, 9.667, 0.827];[0, 1];
[0.452, 14.667, 14.667, 0.655];[0.492, 15.0, 8.667, 0.715];[0, 1];
[0.461, 13.333, 11.333, 0.737];[0.467, 12.667, 5.667, 0.771];[1, 0];
[0.431, 14.0, 15.667, 0.775];[0.51, 12.667, 8.333, 0.782];[0, 1];
[0.428, 17.0, 12.667, 0.723];[0.4, 18.667, 11.333, 0.796];[1, 0];
[0.468, 19.0, 9.0, 0.69];[0.449, 19.333, 11.333, 0.739];[0, 1];
[0.451, 16.0, 10.0, 0.782];[0.461, 14.0, 10.333, 0.794];[0, 1];
[0.452, 15.0, 10.333, 0.627];[0.467, 11.333, 9.333, 0.863];[0, 1];
[0.468, 9.0, 14.667, 0.841];[0.496, 11.667, 9.0, 0.788];[0, 1];
[0.373, 12.333, 12.0, 0.749];[0.47, 13.667, 9.0, 0.691];[1, 0];
[0.418, 18.0, 11.0, 0.813];[0.452, 13.333, 9.0, 0.769];[1, 0];
[0.448, 12.0, 9.667, 0.717];[0.458, 13.333, 9.333, 0.722];[1, 0];
[0.466, 15.333, 9.333, 0.738];[0.401, 17.0, 12.333, 0.653];[1, 0];
[0.457, 12.0, 9.0, 0.873];[0.445, 9.333, 11.0, 0.742];[0, 1];
[0.492, 12.333, 7.0, 0.548];[0.536, 13.333, 7.667, 0.66];[1, 0];
[0.449, 13.333, 10.333, 0.794];[0.484, 17.667, 10.0, 0.821];[1, 0];
[0.418, 11.333, 14.667, 0.724];[0.508, 12.667, 8.667, 0.818];[0, 1];
[0.475, 12.333, 9.0, 0.797];[0.459, 10.667, 9.667, 0.753];[1, 0];
[0.47, 10.667, 10.0, 0.689];[0.476, 15.333, 12.333, 0.803];[0, 1];
[0.445, 12.667, 12.0, 0.748];[0.423, 13.333, 8.0, 0.754];[0, 1];
[0.477, 11.667, 10.667, 0.775];[0.493, 11.667, 8.0, 0.756];[0, 1];
[0.507, 12.0, 11.0, 0.724];[0.415, 15.0, 16.0, 0.741];[0, 1];
[0.523, 14.333, 8.667, 0.779];[0.51, 12.333, 12.333, 0.872];[0, 1];
[0.468, 12.667, 14.333, 0.637];[0.459, 10.0, 10.667, 0.835];[0, 1];
[0.449, 10.333, 13.0, 0.757];[0.456, 16.0, 14.667, 0.787];[1, 0];
[0.481, 15.333, 9.333, 0.841];[0.417, 17.333, 14.333, 0.791];[1, 0];
[0.46, 16.667, 8.333, 0.788];[0.426, 13.333, 12.333, 0.791];[1, 0];
[0.435, 16.333, 11.333, 0.809];[0.451, 13.0, 12.667, 0.756];[1, 0];
[0.492, 13.0, 9.333, 0.779];[0.442, 11.333, 14.667, 0.697];[1, 0];
[0.474, 13.667, 9.667, 0.844];[0.502, 17.0, 11.667, 0.755];[0, 1];
[0.497, 14.333, 9.0, 0.746];[0.465, 13.0, 16.667, 0.781];[0, 1];
[0.479, 13.333, 12.333, 0.72];[0.477, 16.667, 10.667, 0.763];[0, 1];
[0.527, 14.667, 10.667, 0.837];[0.415, 14.0, 13.0, 0.713];[1, 0];
[0.48, 10.667, 11.667, 0.794];[0.393, 12.333, 6.0, 0.813];[1, 0];
[0.483, 14.333, 10.667, 0.809];[0.46, 11.333, 12.667, 0.727];[0, 1];
[0.44, 13.333, 16.333, 0.762];[0.458, 14.667, 13.0, 0.716];[0, 1];
[0.455, 13.0, 10.333, 0.697];[0.457, 11.667, 12.667, 0.767];[1, 0];
[0.457, 19.0, 6.0, 0.853];[0.383, 6.0, 7.0, 0.72];[0, 1];
[0.436, 10.0, 9.0, 0.857];[0.446, 12.0, 12.333, 0.651];[0, 1];
[0.477, 13.0, 13.0, 0.874];[0.437, 16.667, 13.333, 0.754];[1, 0];
[0.456, 14.0, 8.667, 0.798];[0.39, 12.667, 13.333, 0.806];[1, 0];
[0.52, 12.0, 4.667, 0.793];[0.509, 14.333, 10.333, 0.7];[1, 0];
[0.45, 14.667, 13.333, 0.794];[0.396, 12.667, 12.333, 0.735];[1, 0];
[0.452, 12.333, 14.0, 0.749];[0.498, 11.0, 7.667, 0.756];[1, 0];
[0.469, 14.333, 9.333, 0.729];[0.454, 8.0, 9.667, 0.714];[0, 1];
[0.447, 12.333, 12.333, 0.704];[0.466, 10.667, 10.667, 0.696];[0, 1];
[0.408, 17.0, 12.0, 0.712];[0.451, 15.667, 10.0, 0.761];[0, 1];
[0.486, 13.333, 9.667, 0.731];[0.503, 13.667, 12.0, 0.757];[1, 0];
[0.476, 11.333, 8.667, 0.756];[0.392, 15.333, 11.0, 0.715];[1, 0];
[0.465, 9.667, 12.333, 0.826];[0.457, 16.333, 8.667, 0.836];[1, 0];
[0.465, 9.333, 10.0, 0.784];[0.439, 14.0, 8.0, 0.81];[0, 1];
[0.457, 14.333, 9.0, 0.828];[0.475, 11.667, 11.333, 0.75];[0, 1];
[0.451, 10.333, 15.0, 0.816];[0.446, 11.667, 10.667, 0.766];[0, 1];
[0.506, 13.0, 11.667, 0.641];[0.455, 11.333, 7.667, 0.765];[1, 0];
[0.445, 15.0, 15.0, 0.856];[0.517, 16.333, 11.667, 0.825];[0, 1];
[0.442, 17.333, 15.333, 0.689];[0.478, 17.667, 15.667, 0.569];[0, 1];
[0.441, 15.333, 11.667, 0.711];[0.449, 15.333, 12.667, 0.808];[1, 0];
[0.425, 11.667, 9.667, 0.806];[0.444, 12.0, 12.333, 0.831];[1, 0];
[0.465, 14.0, 9.667, 0.82];[0.464, 15.0, 16.0, 0.775];[1, 0];
[0.457, 12.333, 15.333, 0.701];[0.486, 15.0, 12.333, 0.782];[0, 1];
[0.433, 14.667, 10.0, 0.823];[0.49, 10.667, 9.667, 0.817];[1, 0];
[0.523, 16.667, 9.333, 0.755];[0.472, 16.0, 12.0, 0.696];[0, 1];
[0.496, 13.667, 10.0, 0.806];[0.469, 10.0, 10.0, 0.816];[0, 1];
[0.503, 17.0, 13.0, 0.782];[0.497, 15.333, 12.333, 0.65];[1, 0];
[0.369, 15.0, 16.333, 0.738];[0.396, 11.333, 13.0, 0.723];[0, 1];
[0.433, 11.333, 7.667, 0.819];[0.439, 14.333, 9.0, 0.784];[1, 0];
[0.467, 11.333, 12.0, 0.74];[0.439, 12.0, 12.333, 0.779];[1, 0];
[0.471, 13.667, 11.667, 0.839];[0.456, 14.667, 9.333, 0.631];[0, 1];
[0.538, 11.667, 12.667, 0.742];[0.405, 15.333, 12.667, 0.75];[1, 0];
[0.427, 12.0, 7.333, 0.747];[0.447, 12.333, 7.333, 0.803];[1, 0];
[0.489, 11.0, 12.667, 0.682];[0.497, 9.0, 12.667, 0.69];[1, 0];
[0.405, 11.333, 11.667, 0.602];[0.466, 11.333, 11.667, 0.709];[0, 1];
[0.472, 15.667, 11.0, 0.826];[0.477, 11.333, 12.333, 0.915];[1, 0];
[0.409, 14.333, 12.0, 0.758];[0.466, 9.0, 9.0, 0.78];[0, 1];
[0.447, 15.0, 17.0, 0.701];[0.466, 14.667, 9.0, 0.797];[0, 1];
[0.431, 12.333, 12.333, 0.76];[0.429, 12.667, 10.333, 0.681];[1, 0];
[0.448, 15.0, 11.667, 0.752];[0.458, 14.333, 12.333, 0.814];[1, 0];
[0.448, 11.333, 8.667, 0.838];[0.441, 12.333, 13.0, 0.753];[1, 0];
[0.422, 12.333, 12.333, 0.689];[0.484, 15.0, 11.333, 0.711];[0, 1];
[0.442, 14.333, 11.667, 0.745];[0.545, 14.0, 8.667, 0.791];[0, 1];
[0.429, 14.333, 9.0, 0.792];[0.392, 10.667, 13.0, 0.637];[1, 0];
[0.403, 9.667, 12.333, 0.667];[0.462, 13.667, 13.0, 0.801];[1, 0];
[0.465, 14.667, 9.667, 0.609];[0.449, 16.667, 12.333, 0.695];[0, 1];
[0.454, 12.333, 10.667, 0.847];[0.428, 11.667, 9.667, 0.613];[1, 0];
[0.471, 12.333, 11.667, 0.574];[0.449, 16.0, 12.333, 0.85];[1, 0];
[0.467, 10.667, 12.333, 0.712];[0.459, 14.333, 9.333, 0.76];[0, 1];
[0.478, 14.0, 12.667, 0.85];[0.446, 14.667, 12.333, 0.861];[0, 1];
[0.416, 16.0, 10.667, 0.794];[0.441, 14.0, 11.667, 0.924];[1, 0];
[0.514, 11.0, 6.333, 0.748];[0.472, 12.667, 9.0, 0.675];[0, 1];
[0.417, 14.667, 11.0, 0.799];[0.448, 13.0, 12.0, 0.749];[1, 0];
[0.349, 14.0, 13.0, 0.649];[0.415, 15.0, 16.0, 0.741];[1, 0];
[0.465, 12.0, 11.333, 0.736];[0.415, 11.0, 12.667, 0.778];[1, 0];
[0.434, 13.333, 11.667, 0.729];[0.456, 14.667, 12.0, 0.766];[1, 0];
[0.435, 15.0, 13.0, 0.761];[0.443, 14.0, 8.0, 0.636];[0, 1];
[0.464, 14.333, 9.333, 0.777];[0.511, 14.667, 9.0, 0.833];[1, 0];
[0.427, 13.0, 13.667, 0.732];[0.432, 14.0, 12.0, 0.736];[0, 1];
[0.471, 15.333, 7.667, 0.774];[0.429, 10.0, 11.0, 0.666];[0, 1];
[0.472, 13.667, 5.333, 0.812];[0.466, 11.333, 11.667, 0.767];[0, 1];
[0.476, 13.333, 9.0, 0.646];[0.536, 23.0, 9.0, 0.618];[0, 1];
[0.403, 11.667, 14.333, 0.772];[0.423, 14.333, 13.667, 0.683];[1, 0];
[0.443, 12.333, 8.333, 0.749];[0.438, 13.333, 12.0, 0.733];[1, 0];
[0.472, 14.667, 12.0, 0.706];[0.515, 14.333, 9.0, 0.707];[1, 0];
[0.477, 12.333, 12.667, 0.738];[0.435, 13.667, 15.0, 0.652];[1, 0];
[0.424, 20.333, 12.333, 0.558];[0.474, 14.667, 9.0, 0.731];[0, 1];
[0.389, 13.333, 16.0, 0.762];[0.411, 15.333, 9.667, 0.837];[0, 1];
[0.457, 14.0, 13.0, 0.718];[0.483, 16.667, 10.0, 0.768];[0, 1];
[0.461, 11.0, 10.333, 0.858];[0.487, 12.667, 12.0, 0.741];[0, 1];
[0.436, 14.667, 13.667, 0.85];[0.487, 14.667, 13.333, 0.823];[1, 0];
[0.466, 11.333, 14.0, 0.624];[0.432, 14.0, 16.333, 0.78];[1, 0];
[0.468, 13.667, 10.0, 0.663];[0.451, 10.667, 14.667, 0.747];[1, 0];
[0.427, 10.333, 8.0, 0.819];[0.507, 13.0, 9.667, 0.76];[1, 0];
[0.447, 14.333, 7.667, 0.817];[0.477, 10.667, 8.333, 0.683];[1, 0];
[0.423, 19.0, 10.0, 0.787];[0.439, 14.667, 13.333, 0.804];[1, 0];
[0.484, 12.667, 11.333, 0.686];[0.501, 17.333, 9.333, 0.765];[0, 1];
[0.429, 14.667, 8.0, 0.818];[0.444, 15.333, 11.667, 0.742];[0, 1];
[0.432, 13.333, 12.333, 0.74];[0.488, 16.0, 9.0, 0.748];[0, 1];
[0.449, 15.667, 12.333, 0.769];[0.519, 12.0, 12.667, 0.724];[0, 1];
[0.492, 12.667, 10.0, 0.793];[0.499, 15.0, 11.0, 0.807];[1, 0];
[0.491, 14.667, 10.667, 0.748];[0.448, 15.0, 10.667, 0.727];[0, 1];
[0.53, 9.667, 10.667, 0.599];[0.433, 12.667, 15.0, 0.789];[0, 1];
[0.453, 15.0, 13.0, 0.713];[0.485, 17.667, 13.333, 0.633];[0, 1];
[0.467, 10.333, 11.0, 0.803];[0.566, 10.333, 7.0, 0.72];[1, 0];
[0.468, 13.667, 10.333, 0.707];[0.452, 14.0, 11.667, 0.766];[1, 0];
[0.457, 11.333, 8.333, 0.675];[0.457, 13.0, 9.333, 0.749];[0, 1];
[0.48, 14.0, 12.0, 0.745];[0.534, 11.0, 11.667, 0.694];[0, 1];
[0.466, 16.0, 14.333, 0.732];[0.456, 13.333, 13.333, 0.726];[0, 1];
[0.437, 14.667, 9.667, 0.778];[0.479, 16.0, 11.0, 0.705];[0, 1];
[0.445, 11.667, 11.0, 0.718];[0.498, 11.667, 8.0, 0.774];[0, 1];
[0.468, 8.667, 8.333, 0.831];[0.446, 9.333, 9.333, 0.749];[0, 1];
[0.453, 11.0, 11.667, 0.776];[0.438, 15.667, 13.0, 0.833];[0, 1];
[0.425, 19.333, 13.0, 0.76];[0.489, 13.333, 12.333, 0.791];[0, 1];
[0.473, 15.0, 11.667, 0.753];[0.448, 15.667, 11.333, 0.804];[1, 0];
[0.376, 12.333, 14.667, 0.734];[0.457, 13.667, 15.333, 0.779];[1, 0];
[0.462, 16.333, 10.333, 0.77];[0.516, 15.667, 13.0, 0.803];[0, 1];
[0.395, 19.0, 13.0, 0.643];[0.417, 9.0, 15.0, 0.679];[0, 1];
[0.444, 12.0, 12.667, 0.846];[0.443, 17.333, 11.0, 0.74];[1, 0];
[0.467, 14.0, 10.667, 0.742];[0.485, 7.333, 11.0, 0.733];[1, 0];
[0.518, 14.333, 8.0, 0.755];[0.416, 13.667, 12.333, 0.719];[1, 0];
[0.468, 15.0, 15.667, 0.739];[0.456, 13.667, 9.333, 0.658];[1, 0];
[0.481, 11.333, 10.0, 0.77];[0.44, 16.333, 8.333, 0.718];[1, 0];
[0.485, 12.333, 11.667, 0.706];[0.459, 15.0, 11.667, 0.767];[1, 0];
[0.444, 15.667, 13.0, 0.806];[0.477, 12.0, 13.0, 0.717];[1, 0];
[0.472, 13.333, 9.333, 0.816];[0.422, 12.667, 10.667, 0.781];[1, 0];
[0.509, 12.0, 6.667, 0.669];[0.428, 15.0, 13.667, 0.711];[1, 0];
[0.427, 11.0, 10.333, 0.787];[0.483, 8.667, 11.333, 0.742];[1, 0];
[0.39, 12.0, 13.0, 0.766];[0.507, 12.333, 7.0, 0.872];[0, 1];
[0.456, 13.0, 13.0, 0.67];[0.476, 14.333, 9.0, 0.784];[0, 1];
[0.409, 14.667, 10.0, 0.721];[0.438, 15.333, 8.667, 0.755];[1, 0];
[0.445, 11.667, 14.333, 0.698];[0.463, 14.333, 13.667, 0.81];[0, 1];
[0.434, 12.0, 10.0, 0.789];[0.367, 14.0, 12.0, 0.808];[1, 0];
[0.418, 10.333, 15.0, 0.656];[0.543, 11.333, 5.0, 0.78];[0, 1];
[0.527, 14.333, 6.333, 0.804];[0.473, 12.333, 11.333, 0.705];[0, 1];
[0.513, 10.333, 9.0, 0.761];[0.46, 14.333, 13.667, 0.69];[0, 1];
[0.437, 13.333, 12.333, 0.756];[0.433, 18.0, 8.667, 0.746];[1, 0];
[0.447, 10.667, 14.0, 0.809];[0.492, 13.333, 12.333, 0.795];[0, 1];
[0.414, 15.667, 10.333, 0.76];[0.44, 11.333, 8.667, 0.711];[0, 1];
[0.433, 13.0, 11.0, 0.76];[0.483, 13.333, 15.0, 0.764];[0, 1];
[0.498, 14.0, 15.333, 0.748];[0.418, 15.0, 12.667, 0.888];[1, 0];
[0.418, 13.333, 13.333, 0.756];[0.545, 15.0, 7.667, 0.78];[0, 1];
[0.428, 14.667, 10.333, 0.83];[0.446, 14.0, 10.667, 0.742];[1, 0];
[0.452, 11.667, 9.0, 0.722];[0.434, 13.667, 14.0, 0.712];[1, 0];
[0.453, 10.0, 12.333, 0.793];[0.412, 11.667, 10.333, 0.73];[0, 1];
[0.539, 15.667, 8.0, 0.697];[0.475, 13.333, 9.667, 0.799];[1, 0];
[0.416, 14.333, 14.0, 0.739];[0.445, 17.333, 13.333, 0.778];[0, 1];
[0.437, 11.0, 10.333, 0.778];[0.485, 13.0, 16.333, 0.749];[1, 0];
[0.497, 15.0, 12.0, 0.818];[0.494, 15.333, 11.333, 0.744];[0, 1];
[0.427, 13.667, 8.667, 0.737];[0.462, 12.333, 8.333, 0.811];[0, 1];
[0.441, 15.333, 13.333, 0.754];[0.416, 15.333, 12.667, 0.762];[0, 1];
[0.464, 13.333, 11.0, 0.788];[0.462, 10.333, 11.333, 0.775];[1, 0];
[0.491, 15.0, 11.0, 0.754];[0.443, 12.333, 12.0, 0.744];[1, 0];
[0.433, 12.667, 9.333, 0.75];[0.474, 11.0, 8.0, 0.751];[0, 1];
[0.478, 17.0, 8.333, 0.742];[0.532, 14.667, 10.333, 0.672];[0, 1];
[0.439, 13.667, 11.667, 0.741];[0.421, 14.0, 11.667, 0.788];[1, 0];
[0.417, 15.0, 12.0, 0.767];[0.511, 11.0, 11.0, 0.795];[0, 1];
[0.464, 14.333, 12.333, 0.763];[0.473, 16.0, 9.0, 0.824];[0, 1];
[0.424, 12.333, 9.667, 0.846];[0.453, 14.333, 12.333, 0.831];[1, 0];
[0.506, 15.333, 10.0, 0.848];[0.505, 12.333, 9.0, 0.704];[0, 1];
[0.396, 11.333, 13.667, 0.699];[0.444, 14.0, 8.667, 0.751];[1, 0];
[0.461, 14.333, 11.667, 0.767];[0.41, 16.0, 12.0, 0.78];[1, 0];
[0.475, 12.333, 10.667, 0.721];[0.426, 11.333, 11.667, 0.676];[1, 0];
[0.495, 15.0, 7.667, 0.786];[0.436, 15.333, 10.667, 0.786];[0, 1];
[0.464, 15.0, 13.333, 0.741];[0.405, 13.333, 10.333, 0.723];[0, 1];
[0.443, 13.333, 9.667, 0.683];[0.49, 14.0, 12.667, 0.674];[1, 0];
[0.419, 14.667, 9.667, 0.769];[0.491, 13.667, 8.667, 0.826];[0, 1];
[0.485, 17.0, 9.0, 0.774];[0.453, 12.333, 9.333, 0.772];[1, 0];
[0.441, 13.0, 11.667, 0.649];[0.497, 10.0, 10.0, 0.855];[1, 0];
[0.459, 17.667, 12.333, 0.821];[0.439, 13.667, 10.667, 0.778];[1, 0];
[0.404, 12.0, 10.667, 0.622];[0.407, 19.667, 11.0, 0.664];[1, 0];
[0.498, 14.333, 8.667, 0.656];[0.467, 13.0, 10.333, 0.742];[1, 0];
[0.458, 12.0, 12.0, 0.727];[0.427, 13.333, 9.0, 0.805];[0, 1];
[0.445, 15.667, 10.667, 0.748];[0.422, 10.0, 8.0, 0.705];[0, 1];
[0.457, 14.0, 12.333, 0.685];[0.471, 15.333, 13.333, 0.787];[1, 0];
[0.354, 11.667, 13.0, 0.728];[0.483, 9.333, 10.667, 0.771];[1, 0];
[0.457, 10.0, 12.667, 0.807];[0.453, 9.0, 11.0, 0.672];[0, 1];
[0.471, 17.0, 9.0, 0.749];[0.464, 13.667, 9.667, 0.721];[0, 1];
[0.448, 12.333, 11.333, 0.699];[0.467, 8.0, 8.333, 0.826];[0, 1];
[0.462, 13.333, 12.0, 0.676];[0.468, 12.0, 11.667, 0.79];[1, 0];
[0.474, 16.667, 10.0, 0.778];[0.434, 10.667, 8.667, 0.768];[1, 0];
[0.536, 11.667, 10.0, 0.707];[0.411, 11.0, 13.333, 0.717];[0, 1];
[0.476, 13.667, 10.0, 0.701];[0.513, 14.667, 8.667, 0.69];[0, 1];
[0.471, 15.333, 7.333, 0.781];[0.467, 15.667, 12.0, 0.785];[1, 0];
[0.454, 15.0, 12.333, 0.719];[0.463, 13.0, 9.667, 0.738];[0, 1];
[0.472, 16.667, 7.333, 0.788];[0.465, 14.667, 9.0, 0.799];[0, 1];
[0.44, 11.667, 11.0, 0.734];[0.516, 15.0, 7.667, 0.837];[1, 0];
[0.521, 14.333, 12.0, 0.701];[0.457, 11.0, 12.333, 0.835];[0, 1];
[0.515, 11.667, 10.0, 0.833];[0.448, 13.667, 9.333, 0.708];[0, 1];
[0.506, 14.667, 12.333, 0.693];[0.485, 15.667, 9.333, 0.71];[0, 1];
[0.397, 12.667, 11.0, 0.816];[0.44, 15.0, 13.0, 0.718];[1, 0];
[0.449, 10.0, 9.667, 0.81];[0.437, 15.333, 12.333, 0.799];[0, 1];
[0.473, 16.333, 12.0, 0.764];[0.509, 17.667, 7.333, 0.762];[1, 0];
[0.491, 10.0, 11.0, 0.782];[0.418, 14.333, 13.333, 0.647];[1, 0];
[0.473, 11.333, 10.0, 0.83];[0.475, 19.333, 9.333, 0.787];[0, 1];
[0.486, 13.667, 14.333, 0.714];[0.495, 12.0, 14.667, 0.781];[1, 0];
[0.502, 16.333, 11.0, 0.756];[0.482, 13.667, 12.0, 0.723];[0, 1];
[0.451, 11.0, 11.333, 0.75];[0.467, 12.0, 12.667, 0.782];[1, 0];
[0.441, 14.667, 15.333, 0.734];[0.523, 11.667, 8.0, 0.732];[0, 1];
[0.47, 13.0, 12.0, 0.733];[0.508, 12.667, 11.333, 0.793];[1, 0];
[0.441, 11.333, 12.0, 0.679];[0.467, 7.0, 11.333, 0.663];[0, 1];
[0.464, 12.667, 7.333, 0.869];[0.465, 13.667, 11.333, 0.685];[1, 0];
[0.491, 14.0, 11.0, 0.815];[0.459, 16.0, 13.0, 0.785];[0, 1];
[0.436, 12.333, 13.333, 0.81];[0.441, 15.0, 11.667, 0.804];[0, 1];
[0.412, 13.333, 11.667, 0.804];[0.465, 16.333, 13.0, 0.762];[0, 1];
[0.496, 14.0, 9.0, 0.726];[0.514, 10.0, 9.667, 0.847];[0, 1];
[0.493, 16.667, 11.0, 0.677];[0.44, 13.0, 7.667, 0.742];[1, 0];
[0.52, 14.667, 7.333, 0.76];[0.427, 15.333, 14.667, 0.718];[1, 0];
[0.443, 13.0, 11.333, 0.749];[0.475, 14.667, 10.333, 0.816];[1, 0];
[0.434, 12.0, 10.0, 0.789];[0.349, 14.0, 13.0, 0.649];[1, 0];
[0.521, 15.667, 9.667, 0.749];[0.419, 13.667, 13.667, 0.743];[1, 0];
[0.503, 15.0, 8.667, 0.703];[0.48, 15.0, 8.667, 0.763];[1, 0];
[0.48, 12.0, 14.0, 0.796];[0.478, 10.333, 10.0, 0.733];[0, 1];
[0.44, 11.667, 11.667, 0.75];[0.435, 12.667, 10.333, 0.784];[1, 0];
[0.478, 12.0, 10.333, 0.778];[0.408, 14.333, 10.667, 0.793];[0, 1];
[0.454, 14.667, 10.667, 0.789];[0.469, 15.333, 8.333, 0.78];[0, 1];
[0.445, 15.667, 14.333, 0.8];[0.502, 14.667, 10.667, 0.787];[0, 1];
[0.492, 11.0, 8.667, 0.787];[0.481, 17.0, 10.333, 0.649];[0, 1];
[0.436, 15.0, 9.667, 0.789];[0.417, 10.667, 11.0, 0.765];[0, 1];
[0.468, 12.333, 11.333, 0.873];[0.478, 14.333, 9.0, 0.771];[1, 0];
[0.391, 16.667, 16.333, 0.675];[0.433, 14.667, 14.333, 0.833];[0, 1];
[0.471, 12.333, 8.667, 0.663];[0.46, 11.333, 12.333, 0.65];[0, 1];
[0.466, 11.333, 8.0, 0.723];[0.467, 14.333, 9.667, 0.728];[1, 0];
[0.466, 15.667, 13.0, 0.797];[0.491, 14.333, 9.667, 0.722];[0, 1];
[0.443, 12.333, 11.667, 0.787];[0.478, 9.333, 12.0, 0.729];[0, 1];
[0.534, 9.333, 10.0, 0.733];[0.491, 13.0, 12.0, 0.66];[1, 0];
[0.446, 16.667, 8.0, 0.8];[0.485, 15.0, 9.0, 0.714];[1, 0];
[0.4, 12.667, 12.333, 0.741];[0.509, 13.667, 9.0, 0.847];[0, 1];
[0.452, 11.0, 10.0, 0.813];[0.417, 9.0, 15.0, 0.679];[0, 1];
[0.421, 14.333, 11.333, 0.746];[0.484, 16.0, 12.0, 0.835];[0, 1];
[0.469, 14.0, 12.0, 0.795];[0.445, 12.333, 8.0, 0.743];[0, 1];
[0.463, 14.0, 12.667, 0.78];[0.49, 14.0, 7.333, 0.812];[1, 0];
[0.396, 10.0, 10.333, 0.783];[0.477, 13.0, 11.667, 0.736];[1, 0];
[0.464, 18.333, 11.333, 0.782];[0.494, 14.333, 8.667, 0.738];[1, 0];
[0.481, 17.333, 11.0, 0.705];[0.431, 12.667, 9.333, 0.774];[0, 1];
[0.469, 13.0, 13.667, 0.808];[0.495, 15.0, 9.333, 0.793];[1, 0];
[0.443, 12.333, 10.0, 0.828];[0.42, 12.667, 13.0, 0.755];[1, 0];
[0.494, 12.333, 10.0, 0.788];[0.43, 10.667, 9.667, 0.723];[1, 0];
[0.518, 10.667, 7.0, 0.655];[0.457, 11.333, 11.333, 0.81];[1, 0];
[0.468, 14.0, 14.0, 0.746];[0.475, 14.0, 10.333, 0.701];[1, 0];
[0.41, 14.333, 12.333, 0.809];[0.48, 14.333, 8.0, 0.805];[0, 1];
[0.511, 14.0, 9.0, 0.722];[0.485, 10.0, 8.667, 0.765];[1, 0];
[0.418, 14.667, 11.333, 0.781];[0.44, 15.667, 11.333, 0.805];[0, 1];
[0.483, 11.0, 5.667, 0.78];[0.474, 16.0, 12.667, 0.739];[1, 0];
[0.464, 13.0, 13.0, 0.671];[0.457, 11.333, 14.333, 0.712];[1, 0];
[0.387, 10.667, 13.333, 0.715];[0.43, 15.0, 10.0, 0.687];[1, 0];
[0.435, 13.333, 11.0, 0.75];[0.469, 13.667, 6.667, 0.807];[0, 1];
[0.466, 11.667, 9.667, 0.723];[0.424, 15.333, 14.0, 0.752];[0, 1];
[0.415, 17.667, 12.0, 0.733];[0.453, 13.333, 8.667, 0.754];[0, 1];
[0.44, 14.333, 10.0, 0.599];[0.492, 14.333, 10.333, 0.726];[1, 0];
[0.443, 15.333, 9.667, 0.731];[0.479, 14.333, 8.333, 0.735];[0, 1];
[0.483, 10.667, 10.0, 0.807];[0.479, 15.333, 11.667, 0.815];[1, 0];
[0.451, 10.0, 9.0, 0.632];[0.49, 14.333, 10.333, 0.743];[0, 1];
[0.413, 11.333, 12.333, 0.853];[0.479, 8.0, 12.0, 0.762];[0, 1];
[0.505, 13.333, 9.667, 0.733];[0.453, 14.667, 10.667, 0.742];[1, 0];
[0.445, 14.0, 10.333, 0.813];[0.492, 10.0, 10.667, 0.704];[0, 1];
[0.436, 13.333, 9.667, 0.795];[0.447, 14.0, 10.667, 0.775];[1, 0];
[0.478, 13.0, 7.333, 0.711];[0.511, 13.667, 6.667, 0.811];[1, 0];
[0.462, 12.333, 7.333, 0.722];[0.429, 14.667, 9.667, 0.702];[0, 1];
[0.418, 12.667, 12.0, 0.889];[0.49, 18.0, 10.0, 0.713];[1, 0];
[0.447, 16.667, 12.333, 0.619];[0.483, 11.333, 8.333, 0.835];[0, 1];
[0.451, 10.667, 10.0, 0.766];[0.466, 9.667, 11.0, 0.72];[0, 1];
[0.463, 14.0, 9.667, 0.76];[0.387, 14.333, 8.667, 0.775];[0, 1];
[0.41, 12.0, 11.0, 0.912];[0.435, 15.0, 13.0, 0.761];[1, 0];
[0.464, 12.333, 10.667, 0.768];[0.473, 11.667, 11.333, 0.852];[0, 1];
[0.448, 11.333, 12.0, 0.784];[0.435, 10.0, 12.0, 0.787];[0, 1];
[0.457, 10.0, 7.0, 0.819];[0.438, 10.667, 13.333, 0.803];[0, 1];
[0.456, 13.0, 9.0, 0.812];[0.43, 13.333, 11.0, 0.902];[0, 1];
[0.465, 18.0, 13.0, 0.8];[0.452, 11.0, 10.0, 0.813];[0, 1];
[0.406, 11.333, 11.333, 0.77];[0.41, 19.333, 12.333, 0.661];[0, 1];
[0.46, 17.0, 11.0, 0.69];[0.417, 19.333, 12.333, 0.661];[0, 1];
[0.441, 11.333, 12.667, 0.787];[0.443, 15.0, 11.667, 0.838];[0, 1];
[0.439, 14.333, 14.333, 0.869];[0.47, 11.667, 6.667, 0.807];[0, 1];
[0.455, 17.667, 11.333, 0.745];[0.459, 13.0, 7.333, 0.753];[1, 0];
[0.459, 8.0, 5.0, 0.776];[0.536, 23.0, 9.0, 0.618];[0, 1];
[0.414, 12.333, 14.667, 0.757];[0.466, 15.333, 9.333, 0.828];[1, 0];
[0.416, 9.333, 13.333, 0.839];[0.48, 14.333, 10.0, 0.827];[1, 0];
[0.473, 13.667, 11.0, 0.684];[0.396, 19.667, 9.333, 0.805];[1, 0];
[0.433, 10.333, 12.667, 0.666];[0.53, 12.333, 8.667, 0.786];[0, 1];
[0.456, 10.667, 10.667, 0.743];[0.482, 10.667, 9.0, 0.81];[1, 0];
[0.497, 12.667, 11.333, 0.716];[0.458, 13.333, 13.667, 0.727];[0, 1];
[0.452, 13.333, 10.0, 0.843];[0.393, 10.667, 11.667, 0.726];[1, 0];
[0.494, 14.333, 12.333, 0.826];[0.466, 11.667, 12.667, 0.784];[0, 1];
[0.479, 13.0, 8.333, 0.786];[0.509, 15.333, 7.333, 0.819];[0, 1];
[0.452, 17.0, 10.0, 0.649];[0.462, 16.333, 11.667, 0.698];[0, 1];
[0.472, 17.333, 11.667, 0.773];[0.486, 14.0, 12.667, 0.757];[1, 0];
[0.496, 15.333, 12.667, 0.695];[0.455, 14.667, 11.0, 0.763];[0, 1];
[0.459, 16.333, 11.667, 0.826];[0.484, 16.667, 10.333, 0.806];[0, 1];
[0.438, 11.333, 7.667, 0.68];[0.411, 16.333, 9.0, 0.828];[1, 0];
[0.499, 17.667, 12.0, 0.651];[0.462, 14.0, 12.333, 0.688];[0, 1];
[0.539, 17.0, 8.667, 0.681];[0.449, 11.667, 11.333, 0.821];[1, 0];
[0.522, 15.0, 7.667, 0.788];[0.44, 18.667, 7.0, 0.894];[0, 1];
[0.44, 8.333, 11.0, 0.758];[0.426, 12.667, 11.333, 0.692];[1, 0];
[0.471, 17.0, 11.333, 0.757];[0.402, 15.0, 12.333, 0.757];[1, 0];
[0.487, 10.0, 13.0, 0.77];[0.458, 12.667, 11.667, 0.715];[1, 0];
[0.484, 14.667, 8.667, 0.79];[0.439, 14.667, 9.333, 0.789];[1, 0];
[0.509, 13.333, 10.333, 0.794];[0.491, 14.333, 13.0, 0.689];[1, 0];
[0.509, 11.333, 10.667, 0.85];[0.425, 13.0, 10.667, 0.693];[0, 1];
[0.406, 13.667, 16.667, 0.727];[0.529, 12.333, 7.0, 0.808];[1, 0];
[0.415, 13.667, 9.667, 0.722];[0.474, 13.667, 12.0, 0.683];[1, 0];
[0.431, 15.0, 10.333, 0.742];[0.436, 15.333, 13.333, 0.789];[0, 1];
[0.41, 12.0, 11.0, 0.912];[0.395, 19.0, 13.0, 0.643];[1, 0];
[0.506, 12.333, 12.0, 0.709];[0.501, 13.0, 8.667, 0.787];[1, 0];
[0.496, 14.0, 10.667, 0.766];[0.449, 13.667, 6.667, 0.757];[0, 1];
[0.479, 13.0, 11.0, 0.693];[0.489, 9.667, 10.0, 0.768];[1, 0];
[0.471, 16.0, 11.0, 0.717];[0.46, 18.667, 12.333, 0.799];[1, 0];
[0.475, 14.333, 12.0, 0.637];[0.438, 11.0, 9.0, 0.789];[0, 1];
[0.428, 11.333, 10.333, 0.815];[0.503, 9.667, 10.0, 0.778];[0, 1];
[0.452, 13.0, 11.0, 0.77];[0.461, 13.333, 8.0, 0.75];[1, 0];
[0.458, 12.333, 12.0, 0.753];[0.487, 15.333, 10.667, 0.748];[1, 0];
[0.519, 13.667, 10.0, 0.745];[0.445, 10.667, 12.0, 0.664];[1, 0];
[0.434, 11.667, 11.0, 0.74];[0.455, 14.333, 9.0, 0.84];[0, 1];
[0.458, 13.0, 9.667, 0.734];[0.514, 12.667, 8.667, 0.77];[1, 0];
[0.467, 12.333, 11.0, 0.747];[0.408, 15.333, 16.0, 0.704];[0, 1];
[0.432, 8.667, 14.667, 0.812];[0.525, 12.333, 8.333, 0.84];[1, 0];
[0.481, 18.333, 11.0, 0.783];[0.452, 12.667, 16.0, 0.791];[0, 1];
[0.466, 13.0, 11.667, 0.708];[0.519, 14.333, 7.333, 0.813];[1, 0];
[0.51, 11.667, 10.667, 0.838];[0.443, 8.667, 9.333, 0.814];[0, 1];
[0.428, 9.667, 13.667, 0.754];[0.423, 12.333, 12.333, 0.677];[0, 1];
[0.441, 13.333, 11.0, 0.834];[0.431, 13.333, 10.0, 0.808];[1, 0];
[0.508, 13.0, 8.0, 0.776];[0.463, 14.0, 8.667, 0.751];[1, 0];
[0.433, 10.667, 12.333, 0.752];[0.407, 15.333, 12.0, 0.8];[0, 1];
[0.471, 13.333, 10.667, 0.772];[0.489, 11.333, 12.0, 0.829];[1, 0];
[0.431, 11.0, 11.667, 0.709];[0.436, 13.333, 12.0, 0.745];[0, 1];
[0.481, 11.667, 9.667, 0.774];[0.497, 16.0, 11.0, 0.816];[0, 1];
[0.447, 12.0, 15.333, 0.756];[0.528, 15.333, 7.667, 0.832];[0, 1];
[0.489, 14.0, 12.0, 0.757];[0.502, 12.667, 11.333, 0.734];[1, 0];
[0.447, 13.0, 11.667, 0.781];[0.518, 13.0, 8.667, 0.749];[1, 0];
[0.438, 14.333, 15.0, 0.821];[0.436, 13.667, 11.0, 0.755];[0, 1];
[0.475, 10.667, 11.333, 0.768];[0.424, 22.0, 9.0, 0.821];[0, 1];
[0.467, 13.667, 10.333, 0.657];[0.512, 14.333, 7.333, 0.75];[1, 0];
[0.423, 14.667, 12.0, 0.77];[0.517, 15.0, 12.0, 0.684];[1, 0];
[0.432, 17.0, 15.0, 0.762];[0.522, 18.333, 9.333, 0.761];[0, 1];
[0.408, 16.333, 13.0, 0.74];[0.42, 18.667, 10.333, 0.808];[0, 1];
[0.436, 16.667, 10.333, 0.773];[0.49, 13.333, 10.667, 0.784];[0, 1];
[0.463, 15.333, 12.667, 0.713];[0.467, 18.333, 9.333, 0.829];[0, 1];
[0.462, 12.0, 11.333, 0.797];[0.472, 11.667, 9.0, 0.734];[0, 1];
[0.439, 14.333, 9.667, 0.742];[0.433, 12.667, 15.0, 0.894];[0, 1];
[0.453, 16.333, 11.0, 0.794];[0.435, 14.0, 9.333, 0.897];[0, 1];
[0.437, 14.0, 13.333, 0.795];[0.491, 13.667, 10.333, 0.729];[0, 1];
[0.486, 12.333, 12.0, 0.696];[0.481, 12.667, 11.667, 0.767];[1, 0];
[0.508, 10.333, 6.0, 0.77];[0.503, 12.0, 8.0, 0.789];[1, 0];
[0.413, 13.0, 12.0, 0.812];[0.43, 11.333, 14.333, 0.813];[0, 1];
[0.423, 11.333, 11.667, 0.757];[0.378, 9.333, 11.0, 0.711];[1, 0];
[0.494, 13.333, 8.0, 0.637];[0.498, 14.667, 10.333, 0.657];[1, 0];
[0.45, 12.667, 13.0, 0.737];[0.466, 11.333, 12.333, 0.676];[1, 0];
[0.447, 14.333, 10.667, 0.699];[0.493, 14.0, 9.0, 0.6];[1, 0];
[0.485, 16.333, 12.0, 0.797];[0.424, 12.667, 14.0, 0.687];[1, 0];
[0.423, 10.0, 13.333, 0.788];[0.48, 13.667, 11.333, 0.773];[1, 0];
[0.456, 10.667, 9.333, 0.737];[0.477, 7.667, 11.333, 0.645];[1, 0];
[0.486, 14.0, 14.333, 0.781];[0.461, 16.333, 8.667, 0.79];[1, 0];
[0.493, 21.0, 8.667, 0.715];[0.388, 20.333, 10.667, 0.85];[0, 1];
[0.498, 13.0, 10.333, 0.77];[0.492, 10.667, 11.667, 0.778];[1, 0];
[0.428, 17.0, 9.667, 0.773];[0.404, 14.667, 12.0, 0.801];[0, 1];
[0.47, 14.667, 10.0, 0.731];[0.452, 15.333, 10.0, 0.699];[0, 1];
[0.499, 12.667, 7.333, 0.697];[0.481, 13.333, 11.667, 0.689];[1, 0];
[0.48, 12.333, 7.333, 0.725];[0.452, 11.667, 7.333, 0.76];[1, 0];
[0.457, 13.333, 6.667, 0.755];[0.482, 13.667, 9.0, 0.786];[0, 1];
[0.392, 12.667, 12.333, 0.832];[0.438, 16.333, 12.333, 0.774];[0, 1];
[0.454, 9.0, 9.333, 0.725];[0.446, 14.333, 10.667, 0.75];[1, 0];
[0.474, 11.333, 9.333, 0.721];[0.482, 14.0, 11.667, 0.705];[1, 0];
[0.429, 11.667, 11.333, 0.772];[0.437, 16.667, 14.667, 0.8];[1, 0];
[0.445, 13.0, 11.667, 0.76];[0.448, 13.667, 16.333, 0.781];[1, 0];
[0.519, 10.0, 9.667, 0.791];[0.498, 10.333, 10.0, 0.698];[1, 0];
[0.458, 12.333, 13.0, 0.821];[0.456, 15.333, 11.667, 0.588];[1, 0];
[0.422, 14.0, 13.0, 0.801];[0.529, 10.667, 9.667, 0.862];[1, 0];
[0.468, 11.333, 9.0, 0.923];[0.453, 11.0, 10.667, 0.831];[1, 0];
[0.462, 11.667, 11.0, 0.863];[0.472, 11.0, 9.333, 0.799];[0, 1];
[0.481, 11.333, 8.333, 0.799];[0.482, 14.0, 8.667, 0.737];[1, 0];
[0.452, 14.0, 12.333, 0.727];[0.479, 12.667, 13.0, 0.712];[1, 0];
[0.418, 13.333, 12.333, 0.75];[0.457, 16.667, 10.0, 0.775];[0, 1];
[0.396, 11.667, 12.333, 0.761];[0.467, 14.0, 16.0, 0.797];[1, 0];
[0.46, 15.667, 13.0, 0.717];[0.543, 16.0, 11.0, 0.799];[1, 0];
[0.483, 13.667, 10.667, 0.73];[0.467, 12.0, 9.0, 0.663];[0, 1];
[0.405, 12.667, 11.0, 0.785];[0.41, 12.0, 11.667, 0.781];[1, 0];
[0.428, 13.667, 11.0, 0.724];[0.463, 14.667, 13.667, 0.778];[1, 0];
[0.444, 13.667, 9.0, 0.707];[0.459, 14.333, 8.667, 0.766];[1, 0];
[0.522, 14.667, 7.333, 0.789];[0.509, 11.667, 9.333, 0.832];[1, 0];
[0.488, 14.0, 18.667, 0.697];[0.474, 17.0, 11.333, 0.752];[1, 0];
[0.459, 12.333, 14.333, 0.754];[0.452, 12.667, 11.0, 0.747];[1, 0];
[0.413, 13.0, 8.333, 0.813];[0.448, 12.333, 9.333, 0.761];[0, 1];
[0.495, 15.667, 14.667, 0.68];[0.463, 13.667, 9.667, 0.742];[1, 0];
[0.454, 12.667, 10.333, 0.868];[0.488, 12.667, 9.0, 0.775];[0, 1];
[0.435, 9.333, 12.333, 0.581];[0.436, 14.333, 13.667, 0.762];[1, 0];
[0.469, 13.333, 10.0, 0.615];[0.411, 12.667, 14.0, 0.851];[1, 0];
[0.471, 16.333, 10.333, 0.63];[0.502, 16.667, 10.0, 0.798];[1, 0];
[0.442, 10.667, 11.333, 0.751];[0.451, 13.667, 13.667, 0.727];[1, 0];
[0.443, 14.0, 8.0, 0.636];[0.437, 20.0, 11.0, 0.76];[1, 0];
[0.446, 13.333, 11.333, 0.8];[0.498, 14.0, 7.333, 0.775];[0, 1];
[0.449, 14.333, 13.333, 0.736];[0.475, 12.667, 9.667, 0.76];[1, 0];
[0.448, 12.333, 10.333, 0.789];[0.447, 18.0, 10.0, 0.78];[1, 0];
[0.469, 12.667, 14.0, 0.764];[0.465, 19.0, 7.667, 0.85];[1, 0];
[0.466, 12.0, 6.333, 0.678];[0.471, 9.333, 9.0, 0.717];[0, 1];
[0.44, 13.0, 13.0, 0.708];[0.489, 14.333, 11.667, 0.754];[1, 0];
[0.448, 15.0, 11.667, 0.754];[0.484, 10.667, 11.0, 0.725];[1, 0];
[0.478, 15.0, 11.333, 0.781];[0.48, 10.0, 10.333, 0.901];[1, 0];
[0.423, 13.0, 14.333, 0.87];[0.457, 11.667, 10.333, 0.859];[1, 0];
[0.438, 16.667, 9.0, 0.749];[0.509, 14.333, 12.667, 0.798];[0, 1];
[0.456, 15.333, 15.333, 0.798];[0.462, 14.333, 12.333, 0.723];[0, 1];
[0.457, 12.667, 8.333, 0.714];[0.405, 10.667, 12.333, 0.763];[0, 1];
[0.446, 13.333, 8.0, 0.775];[0.535, 12.667, 9.667, 0.775];[1, 0];
[0.469, 13.333, 12.0, 0.71];[0.437, 10.0, 11.667, 0.741];[0, 1];
[0.497, 13.0, 11.0, 0.636];[0.504, 15.333, 9.333, 0.655];[0, 1];
[0.505, 7.0, 10.333, 0.825];[0.461, 11.667, 10.0, 0.807];[0, 1];
[0.472, 15.333, 10.0, 0.735];[0.427, 14.333, 11.0, 0.81];[0, 1];
[0.429, 13.0, 14.333, 0.785];[0.482, 13.0, 12.667, 0.78];[1, 0];
[0.468, 14.667, 14.333, 0.731];[0.507, 17.0, 10.333, 0.782];[1, 0];
[0.438, 13.0, 11.667, 0.81];[0.482, 13.667, 11.667, 0.773];[1, 0];
[0.404, 12.333, 12.667, 0.818];[0.466, 10.667, 10.333, 0.75];[1, 0];
[0.462, 16.333, 10.667, 0.818];[0.46, 14.667, 11.333, 0.711];[1, 0];
[0.477, 13.333, 10.667, 0.787];[0.481, 16.667, 15.0, 0.781];[1, 0];
[0.439, 17.0, 12.667, 0.765];[0.433, 13.0, 11.333, 0.8];[1, 0];
[0.464, 16.333, 10.333, 0.776];[0.533, 14.0, 8.0, 0.804];[0, 1];
[0.532, 12.0, 8.0, 0.72];[0.48, 17.667, 11.667, 0.686];[1, 0];
[0.426, 16.333, 14.0, 0.736];[0.423, 10.0, 12.333, 0.762];[1, 0];
[0.407, 15.667, 14.333, 0.778];[0.495, 17.667, 9.667, 0.754];[1, 0];
[0.488, 15.0, 7.667, 0.722];[0.495, 14.333, 10.333, 0.745];[0, 1];
[0.46, 12.0, 6.333, 0.758];[0.463, 14.667, 9.0, 0.798];[0, 1];
[0.466, 16.333, 6.333, 0.712];[0.444, 13.333, 8.0, 0.77];[0, 1];
[0.432, 14.667, 13.0, 0.672];[0.392, 13.667, 13.0, 0.757];[1, 0];
[0.504, 13.0, 11.0, 0.746];[0.472, 11.0, 9.0, 0.671];[1, 0];
[0.445, 15.667, 11.333, 0.775];[0.419, 10.0, 11.667, 0.669];[1, 0];
[0.444, 7.333, 11.333, 0.764];[0.413, 19.0, 12.0, 0.775];[0, 1];
[0.493, 12.0, 10.667, 0.746];[0.37, 16.667, 14.0, 0.789];[0, 1];
[0.458, 18.0, 11.0, 0.756];[0.426, 14.667, 11.0, 0.829];[1, 0];
[0.433, 16.333, 11.0, 0.755];[0.453, 12.0, 11.333, 0.795];[0, 1];
[0.415, 15.667, 8.333, 0.735];[0.422, 14.0, 10.0, 0.616];[0, 1];
[0.442, 7.333, 12.333, 0.741];[0.455, 12.0, 10.667, 0.716];[0, 1];
[0.45, 11.333, 9.333, 0.798];[0.449, 12.333, 10.0, 0.727];[0, 1];
[0.472, 16.0, 8.667, 0.757];[0.5, 19.333, 11.667, 0.772];[0, 1];
[0.475, 13.333, 10.667, 0.806];[0.478, 14.333, 10.333, 0.764];[1, 0];
[0.489, 13.0, 9.333, 0.685];[0.428, 8.667, 10.667, 0.813];[1, 0];
[0.449, 15.333, 11.333, 0.825];[0.439, 12.333, 12.667, 0.786];[1, 0];
[0.453, 11.333, 8.0, 0.675];[0.405, 13.333, 12.0, 0.723];[1, 0];
[0.475, 13.667, 8.667, 0.701];[0.422, 14.0, 12.667, 0.801];[0, 1];
[0.447, 9.0, 10.0, 0.75];[0.431, 9.667, 9.667, 0.704];[0, 1];
[0.464, 17.0, 11.333, 0.772];[0.437, 15.333, 10.333, 0.736];[0, 1];
[0.493, 14.0, 9.0, 0.6];[0.476, 11.0, 10.0, 0.7];[0, 1];
[0.441, 18.333, 17.667, 0.777];[0.514, 14.667, 7.0, 0.775];[0, 1];
[0.465, 14.0, 10.0, 0.736];[0.448, 12.0, 15.667, 0.706];[1, 0];
[0.463, 11.333, 7.667, 0.822];[0.371, 10.333, 10.333, 0.795];[1, 0];
[0.413, 11.333, 10.667, 0.874];[0.446, 12.0, 11.0, 0.798];[0, 1];
[0.546, 13.333, 9.0, 0.775];[0.467, 11.333, 12.0, 0.72];[1, 0];
[0.457, 11.0, 10.667, 0.788];[0.464, 13.0, 12.667, 0.724];[1, 0];
[0.411, 12.333, 10.667, 0.788];[0.495, 13.0, 7.667, 0.72];[0, 1];
[0.439, 15.333, 11.0, 0.733];[0.554, 15.667, 10.0, 0.84];[0, 1];
[0.464, 11.333, 10.667, 0.838];[0.477, 13.0, 8.333, 0.8];[0, 1];
[0.404, 15.0, 11.333, 0.734];[0.443, 14.0, 15.0, 0.786];[0, 1];
[0.437, 12.667, 12.667, 0.705];[0.478, 16.0, 18.333, 0.731];[0, 1];
[0.429, 11.333, 13.0, 0.809];[0.454, 13.667, 12.667, 0.798];[1, 0];
[0.416, 14.667, 11.333, 0.747];[0.452, 7.667, 12.333, 0.731];[0, 1];
[0.437, 13.0, 13.0, 0.75];[0.49, 11.667, 12.0, 0.856];[1, 0];
[0.525, 14.667, 4.667, 0.81];[0.464, 10.667, 11.667, 0.761];[0, 1];
[0.457, 14.667, 10.667, 0.835];[0.498, 12.0, 14.0, 0.802];[0, 1];
[0.577, 13.333, 5.333, 0.759];[0.488, 13.667, 9.0, 0.806];[1, 0];
[0.433, 13.333, 12.0, 0.783];[0.491, 14.0, 10.333, 0.791];[0, 1];
[0.477, 11.0, 9.333, 0.795];[0.424, 13.0, 12.0, 0.816];[1, 0];
[0.497, 14.333, 13.333, 0.694];[0.482, 17.0, 9.333, 0.753];[1, 0];
[0.441, 12.667, 9.667, 0.785];[0.47, 11.333, 10.667, 0.834];[1, 0];
[0.52, 17.667, 9.333, 0.838];[0.454, 14.0, 8.0, 0.779];[0, 1];
[0.439, 11.667, 6.667, 0.802];[0.413, 16.667, 12.0, 0.761];[1, 0];
[0.5, 10.0, 12.0, 0.76];[0.346, 7.0, 14.0, 0.805];[0, 1];
[0.502, 19.0, 7.0, 0.722];[0.436, 14.333, 10.333, 0.761];[1, 0];
[0.42, 15.667, 14.0, 0.871];[0.402, 16.333, 12.0, 0.829];[1, 0];
[0.471, 13.0, 11.333, 0.791];[0.429, 19.0, 13.0, 0.758];[1, 0];
[0.419, 12.333, 10.0, 0.813];[0.513, 17.667, 7.333, 0.717];[0, 1];
[0.454, 12.0, 12.0, 0.697];[0.492, 15.333, 11.667, 0.739];[0, 1];
[0.49, 15.667, 12.0, 0.698];[0.499, 16.667, 14.0, 0.752];[1, 0];
[0.434, 11.0, 9.0, 0.767];[0.512, 17.0, 18.0, 0.8];[1, 0];
[0.469, 14.333, 9.333, 0.716];[0.463, 12.0, 11.0, 0.735];[0, 1];
[0.413, 14.333, 12.667, 0.703];[0.429, 14.333, 10.0, 0.73];[1, 0];
[0.473, 15.0, 12.333, 0.731];[0.391, 18.0, 16.667, 0.778];[0, 1];
[0.519, 15.0, 7.667, 0.677];[0.454, 12.667, 7.333, 0.767];[0, 1];
[0.435, 13.667, 11.0, 0.696];[0.476, 13.0, 12.0, 0.723];[1, 0];
[0.477, 10.333, 11.0, 0.777];[0.467, 10.333, 10.667, 0.815];[0, 1];
[0.445, 15.333, 12.333, 0.802];[0.517, 17.667, 9.667, 0.746];[1, 0];
[0.49, 11.667, 11.333, 0.701];[0.476, 11.0, 11.333, 0.817];[1, 0];
[0.525, 11.333, 14.0, 0.647];[0.429, 14.333, 13.667, 0.744];[1, 0];
[0.507, 11.667, 8.0, 0.702];[0.488, 13.667, 13.0, 0.739];[1, 0];
[0.426, 14.333, 15.667, 0.729];[0.48, 11.0, 11.0, 0.769];[0, 1];
[0.434, 11.0, 8.667, 0.767];[0.434, 14.0, 10.667, 0.865];[0, 1];
[0.475, 13.667, 12.667, 0.759];[0.496, 16.667, 10.667, 0.81];[0, 1];
[0.407, 13.0, 10.333, 0.786];[0.455, 13.667, 9.333, 0.817];[1, 0];
[0.495, 14.333, 9.333, 0.796];[0.428, 14.333, 12.333, 0.71];[1, 0];
[0.437, 11.0, 10.0, 0.782];[0.456, 17.333, 8.333, 0.745];[0, 1];
[0.449, 11.667, 10.667, 0.728];[0.478, 15.0, 8.667, 0.801];[0, 1];
[0.455, 10.0, 8.667, 0.882];[0.488, 12.0, 12.333, 0.815];[1, 0];
[0.409, 13.333, 11.0, 0.787];[0.446, 12.0, 10.667, 0.748];[1, 0];
[0.414, 16.0, 10.333, 0.734];[0.46, 13.0, 10.667, 0.758];[1, 0];
[0.408, 14.667, 13.0, 0.649];[0.471, 15.667, 7.667, 0.726];[0, 1];
[0.453, 12.667, 14.0, 0.746];[0.469, 13.333, 8.333, 0.76];[0, 1];
[0.569, 16.333, 9.0, 0.651];[0.436, 10.0, 13.667, 0.71];[1, 0];
[0.455, 17.0, 9.333, 0.751];[0.419, 16.333, 10.0, 0.759];[1, 0];
[0.452, 12.333, 12.0, 0.836];[0.483, 10.667, 12.0, 0.76];[0, 1];
[0.418, 13.667, 11.0, 0.824];[0.413, 14.667, 13.0, 0.818];[1, 0];
[0.423, 13.667, 12.333, 0.822];[0.495, 13.0, 11.333, 0.716];[1, 0];
[0.441, 13.0, 9.333, 0.774];[0.481, 19.333, 11.333, 0.684];[0, 1];
[0.516, 8.333, 8.667, 0.748];[0.405, 10.333, 12.667, 0.705];[1, 0];
[0.467, 13.0, 12.667, 0.797];[0.398, 11.0, 12.0, 0.826];[1, 0];
[0.507, 14.333, 9.333, 0.802];[0.465, 13.0, 13.0, 0.798];[1, 0];
[0.462, 10.0, 8.0, 0.734];[0.484, 10.667, 9.667, 0.708];[0, 1];
[0.464, 16.333, 12.667, 0.75];[0.487, 11.0, 8.667, 0.698];[0, 1];
[0.491, 12.333, 11.0, 0.7];[0.487, 10.0, 7.667, 0.784];[1, 0];
[0.441, 15.0, 11.667, 0.777];[0.432, 15.0, 9.333, 0.679];[0, 1];
[0.456, 10.667, 11.333, 0.712];[0.484, 15.333, 12.333, 0.801];[0, 1];
[0.548, 14.333, 7.333, 0.738];[0.501, 10.333, 11.0, 0.783];[1, 0];
[0.458, 11.0, 14.333, 0.662];[0.461, 13.667, 14.0, 0.806];[1, 0];
[0.436, 13.333, 11.667, 0.823];[0.505, 14.667, 9.0, 0.72];[1, 0];
[0.494, 16.333, 13.0, 0.732];[0.52, 14.667, 7.333, 0.849];[0, 1];
[0.485, 15.667, 12.0, 0.795];[0.494, 15.333, 14.667, 0.754];[0, 1];
[0.459, 12.667, 13.667, 0.75];[0.412, 16.333, 17.667, 0.807];[1, 0];
[0.455, 13.667, 8.333, 0.697];[0.421, 15.0, 13.333, 0.803];[1, 0];
[0.475, 15.333, 10.667, 0.709];[0.465, 10.0, 10.0, 0.71];[0, 1];
[0.464, 15.333, 9.333, 0.832];[0.445, 13.333, 13.0, 0.75];[1, 0];
[0.442, 12.333, 11.0, 0.771];[0.485, 10.333, 10.333, 0.728];[1, 0];
[0.474, 12.0, 11.667, 0.874];[0.462, 16.333, 10.333, 0.748];[1, 0];
[0.408, 13.0, 12.667, 0.636];[0.508, 13.0, 12.667, 0.773];[0, 1];
[0.44, 16.333, 12.333, 0.792];[0.486, 13.667, 11.0, 0.737];[1, 0];
[0.433, 12.333, 9.0, 0.789];[0.466, 13.333, 10.0, 0.76];[1, 0];
[0.455, 15.0, 12.667, 0.741];[0.393, 12.667, 12.333, 0.651];[0, 1];
[0.502, 17.667, 8.667, 0.777];[0.442, 14.333, 11.0, 0.732];[0, 1];
[0.46, 11.333, 11.667, 0.782];[0.497, 13.0, 12.0, 0.763];[0, 1];
[0.443, 13.667, 11.333, 0.672];[0.505, 12.333, 10.667, 0.739];[1, 0];
[0.424, 15.333, 12.333, 0.745];[0.468, 14.0, 10.333, 0.795];[0, 1];
[0.455, 12.0, 11.333, 0.825];[0.439, 9.333, 9.667, 0.693];[1, 0];
[0.496, 13.667, 5.667, 0.777];[0.508, 10.667, 9.333, 0.715];[0, 1];
[0.436, 9.333, 12.667, 0.758];[0.546, 11.333, 6.0, 0.76];[0, 1];
[0.484, 14.667, 11.333, 0.768];[0.464, 11.0, 8.333, 0.663];[0, 1];
[0.441, 14.333, 11.333, 0.811];[0.521, 17.0, 9.667, 0.78];[1, 0];
[0.487, 12.333, 14.333, 0.725];[0.477, 11.0, 13.0, 0.768];[1, 0];
[0.373, 10.0, 11.333, 0.723];[0.478, 17.0, 7.667, 0.769];[1, 0];
[0.493, 11.0, 15.0, 0.778];[0.491, 12.333, 9.0, 0.784];[0, 1];
[0.424, 16.333, 13.0, 0.745];[0.538, 14.333, 9.667, 0.74];[1, 0];
[0.47, 11.0, 11.0, 0.699];[0.384, 15.333, 14.667, 0.663];[1, 0];
[0.476, 16.333, 13.333, 0.613];[0.479, 15.0, 10.0, 0.814];[0, 1];
[0.46, 12.0, 9.333, 0.704];[0.427, 11.333, 10.333, 0.804];[0, 1];
[0.463, 13.667, 12.667, 0.686];[0.416, 11.667, 13.0, 0.717];[1, 0];
[0.421, 15.667, 17.0, 0.739];[0.41, 15.333, 13.0, 0.817];[0, 1];
[0.455, 12.0, 11.0, 0.758];[0.516, 15.667, 9.333, 0.708];[0, 1];
[0.499, 12.667, 11.0, 0.796];[0.439, 15.0, 11.333, 0.765];[1, 0];
[0.444, 11.667, 13.0, 0.828];[0.466, 11.0, 8.0, 0.696];[0, 1];
[0.494, 13.667, 10.667, 0.767];[0.447, 12.0, 10.333, 0.796];[1, 0];
[0.524, 14.0, 9.0, 0.838];[0.478, 10.667, 7.333, 0.701];[1, 0];
[0.402, 12.667, 12.667, 0.768];[0.455, 16.0, 12.667, 0.778];[0, 1];
[0.519, 9.667, 12.667, 0.854];[0.471, 15.0, 9.0, 0.817];[1, 0];
[0.433, 15.667, 11.333, 0.761];[0.429, 15.667, 9.667, 0.717];[1, 0];
[0.453, 11.0, 13.333, 0.771];[0.479, 16.0, 11.0, 0.767];[0, 1];
[0.493, 14.333, 12.667, 0.727];[0.494, 14.0, 14.667, 0.751];[1, 0];
[0.424, 9.667, 7.667, 0.802];[0.434, 14.667, 11.333, 0.564];[0, 1];
[0.438, 15.667, 8.0, 0.793];[0.45, 12.333, 10.0, 0.683];[1, 0];
[0.409, 11.0, 12.0, 0.66];[0.444, 16.0, 9.333, 0.791];[0, 1];
[0.468, 15.667, 15.0, 0.756];[0.444, 18.667, 11.333, 0.726];[0, 1];
[0.446, 15.333, 8.667, 0.7];[0.467, 12.667, 12.0, 0.763];[0, 1];
[0.536, 12.667, 9.0, 0.776];[0.458, 17.333, 10.333, 0.804];[1, 0];
[0.461, 18.667, 10.667, 0.788];[0.483, 14.667, 9.0, 0.796];[1, 0];
[0.512, 15.333, 7.667, 0.881];[0.445, 14.0, 12.333, 0.74];[1, 0];
[0.403, 11.333, 13.333, 0.677];[0.505, 9.333, 9.667, 0.763];[0, 1];
[0.511, 11.0, 11.333, 0.811];[0.476, 12.667, 11.0, 0.798];[0, 1];
[0.456, 16.0, 12.667, 0.7];[0.422, 14.333, 12.333, 0.721];[1, 0];
[0.424, 12.667, 14.0, 0.696];[0.46, 13.333, 13.0, 0.71];[1, 0];
[0.435, 14.0, 15.667, 0.776];[0.48, 16.333, 11.333, 0.808];[0, 1];
[0.436, 15.0, 14.667, 0.777];[0.411, 17.333, 13.0, 0.756];[0, 1];
[0.465, 15.333, 11.667, 0.731];[0.509, 11.0, 12.667, 0.768];[0, 1];
[0.383, 6.0, 7.0, 0.72];[0.388, 17.0, 10.0, 0.833];[1, 0];
[0.476, 15.333, 8.333, 0.782];[0.437, 20.0, 11.0, 0.76];[1, 0];
[0.486, 12.667, 9.333, 0.748];[0.424, 11.667, 12.667, 0.852];[1, 0];
[0.43, 14.0, 9.667, 0.757];[0.475, 13.0, 14.667, 0.815];[1, 0];
[0.469, 15.333, 8.0, 0.88];[0.521, 14.667, 8.0, 0.853];[1, 0];
[0.457, 11.0, 14.667, 0.852];[0.534, 18.667, 10.667, 0.833];[0, 1];
[0.419, 13.0, 13.667, 0.598];[0.471, 13.333, 12.333, 0.771];[0, 1];
[0.464, 9.667, 14.333, 0.807];[0.468, 15.0, 13.667, 0.746];[1, 0];
[0.463, 14.0, 12.667, 0.712];[0.51, 15.0, 11.0, 0.763];[0, 1];
[0.43, 12.667, 15.667, 0.832];[0.439, 17.333, 7.667, 0.865];[0, 1];
[0.46, 15.0, 13.667, 0.799];[0.454, 17.333, 9.333, 0.727];[1, 0];
[0.43, 8.667, 9.667, 0.693];[0.457, 14.333, 13.667, 0.744];[1, 0];
[0.433, 11.333, 14.667, 0.781];[0.49, 12.667, 9.667, 0.869];[0, 1];
[0.49, 12.667, 13.0, 0.778];[0.538, 12.0, 9.333, 0.854];[0, 1];
[0.442, 12.0, 14.333, 0.73];[0.461, 13.333, 11.0, 0.768];[1, 0];
[0.474, 14.333, 8.0, 0.802];[0.425, 12.667, 11.0, 0.737];[0, 1];
[0.455, 11.667, 7.333, 0.853];[0.419, 13.333, 11.0, 0.765];[0, 1];
[0.482, 13.667, 7.667, 0.83];[0.461, 13.667, 11.333, 0.826];[0, 1];
[0.457, 12.0, 12.667, 0.802];[0.515, 14.667, 11.333, 0.822];[1, 0];
[0.446, 14.333, 10.0, 0.762];[0.48, 11.0, 12.0, 0.832];[1, 0];
[0.507, 15.333, 10.333, 0.736];[0.49, 12.667, 13.0, 0.779];[0, 1];
[0.475, 11.667, 10.333, 0.684];[0.482, 10.333, 7.333, 0.745];[0, 1];
[0.509, 11.0, 9.0, 0.764];[0.421, 13.667, 15.667, 0.721];[0, 1];
[0.459, 15.667, 5.667, 0.788];[0.43, 14.0, 11.0, 0.849];[1, 0];
[0.458, 17.0, 10.333, 0.84];[0.431, 18.0, 13.333, 0.764];[1, 0];
[0.503, 13.667, 12.667, 0.832];[0.455, 14.333, 13.0, 0.769];[0, 1];
[0.486, 16.0, 9.333, 0.75];[0.442, 13.0, 14.667, 0.686];[0, 1];
[0.499, 13.333, 8.667, 0.673];[0.489, 10.667, 11.667, 0.778];[0, 1];
[0.412, 13.0, 13.0, 0.762];[0.492, 16.667, 8.333, 0.788];[1, 0];
[0.474, 13.667, 9.333, 0.801];[0.432, 12.667, 9.667, 0.699];[0, 1];
[0.422, 13.0, 15.333, 0.757];[0.429, 13.333, 12.0, 0.749];[0, 1];
[0.475, 10.333, 11.0, 0.785];[0.501, 10.0, 9.667, 0.756];[1, 0];
[0.443, 14.0, 15.0, 0.786];[0.38, 15.0, 12.0, 0.806];[1, 0];
[0.436, 16.333, 9.667, 0.819];[0.432, 10.333, 8.0, 0.763];[0, 1];
[0.474, 13.333, 9.333, 0.817];[0.433, 12.333, 14.333, 0.889];[1, 0];
[0.531, 11.0, 10.0, 0.743];[0.452, 18.0, 12.333, 0.686];[0, 1];
[0.451, 12.667, 6.667, 0.746];[0.516, 12.333, 10.667, 0.862];[0, 1];
[0.459, 13.333, 12.333, 0.787];[0.455, 12.333, 15.0, 0.698];[1, 0];
[0.508, 10.333, 9.0, 0.769];[0.599, 12.333, 7.0, 0.68];[0, 1];
[0.464, 13.667, 8.667, 0.795];[0.428, 16.0, 9.0, 0.739];[1, 0];
[0.521, 12.0, 10.0, 0.762];[0.491, 13.0, 12.0, 0.85];[1, 0];
[0.473, 17.667, 12.333, 0.789];[0.465, 13.0, 14.0, 0.801];[1, 0];
[0.5, 12.333, 11.667, 0.717];[0.506, 15.0, 10.333, 0.82];[1, 0];
[0.511, 13.333, 7.0, 0.777];[0.44, 18.0, 8.667, 0.827];[1, 0];
[0.455, 12.667, 12.333, 0.748];[0.448, 12.333, 10.667, 0.799];[1, 0];
[0.394, 10.667, 8.333, 0.773];[0.467, 19.667, 12.667, 0.813];[1, 0];
[0.504, 14.667, 11.0, 0.837];[0.422, 10.667, 11.667, 0.813];[1, 0];
[0.453, 13.667, 11.0, 0.82];[0.478, 15.333, 12.333, 0.722];[1, 0];
[0.492, 14.667, 6.333, 0.705];[0.476, 15.667, 10.0, 0.893];[1, 0];
[0.453, 15.0, 7.333, 0.774];[0.433, 11.333, 8.0, 0.81];[0, 1];
[0.453, 14.333, 9.0, 0.743];[0.443, 13.667, 11.0, 0.778];[0, 1];
[0.375, 17.333, 11.333, 0.701];[0.455, 14.667, 11.333, 0.824];[1, 0];
[0.523, 15.333, 8.333, 0.872];[0.494, 13.0, 12.667, 0.754];[0, 1];
[0.417, 14.0, 12.333, 0.715];[0.408, 15.0, 14.333, 0.71];[0, 1];
[0.473, 14.667, 12.0, 0.754];[0.453, 15.0, 8.667, 0.727];[1, 0];
[0.38, 15.0, 12.0, 0.806];[0.367, 14.0, 12.0, 0.808];[0, 1];
[0.471, 13.333, 7.333, 0.641];[0.542, 13.0, 8.667, 0.702];[0, 1];
[0.466, 14.333, 11.0, 0.742];[0.393, 12.0, 15.0, 0.704];[1, 0];
[0.499, 14.333, 9.333, 0.767];[0.447, 16.0, 13.333, 0.706];[1, 0];
[0.454, 12.667, 7.0, 0.788];[0.388, 12.667, 12.667, 0.803];[0, 1];
[0.454, 13.0, 14.667, 0.663];[0.509, 14.333, 12.0, 0.706];[0, 1];
[0.454, 13.333, 11.333, 0.779];[0.426, 18.0, 13.0, 0.761];[0, 1];
[0.471, 15.667, 11.667, 0.787];[0.446, 13.0, 11.333, 0.801];[0, 1];
[0.444, 12.667, 9.333, 0.771];[0.49, 14.333, 6.0, 0.701];[1, 0];
[0.447, 15.333, 9.667, 0.773];[0.497, 11.333, 10.0, 0.76];[0, 1];
[0.468, 13.667, 9.333, 0.732];[0.492, 11.667, 10.667, 0.709];[0, 1];
[0.419, 13.0, 13.667, 0.681];[0.484, 14.0, 15.0, 0.724];[0, 1];
[0.457, 13.0, 10.0, 0.787];[0.463, 15.0, 12.333, 0.689];[0, 1];
[0.443, 13.0, 12.667, 0.793];[0.406, 9.667, 13.0, 0.77];[0, 1];
[0.422, 11.667, 7.667, 0.822];[0.514, 17.0, 10.667, 0.759];[0, 1];
[0.49, 13.0, 9.333, 0.733];[0.467, 16.667, 10.667, 0.76];[1, 0];
[0.441, 14.667, 10.667, 0.654];[0.444, 18.667, 11.0, 0.813];[1, 0];
[0.466, 12.667, 9.667, 0.787];[0.471, 13.333, 11.333, 0.741];[1, 0];
[0.441, 13.667, 15.0, 0.682];[0.458, 13.333, 12.0, 0.709];[0, 1];
[0.468, 12.667, 14.333, 0.637];[0.46, 16.0, 11.333, 0.789];[0, 1];
[0.475, 13.333, 15.333, 0.769];[0.534, 12.333, 9.333, 0.774];[0, 1];
[0.443, 13.0, 9.333, 0.737];[0.476, 11.333, 11.667, 0.733];[0, 1];
[0.459, 15.0, 14.333, 0.759];[0.438, 17.333, 9.333, 0.822];[1, 0];
[0.445, 15.333, 8.667, 0.893];[0.415, 14.0, 8.333, 0.773];[1, 0];
[0.506, 16.333, 13.0, 0.731];[0.42, 11.667, 14.0, 0.775];[1, 0];
[0.443, 12.667, 10.333, 0.794];[0.461, 14.0, 14.667, 0.708];[0, 1];
[0.44, 12.333, 9.667, 0.814];[0.461, 14.333, 11.0, 0.736];[1, 0];
[0.426, 12.667, 13.0, 0.7];[0.498, 9.333, 7.333, 0.751];[1, 0];
[0.401, 15.333, 12.0, 0.824];[0.499, 15.0, 7.667, 0.741];[0, 1];
[0.462, 16.0, 9.667, 0.855];[0.442, 11.0, 11.0, 0.788];[0, 1];
[0.5, 14.667, 10.667, 0.772];[0.489, 14.333, 14.0, 0.75];[0, 1];
[0.479, 19.0, 12.0, 0.728];[0.416, 12.667, 10.0, 0.686];[1, 0];
[0.492, 14.0, 10.667, 0.648];[0.487, 10.0, 11.0, 0.731];[1, 0];
[0.435, 12.333, 12.0, 0.838];[0.436, 20.667, 16.0, 0.679];[1, 0];
[0.509, 13.0, 10.0, 0.851];[0.476, 13.333, 10.333, 0.702];[1, 0];
[0.448, 13.0, 12.667, 0.76];[0.488, 17.0, 6.333, 0.839];[1, 0];
[0.485, 13.333, 9.0, 0.721];[0.499, 14.0, 9.333, 0.836];[1, 0];
[0.465, 12.0, 11.333, 0.873];[0.468, 10.333, 10.0, 0.768];[1, 0];
[0.472, 11.0, 13.333, 0.698];[0.397, 13.667, 10.667, 0.741];[1, 0];
[0.476, 14.333, 12.333, 0.788];[0.449, 15.333, 10.0, 0.786];[0, 1];
[0.452, 10.333, 11.667, 0.715];[0.471, 13.333, 12.667, 0.734];[1, 0];
[0.469, 13.0, 13.0, 0.703];[0.444, 13.333, 10.667, 0.724];[0, 1];
[0.52, 9.333, 7.667, 0.579];[0.52, 14.0, 11.0, 0.672];[1, 0];
[0.451, 10.667, 7.667, 0.773];[0.463, 11.667, 7.667, 0.74];[0, 1];
[0.493, 10.333, 10.333, 0.839];[0.405, 10.667, 13.0, 0.786];[0, 1];
[0.42, 13.333, 9.333, 0.752];[0.463, 13.333, 10.333, 0.743];[0, 1];
[0.442, 9.667, 9.667, 0.778];[0.469, 11.667, 8.0, 0.71];[0, 1];
[0.446, 9.667, 9.0, 0.714];[0.476, 11.333, 12.667, 0.775];[0, 1];
[0.375, 12.0, 16.0, 0.717];[0.477, 13.667, 11.667, 0.79];[0, 1];
[0.471, 13.333, 10.333, 0.792];[0.426, 13.333, 15.0, 0.763];[0, 1];
[0.39, 11.0, 12.667, 0.755];[0.526, 14.0, 8.333, 0.783];[1, 0];
[0.45, 17.667, 9.333, 0.659];[0.412, 10.667, 12.333, 0.771];[0, 1];
[0.472, 12.667, 10.333, 0.825];[0.427, 14.667, 13.333, 0.746];[1, 0];
[0.474, 15.0, 10.667, 0.728];[0.423, 10.667, 12.667, 0.665];[0, 1];
[0.475, 11.333, 11.0, 0.736];[0.462, 14.667, 12.0, 0.632];[0, 1];
[0.438, 15.667, 9.667, 0.706];[0.411, 15.0, 11.333, 0.742];[1, 0];
[0.441, 11.333, 11.333, 0.752];[0.46, 11.667, 13.667, 0.735];[0, 1];
[0.464, 14.333, 10.667, 0.634];[0.458, 13.667, 16.667, 0.733];[1, 0];
[0.458, 10.667, 9.333, 0.803];[0.541, 9.0, 7.0, 0.748];[1, 0];
[0.413, 7.333, 12.0, 0.735];[0.504, 13.667, 10.0, 0.732];[1, 0];
[0.528, 12.667, 12.0, 0.803];[0.475, 14.333, 13.0, 0.792];[1, 0];
[0.433, 13.0, 11.0, 0.794];[0.479, 10.333, 8.0, 0.702];[0, 1];
[0.455, 14.333, 12.0, 0.722];[0.532, 12.667, 13.667, 0.809];[0, 1];
[0.471, 15.333, 14.0, 0.798];[0.437, 16.333, 15.0, 0.796];[1, 0];
[0.444, 15.333, 9.667, 0.72];[0.433, 11.333, 16.333, 0.794];[0, 1];
[0.47, 17.667, 7.667, 0.772];[0.442, 19.667, 7.667, 0.712];[0, 1];
[0.468, 14.667, 11.333, 0.829];[0.46, 15.667, 13.0, 0.828];[1, 0];
[0.457, 12.333, 11.667, 0.83];[0.453, 14.667, 8.333, 0.746];[1, 0];
[0.477, 16.333, 13.0, 0.737];[0.436, 12.667, 14.667, 0.847];[0, 1];
[0.432, 15.667, 12.0, 0.744];[0.455, 12.333, 9.333, 0.649];[1, 0];
[0.468, 12.333, 13.667, 0.751];[0.517, 9.667, 14.333, 0.687];[1, 0];
[0.45, 12.0, 11.0, 0.71];[0.455, 11.0, 13.333, 0.691];[1, 0];
[0.466, 15.0, 9.667, 0.775];[0.465, 10.0, 10.0, 0.663];[1, 0];
[0.467, 15.0, 14.0, 0.762];[0.432, 14.667, 10.0, 0.784];[1, 0];
[0.509, 14.333, 7.667, 0.798];[0.446, 11.333, 13.333, 0.713];[1, 0];
[0.453, 13.333, 8.333, 0.753];[0.439, 16.667, 10.667, 0.806];[0, 1];
[0.513, 16.667, 10.667, 0.858];[0.487, 15.333, 11.667, 0.725];[0, 1];
[0.423, 11.667, 12.667, 0.813];[0.405, 13.333, 9.0, 0.759];[0, 1];
[0.478, 16.667, 11.667, 0.767];[0.462, 14.667, 11.0, 0.799];[1, 0];
[0.457, 14.333, 10.667, 0.649];[0.49, 11.667, 10.333, 0.716];[0, 1];
[0.42, 10.333, 13.0, 0.734];[0.405, 11.0, 12.0, 0.6];[0, 1];
[0.423, 13.333, 13.0, 0.8];[0.452, 9.333, 14.333, 0.748];[0, 1];
[0.424, 13.333, 10.0, 0.721];[0.426, 15.0, 13.0, 0.715];[0, 1];
[0.458, 10.667, 7.667, 0.82];[0.433, 14.667, 14.667, 0.887];[1, 0];
[0.456, 17.667, 10.0, 0.703];[0.537, 13.333, 8.0, 0.772];[1, 0];
[0.558, 15.0, 7.0, 0.556];[0.416, 17.0, 13.0, 0.781];[0, 1];
[0.398, 13.0, 7.0, 0.778];[0.473, 15.667, 10.0, 0.773];[0, 1];
[0.484, 15.667, 10.0, 0.71];[0.499, 18.0, 11.333, 0.728];[0, 1];
[0.433, 11.333, 11.667, 0.794];[0.427, 12.333, 11.0, 0.808];[0, 1];
[0.459, 10.0, 9.667, 0.807];[0.441, 11.667, 13.0, 0.708];[1, 0];
[0.481, 15.0, 7.667, 0.752];[0.453, 13.667, 12.0, 0.786];[1, 0];
[0.478, 12.333, 14.0, 0.77];[0.443, 15.0, 10.333, 0.826];[1, 0];
[0.492, 13.333, 10.333, 0.847];[0.425, 11.0, 8.667, 0.793];[0, 1];
[0.536, 10.667, 15.333, 0.753];[0.452, 9.333, 12.667, 0.679];[1, 0];
[0.433, 17.667, 9.333, 0.804];[0.436, 11.667, 7.0, 0.716];[1, 0];
[0.49, 15.0, 13.0, 0.764];[0.481, 13.667, 11.667, 0.802];[1, 0];
[0.453, 15.333, 12.333, 0.769];[0.451, 12.333, 7.667, 0.752];[1, 0];
[0.417, 13.333, 12.333, 0.841];[0.505, 16.0, 9.333, 0.841];[0, 1];
[0.44, 10.667, 9.667, 0.76];[0.449, 14.667, 12.333, 0.732];[0, 1];
[0.399, 13.0, 14.667, 0.752];[0.51, 15.333, 11.667, 0.716];[1, 0];
[0.488, 12.333, 11.667, 0.707];[0.415, 14.667, 12.667, 0.784];[1, 0];
[0.542, 13.0, 8.333, 0.688];[0.457, 17.667, 14.667, 0.748];[0, 1];
[0.476, 13.667, 8.667, 0.801];[0.388, 17.0, 10.0, 0.833];[1, 0];
[0.525, 11.667, 14.0, 0.675];[0.442, 11.667, 10.333, 0.8];[1, 0];
[0.452, 14.667, 12.333, 0.768];[0.467, 13.667, 8.0, 0.8];[1, 0];
[0.525, 15.667, 8.667, 0.774];[0.45, 13.667, 10.333, 0.759];[0, 1];
[0.447, 11.0, 8.333, 0.757];[0.43, 15.0, 11.333, 0.722];[0, 1];
[0.435, 16.333, 11.333, 0.78];[0.522, 16.0, 9.667, 0.72];[1, 0];
[0.47, 12.667, 10.0, 0.706];[0.482, 16.333, 8.333, 0.726];[0, 1];
[0.479, 12.667, 11.333, 0.797];[0.457, 10.667, 14.0, 0.833];[0, 1];
[0.493, 15.333, 9.0, 0.62];[0.469, 15.667, 10.0, 0.635];[0, 1];
[0.443, 11.0, 12.667, 0.764];[0.49, 13.0, 8.667, 0.799];[0, 1];
[0.476, 13.333, 10.0, 0.75];[0.512, 10.0, 13.667, 0.811];[1, 0];
[0.452, 18.333, 11.667, 0.776];[0.524, 15.333, 5.667, 0.78];[1, 0];
[0.503, 12.0, 10.0, 0.78];[0.519, 13.667, 8.667, 0.768];[0, 1];
[0.468, 11.667, 13.667, 0.769];[0.458, 12.333, 13.333, 0.738];[1, 0];
[0.464, 16.667, 14.333, 0.794];[0.506, 11.667, 13.0, 0.722];[0, 1];
[0.458, 13.0, 10.333, 0.809];[0.483, 15.0, 10.0, 0.78];[0, 1];
[0.481, 14.0, 13.667, 0.702];[0.493, 9.333, 9.0, 0.746];[1, 0];
[0.495, 15.667, 12.0, 0.733];[0.523, 14.667, 14.667, 0.667];[0, 1];
[0.514, 12.0, 11.667, 0.839];[0.432, 12.0, 15.667, 0.713];[1, 0];
[0.456, 14.0, 13.667, 0.743];[0.488, 15.0, 10.333, 0.768];[0, 1];
[0.5, 10.0, 12.0, 0.76];[0.346, 7.0, 14.0, 0.805];[1, 0];
[0.423, 14.333, 11.0, 0.685];[0.455, 16.333, 15.333, 0.768];[0, 1];
[0.476, 13.667, 6.667, 0.766];[0.446, 15.0, 8.667, 0.843];[0, 1];
[0.495, 11.333, 6.667, 0.745];[0.51, 13.333, 8.0, 0.766];[1, 0];
[0.43, 12.0, 11.0, 0.773];[0.485, 14.333, 11.0, 0.686];[1, 0];
[0.453, 14.667, 11.333, 0.786];[0.451, 17.667, 9.333, 0.695];[1, 0];
[0.452, 12.667, 7.667, 0.754];[0.491, 13.0, 8.333, 0.716];[1, 0];
[0.499, 16.667, 8.0, 0.763];[0.492, 14.0, 9.667, 0.853];[1, 0];
[0.481, 11.667, 11.667, 0.828];[0.522, 18.667, 10.333, 0.81];[1, 0];
[0.407, 11.667, 13.333, 0.733];[0.433, 11.667, 14.667, 0.798];[1, 0];
[0.46, 12.0, 12.667, 0.611];[0.457, 16.0, 10.333, 0.792];[0, 1];
[0.475, 13.333, 12.667, 0.829];[0.412, 17.667, 11.333, 0.732];[1, 0];
[0.44, 13.0, 13.0, 0.701];[0.497, 14.0, 12.667, 0.735];[0, 1];
[0.463, 13.667, 10.0, 0.792];[0.524, 16.333, 10.667, 0.779];[0, 1];
[0.403, 11.0, 11.0, 0.734];[0.473, 13.333, 12.667, 0.647];[1, 0];
[0.443, 17.667, 12.0, 0.758];[0.503, 14.0, 9.667, 0.845];[0, 1];
[0.464, 11.667, 11.667, 0.796];[0.461, 12.667, 11.667, 0.732];[1, 0];
[0.445, 15.333, 12.333, 0.688];[0.448, 15.333, 13.0, 0.628];[0, 1];
[0.458, 17.333, 12.667, 0.82];[0.501, 14.667, 11.333, 0.776];[1, 0];
[0.495, 15.333, 11.667, 0.744];[0.459, 13.333, 10.667, 0.798];[1, 0];
[0.509, 13.0, 9.333, 0.748];[0.471, 18.667, 11.0, 0.782];[1, 0];
[0.384, 15.333, 14.667, 0.764];[0.425, 11.333, 11.0, 0.811];[0, 1];
[0.461, 15.0, 8.0, 0.776];[0.415, 11.333, 13.0, 0.802];[1, 0];
[0.476, 16.667, 10.333, 0.781];[0.477, 16.333, 9.0, 0.784];[1, 0];
[0.412, 17.667, 14.0, 0.762];[0.469, 17.0, 11.667, 0.776];[0, 1];
[0.404, 11.333, 11.333, 0.849];[0.414, 11.667, 12.0, 0.72];[0, 1];
[0.432, 15.0, 11.0, 0.835];[0.51, 13.667, 12.333, 0.727];[0, 1];
[0.431, 11.333, 14.0, 0.66];[0.459, 13.0, 10.667, 0.809];[0, 1];
[0.512, 17.0, 9.0, 0.836];[0.472, 11.333, 11.333, 0.75];[0, 1];
[0.446, 10.333, 11.0, 0.822];[0.441, 13.0, 8.667, 0.721];[0, 1];
[0.453, 12.333, 15.0, 0.848];[0.46, 13.667, 10.333, 0.725];[1, 0];
[0.523, 9.667, 7.667, 0.801];[0.458, 13.667, 13.0, 0.791];[0, 1];
[0.436, 15.667, 14.333, 0.862];[0.461, 18.0, 10.667, 0.725];[1, 0];
[0.502, 12.667, 9.667, 0.748];[0.456, 10.667, 13.0, 0.729];[1, 0];
[0.475, 9.667, 10.333, 0.841];[0.461, 12.333, 8.0, 0.702];[1, 0];
[0.444, 14.0, 8.333, 0.654];[0.512, 15.667, 9.333, 0.742];[1, 0];
[0.446, 19.667, 9.667, 0.747];[0.475, 17.0, 10.0, 0.77];[0, 1];
[0.465, 17.333, 11.333, 0.748];[0.45, 12.0, 5.667, 0.804];[1, 0];
[0.461, 12.333, 6.333, 0.723];[0.488, 11.0, 13.0, 0.733];[0, 1];
[0.441, 18.0, 10.667, 0.761];[0.414, 13.0, 12.0, 0.677];[1, 0];
[0.442, 12.333, 10.333, 0.622];[0.452, 16.0, 12.333, 0.792];[1, 0];
[0.445, 16.667, 13.667, 0.681];[0.461, 13.333, 12.667, 0.797];[1, 0];
[0.485, 17.667, 9.0, 0.739];[0.46, 16.0, 11.0, 0.686];[1, 0];
[0.487, 15.0, 10.333, 0.817];[0.486, 11.0, 11.333, 0.782];[1, 0];
[0.468, 12.667, 10.667, 0.679];[0.473, 11.333, 8.333, 0.728];[0, 1];
[0.421, 10.333, 9.667, 0.827];[0.46, 13.667, 9.667, 0.783];[0, 1];
[0.425, 13.0, 10.333, 0.782];[0.464, 17.333, 13.0, 0.77];[1, 0];
[0.449, 10.333, 11.333, 0.806];[0.409, 13.0, 11.667, 0.737];[1, 0];
[0.454, 15.333, 10.0, 0.793];[0.472, 16.333, 10.333, 0.816];[0, 1];
[0.485, 13.0, 12.0, 0.76];[0.439, 14.667, 15.0, 0.799];[1, 0];
[0.473, 14.667, 10.333, 0.734];[0.483, 19.333, 10.667, 0.598];[0, 1];
[0.491, 15.0, 12.0, 0.765];[0.446, 9.667, 15.333, 0.758];[0, 1];
[0.465, 13.667, 10.333, 0.778];[0.465, 12.0, 8.0, 0.749];[0, 1];
[0.461, 14.333, 13.667, 0.832];[0.454, 15.0, 14.333, 0.737];[1, 0];
[0.442, 12.667, 14.333, 0.822];[0.422, 10.333, 11.0, 0.81];[1, 0];
[0.516, 14.667, 10.667, 0.749];[0.5, 14.0, 9.0, 0.828];[0, 1];
[0.523, 12.667, 11.0, 0.715];[0.516, 15.333, 6.667, 0.679];[1, 0];
[0.437, 12.667, 7.333, 0.776];[0.493, 12.667, 10.0, 0.707];[1, 0];
[0.465, 11.667, 10.667, 0.756];[0.47, 10.333, 10.333, 0.827];[1, 0];
[0.517, 8.333, 10.333, 0.65];[0.453, 12.333, 9.0, 0.815];[1, 0];
[0.52, 15.333, 11.333, 0.778];[0.496, 20.667, 13.0, 0.788];[0, 1];
[0.438, 14.667, 12.667, 0.786];[0.498, 10.667, 11.0, 0.738];[0, 1];
[0.446, 11.667, 12.333, 0.802];[0.454, 13.0, 7.667, 0.754];[0, 1];
[0.493, 13.333, 11.0, 0.709];[0.465, 10.0, 12.333, 0.748];[0, 1];
[0.466, 13.333, 11.0, 0.789];[0.446, 13.0, 10.667, 0.771];[0, 1];
[0.484, 16.0, 14.333, 0.692];[0.444, 13.667, 10.0, 0.794];[1, 0];
[0.471, 8.0, 9.667, 0.658];[0.479, 11.333, 12.333, 0.753];[0, 1];
[0.476, 15.333, 11.667, 0.74];[0.431, 16.333, 6.667, 0.81];[1, 0];
[0.459, 16.667, 9.333, 0.862];[0.507, 12.667, 13.0, 0.775];[0, 1];
[0.501, 14.0, 9.333, 0.698];[0.514, 10.667, 8.667, 0.786];[1, 0];
[0.478, 14.333, 11.0, 0.804];[0.459, 17.333, 11.667, 0.694];[1, 0];
[0.463, 12.333, 8.667, 0.785];[0.461, 11.0, 11.667, 0.695];[1, 0];
[0.51, 10.333, 11.0, 0.834];[0.55, 9.667, 7.0, 0.72];[1, 0];
[0.425, 12.667, 13.667, 0.679];[0.439, 12.333, 11.333, 0.665];[1, 0];
[0.499, 13.667, 11.0, 0.715];[0.475, 16.333, 14.0, 0.815];[1, 0];
[0.472, 17.333, 10.333, 0.65];[0.468, 17.0, 10.333, 0.78];[1, 0];
[0.471, 14.333, 9.667, 0.873];[0.504, 13.333, 11.0, 0.712];[0, 1];
[0.441, 14.0, 8.333, 0.675];[0.468, 14.333, 7.667, 0.81];[0, 1];
[0.489, 19.667, 11.333, 0.715];[0.468, 16.667, 8.667, 0.835];[0, 1];
[0.455, 15.333, 10.667, 0.758];[0.435, 11.0, 11.333, 0.803];[0, 1];
[0.469, 10.667, 6.667, 0.737];[0.467, 16.667, 12.333, 0.761];[1, 0];
[0.441, 12.333, 11.667, 0.729];[0.487, 16.667, 11.0, 0.716];[0, 1];
[0.461, 12.667, 10.0, 0.725];[0.417, 17.667, 11.0, 0.736];[0, 1];
[0.438, 15.333, 11.667, 0.801];[0.483, 13.0, 11.667, 0.79];[0, 1];
[0.459, 15.333, 14.333, 0.785];[0.487, 9.333, 8.667, 0.828];[0, 1];
[0.442, 12.333, 10.0, 0.739];[0.494, 11.333, 13.667, 0.657];[1, 0];
[0.451, 15.333, 12.0, 0.7];[0.467, 14.333, 10.667, 0.728];[0, 1];
[0.391, 13.333, 12.333, 0.783];[0.533, 12.667, 12.667, 0.782];[1, 0];
[0.483, 14.0, 10.333, 0.788];[0.454, 13.333, 17.333, 0.808];[1, 0];
[0.484, 12.0, 7.667, 0.808];[0.485, 13.333, 7.0, 0.795];[0, 1];
[0.487, 14.667, 13.667, 0.728];[0.432, 15.0, 15.0, 0.704];[1, 0];
