[0.431, 14.667, 11.333, 0.792];[0.409, 15.333, 10.667, 0.762];[1, 0];
[0.432, 10.667, 10.667, 0.834];[0.522, 10.0, 8.0, 0.808];[1, 0];
[0.447, 17.0, 16.0, 0.713];[0.498, 13.667, 12.667, 0.805];[0, 1];
[0.47, 14.333, 11.333, 0.684];[0.484, 15.667, 10.333, 0.717];[0, 1];
[0.43, 13.333, 13.0, 0.816];[0.408, 12.0, 14.667, 0.734];[1, 0];
[0.436, 11.667, 11.0, 0.775];[0.492, 20.0, 12.0, 0.828];[1, 0];
[0.429, 14.0, 12.0, 0.876];[0.454, 12.333, 8.333, 0.817];[1, 0];
[0.472, 9.0, 12.0, 0.83];[0.485, 13.0, 11.333, 0.844];[0, 1];
[0.508, 12.333, 11.333, 0.699];[0.408, 11.0, 12.333, 0.836];[1, 0];
[0.471, 13.333, 7.333, 0.8];[0.455, 13.333, 11.667, 0.756];[1, 0];
[0.464, 14.667, 10.0, 0.802];[0.419, 12.333, 10.667, 0.886];[1, 0];
[0.483, 16.333, 12.667, 0.766];[0.429, 14.0, 6.333, 0.751];[1, 0];
[0.476, 12.667, 11.333, 0.778];[0.443, 9.667, 11.667, 0.772];[1, 0];
[0.421, 14.333, 8.333, 0.701];[0.579, 16.333, 8.667, 0.812];[1, 0];
[0.498, 14.333, 14.0, 0.774];[0.472, 15.667, 9.667, 0.72];[0, 1];
[0.467, 10.333, 13.0, 0.725];[0.458, 12.667, 9.0, 0.705];[1, 0];
[0.46, 12.667, 12.667, 0.767];[0.498, 13.0, 8.333, 0.797];[1, 0];
[0.418, 10.667, 12.667, 0.65];[0.437, 11.0, 10.667, 0.831];[0, 1];
[0.433, 16.333, 13.667, 0.731];[0.413, 10.667, 12.333, 0.696];[1, 0];
[0.485, 14.667, 15.333, 0.826];[0.461, 14.667, 11.0, 0.697];[0, 1];
[0.422, 11.667, 10.667, 0.783];[0.408, 11.0, 8.667, 0.769];[1, 0];
[0.445, 16.333, 8.333, 0.812];[0.45, 16.667, 10.667, 0.808];[0, 1];
[0.485, 12.333, 8.333, 0.862];[0.452, 14.667, 11.0, 0.716];[1, 0];
[0.43, 16.333, 12.333, 0.78];[0.455, 14.333, 10.333, 0.922];[1, 0];
[0.494, 10.667, 11.0, 0.839];[0.418, 14.333, 10.333, 0.811];[1, 0];
[0.45, 18.667, 12.667, 0.639];[0.431, 16.667, 9.667, 0.841];[1, 0];
[0.499, 14.333, 12.333, 0.797];[0.451, 20.667, 13.333, 0.784];[1, 0];
[0.44, 14.333, 10.333, 0.669];[0.454, 17.667, 10.667, 0.665];[0, 1];
[0.479, 11.667, 13.0, 0.81];[0.398, 13.667, 12.333, 0.848];[1, 0];
[0.427, 12.333, 8.667, 0.801];[0.441, 15.667, 8.333, 0.819];[0, 1];
[0.489, 12.333, 8.667, 0.822];[0.464, 14.667, 10.667, 0.798];[1, 0];
[0.398, 15.0, 15.667, 0.766];[0.438, 15.667, 11.333, 0.725];[0, 1];
[0.487, 11.333, 9.333, 0.645];[0.475, 15.667, 8.667, 0.818];[1, 0];
[0.507, 12.667, 10.0, 0.86];[0.485, 12.667, 14.667, 0.752];[1, 0];
[0.452, 16.0, 12.667, 0.768];[0.424, 14.667, 11.333, 0.733];[0, 1];
[0.457, 13.0, 9.667, 0.778];[0.471, 16.0, 7.0, 0.899];[1, 0];
[0.463, 6.0, 13.0, 0.75];[0.392, 15.0, 10.0, 0.917];[0, 1];
[0.514, 13.0, 12.0, 0.727];[0.476, 12.0, 6.333, 0.639];[1, 0];
[0.434, 11.0, 13.667, 0.836];[0.46, 14.0, 14.0, 0.746];[0, 1];
[0.459, 16.0, 15.667, 0.716];[0.472, 13.0, 7.333, 0.719];[1, 0];
[0.479, 12.667, 9.0, 0.728];[0.468, 13.333, 8.333, 0.682];[0, 1];
[0.413, 17.0, 12.667, 0.745];[0.481, 17.333, 13.333, 0.781];[0, 1];
[0.405, 17.0, 14.0, 0.635];[0.445, 10.0, 9.333, 0.724];[1, 0];
[0.443, 9.0, 9.0, 0.726];[0.426, 13.333, 12.333, 0.861];[0, 1];
[0.441, 16.667, 9.667, 0.816];[0.452, 15.333, 9.333, 0.917];[1, 0];
[0.484, 14.333, 10.0, 0.856];[0.487, 13.667, 9.0, 0.818];[1, 0];
[0.431, 11.667, 8.0, 0.649];[0.46, 11.667, 10.333, 0.68];[0, 1];
[0.42, 13.667, 12.0, 0.667];[0.489, 15.333, 12.667, 0.725];[1, 0];
[0.486, 12.667, 13.667, 0.788];[0.457, 15.667, 13.333, 0.759];[0, 1];
[0.41, 12.333, 8.667, 0.759];[0.451, 14.0, 8.667, 0.734];[1, 0];
[0.461, 12.333, 7.667, 0.687];[0.448, 14.333, 11.0, 0.764];[0, 1];
[0.519, 15.333, 10.333, 0.797];[0.47, 17.0, 11.333, 0.721];[1, 0];
[0.385, 13.667, 12.333, 0.818];[0.471, 12.333, 9.0, 0.796];[0, 1];
[0.467, 15.0, 11.667, 0.778];[0.467, 11.667, 11.667, 0.86];[1, 0];
[0.423, 19.0, 14.333, 0.777];[0.485, 15.0, 13.0, 0.85];[0, 1];
[0.453, 13.333, 11.667, 0.801];[0.445, 12.333, 9.333, 0.892];[1, 0];
[0.478, 12.333, 14.333, 0.711];[0.49, 11.0, 9.333, 0.78];[0, 1];
[0.446, 11.333, 12.333, 0.724];[0.449, 15.0, 10.333, 0.638];[0, 1];
[0.441, 15.333, 14.0, 0.789];[0.425, 13.667, 10.333, 0.715];[0, 1];
[0.455, 15.333, 7.333, 0.825];[0.497, 13.667, 10.333, 0.713];[0, 1];
[0.454, 13.333, 10.667, 0.773];[0.485, 12.667, 11.0, 0.668];[1, 0];
[0.5, 15.667, 10.667, 0.699];[0.396, 14.0, 13.667, 0.722];[0, 1];
[0.414, 14.333, 11.333, 0.784];[0.459, 18.0, 7.0, 0.712];[1, 0];
[0.437, 12.667, 11.333, 0.694];[0.442, 14.0, 14.667, 0.813];[0, 1];
[0.458, 10.333, 8.667, 0.74];[0.489, 14.667, 9.667, 0.785];[0, 1];
[0.507, 15.667, 13.0, 0.793];[0.428, 17.333, 12.333, 0.807];[1, 0];
[0.515, 11.333, 9.0, 0.798];[0.426, 12.333, 11.333, 0.865];[1, 0];
[0.462, 13.0, 11.333, 0.758];[0.461, 18.667, 7.667, 0.839];[1, 0];
[0.475, 12.0, 10.333, 0.774];[0.439, 16.0, 7.0, 0.683];[1, 0];
[0.462, 13.333, 13.0, 0.708];[0.48, 14.333, 16.0, 0.747];[1, 0];
[0.447, 11.667, 13.667, 0.83];[0.456, 15.0, 12.667, 0.751];[1, 0];
[0.41, 14.333, 11.333, 0.846];[0.503, 16.333, 7.667, 0.832];[0, 1];
[0.41, 12.0, 12.333, 0.851];[0.456, 14.667, 10.667, 0.794];[0, 1];
[0.399, 10.0, 9.333, 0.869];[0.446, 15.0, 12.0, 0.717];[0, 1];
[0.409, 13.333, 12.333, 0.864];[0.489, 15.333, 11.333, 0.77];[1, 0];
[0.471, 14.667, 12.333, 0.768];[0.468, 11.0, 14.0, 0.754];[0, 1];
[0.528, 16.667, 8.667, 0.792];[0.397, 13.667, 10.667, 0.835];[1, 0];
[0.41, 13.0, 14.0, 0.747];[0.472, 15.0, 9.333, 0.768];[1, 0];
[0.471, 11.333, 13.333, 0.809];[0.446, 11.0, 14.333, 0.758];[1, 0];
[0.443, 10.333, 8.333, 0.869];[0.415, 9.333, 14.0, 0.709];[1, 0];
[0.422, 17.0, 16.0, 0.75];[0.519, 8.0, 5.0, 0.92];[1, 0];
[0.477, 10.333, 12.667, 0.805];[0.456, 14.667, 13.333, 0.722];[0, 1];
[0.369, 16.667, 15.0, 0.749];[0.46, 14.0, 11.667, 0.752];[1, 0];
[0.443, 12.0, 11.0, 0.783];[0.519, 13.333, 10.333, 0.864];[0, 1];
[0.443, 14.667, 12.333, 0.839];[0.381, 14.667, 10.667, 0.857];[1, 0];
[0.435, 13.333, 15.0, 0.788];[0.545, 12.0, 13.667, 0.753];[0, 1];
[0.466, 15.333, 10.0, 0.767];[0.429, 12.0, 12.0, 0.805];[1, 0];
[0.424, 17.667, 12.667, 0.668];[0.456, 17.667, 15.667, 0.795];[1, 0];
[0.52, 13.333, 8.0, 0.744];[0.433, 13.333, 13.333, 0.872];[1, 0];
[0.466, 11.333, 11.667, 0.792];[0.41, 10.0, 13.667, 0.64];[1, 0];
[0.451, 14.667, 11.0, 0.72];[0.473, 12.667, 11.667, 0.776];[0, 1];
[0.497, 11.333, 8.333, 0.829];[0.449, 14.0, 9.667, 0.731];[1, 0];
[0.446, 11.667, 12.667, 0.727];[0.467, 14.333, 14.333, 0.782];[1, 0];
[0.465, 20.333, 10.0, 0.733];[0.415, 11.667, 12.0, 0.823];[1, 0];
[0.465, 14.667, 10.667, 0.802];[0.441, 15.0, 11.0, 0.744];[0, 1];
[0.53, 15.0, 6.667, 0.735];[0.464, 13.333, 9.333, 0.672];[0, 1];
[0.448, 15.0, 11.0, 0.715];[0.427, 14.333, 12.333, 0.705];[0, 1];
[0.454, 9.667, 10.333, 0.667];[0.446, 7.667, 10.0, 0.729];[1, 0];
[0.464, 11.0, 13.333, 0.764];[0.5, 10.0, 9.667, 0.721];[0, 1];
[0.512, 12.0, 11.333, 0.782];[0.492, 10.333, 9.0, 0.86];[1, 0];
[0.478, 14.333, 14.333, 0.758];[0.426, 11.667, 10.0, 0.836];[1, 0];
[0.417, 13.0, 9.0, 0.853];[0.544, 12.333, 9.333, 0.748];[1, 0];
[0.477, 11.667, 9.0, 0.706];[0.476, 14.667, 7.0, 0.668];[1, 0];
[0.42, 12.667, 12.333, 0.783];[0.409, 11.333, 7.667, 0.792];[0, 1];
[0.473, 12.333, 10.667, 0.727];[0.476, 12.0, 6.333, 0.758];[1, 0];
[0.424, 12.667, 15.667, 0.757];[0.46, 8.0, 9.0, 0.681];[1, 0];
[0.476, 14.333, 10.667, 0.73];[0.46, 14.667, 10.667, 0.815];[1, 0];
[0.472, 14.333, 11.333, 0.697];[0.451, 16.0, 16.333, 0.672];[0, 1];
[0.463, 13.0, 11.333, 0.737];[0.447, 13.333, 11.0, 0.814];[1, 0];
[0.427, 16.333, 12.333, 0.847];[0.509, 13.333, 7.667, 0.894];[1, 0];
[0.405, 9.667, 11.333, 0.705];[0.461, 12.667, 9.333, 0.737];[0, 1];
[0.477, 14.0, 12.333, 0.839];[0.472, 14.333, 13.0, 0.78];[0, 1];
[0.481, 12.333, 9.0, 0.829];[0.5, 13.667, 7.333, 0.776];[1, 0];
[0.434, 14.667, 11.667, 0.726];[0.479, 11.333, 9.333, 0.728];[0, 1];
[0.423, 16.333, 13.667, 0.77];[0.448, 17.333, 8.333, 0.666];[1, 0];
[0.49, 8.333, 9.333, 0.745];[0.455, 13.667, 11.333, 0.808];[1, 0];
[0.407, 11.333, 12.0, 0.632];[0.474, 14.667, 12.333, 0.783];[1, 0];
[0.483, 15.0, 13.667, 0.739];[0.466, 14.333, 16.333, 0.724];[1, 0];
[0.469, 15.333, 9.667, 0.852];[0.493, 14.667, 11.333, 0.76];[1, 0];
[0.476, 11.333, 10.333, 0.765];[0.435, 10.0, 15.0, 0.822];[1, 0];
[0.461, 13.0, 12.0, 0.682];[0.458, 13.667, 14.0, 0.771];[0, 1];
[0.446, 16.333, 12.333, 0.81];[0.493, 15.0, 11.333, 0.834];[0, 1];
[0.452, 7.0, 11.333, 0.759];[0.489, 12.0, 9.667, 0.779];[0, 1];
[0.486, 15.0, 10.0, 0.745];[0.441, 14.667, 9.667, 0.739];[1, 0];
[0.454, 14.333, 12.333, 0.646];[0.422, 18.0, 10.0, 0.77];[1, 0];
[0.445, 16.0, 12.0, 0.808];[0.443, 12.0, 9.0, 0.747];[1, 0];
[0.501, 14.333, 7.333, 0.691];[0.451, 15.333, 10.667, 0.848];[1, 0];
[0.445, 16.0, 9.667, 0.782];[0.453, 12.333, 7.0, 0.887];[1, 0];
[0.446, 14.333, 9.0, 0.761];[0.431, 14.0, 12.333, 0.859];[0, 1];
[0.516, 14.0, 9.0, 0.808];[0.489, 11.667, 10.333, 0.783];[0, 1];
[0.46, 13.667, 12.333, 0.702];[0.461, 13.333, 10.667, 0.729];[0, 1];
[0.461, 13.0, 11.0, 0.847];[0.473, 8.667, 10.333, 0.792];[0, 1];
[0.445, 10.333, 8.667, 0.771];[0.422, 11.0, 8.667, 0.825];[0, 1];
[0.391, 17.0, 13.0, 0.839];[0.473, 16.0, 11.0, 0.76];[0, 1];
[0.492, 14.0, 13.0, 0.694];[0.521, 14.667, 8.667, 0.811];[1, 0];
[0.444, 14.333, 13.667, 0.716];[0.466, 10.667, 7.0, 0.744];[1, 0];
[0.446, 12.667, 10.667, 0.744];[0.488, 13.667, 7.333, 0.776];[1, 0];
[0.473, 11.0, 6.0, 0.797];[0.496, 10.0, 8.0, 0.817];[0, 1];
[0.57, 11.333, 7.333, 0.883];[0.428, 15.0, 11.667, 0.748];[0, 1];
[0.465, 14.667, 13.0, 0.824];[0.458, 16.333, 13.333, 0.84];[0, 1];
[0.49, 12.333, 13.667, 0.868];[0.436, 14.667, 12.333, 0.641];[0, 1];
[0.509, 14.667, 10.0, 0.763];[0.479, 14.667, 13.0, 0.826];[1, 0];
[0.453, 18.333, 12.0, 0.833];[0.429, 15.333, 6.667, 0.639];[0, 1];
[0.496, 11.333, 10.667, 0.695];[0.456, 9.333, 9.0, 0.777];[0, 1];
[0.397, 17.667, 14.333, 0.83];[0.464, 13.0, 11.333, 0.637];[0, 1];
[0.511, 10.0, 8.667, 0.74];[0.44, 16.0, 13.0, 0.8];[1, 0];
[0.463, 15.0, 10.333, 0.824];[0.429, 17.0, 17.333, 0.854];[0, 1];
[0.446, 9.333, 11.0, 0.698];[0.463, 11.333, 8.667, 0.897];[1, 0];
[0.453, 12.667, 12.333, 0.609];[0.42, 15.0, 12.333, 0.852];[1, 0];
[0.479, 10.667, 10.333, 0.754];[0.443, 12.333, 10.0, 0.723];[1, 0];
[0.45, 18.0, 11.333, 0.779];[0.45, 13.333, 8.667, 0.706];[0, 1];
[0.459, 13.667, 9.0, 0.692];[0.465, 13.333, 11.333, 0.802];[0, 1];
[0.478, 12.667, 9.0, 0.753];[0.443, 11.333, 9.0, 0.702];[0, 1];
[0.448, 12.0, 11.333, 0.654];[0.417, 13.0, 12.0, 0.673];[1, 0];
[0.514, 15.0, 11.667, 0.761];[0.464, 10.333, 11.333, 0.764];[1, 0];
[0.48, 11.0, 13.667, 0.746];[0.489, 14.0, 12.0, 0.72];[1, 0];
[0.452, 16.333, 8.0, 0.747];[0.493, 10.667, 9.0, 0.742];[0, 1];
[0.489, 14.0, 12.0, 0.746];[0.459, 12.333, 11.667, 0.83];[0, 1];
[0.47, 11.333, 10.333, 0.771];[0.449, 16.333, 14.0, 0.78];[1, 0];
[0.457, 9.333, 16.0, 0.721];[0.538, 10.0, 13.0, 0.787];[0, 1];
[0.48, 7.0, 12.667, 0.737];[0.489, 14.0, 6.667, 0.721];[1, 0];
[0.397, 11.0, 10.0, 0.679];[0.464, 9.667, 11.667, 0.764];[0, 1];
[0.457, 12.0, 10.667, 0.792];[0.47, 12.667, 11.333, 0.824];[0, 1];
[0.481, 13.0, 7.667, 0.682];[0.435, 11.0, 7.0, 0.838];[0, 1];
[0.495, 9.333, 8.333, 0.717];[0.503, 11.667, 7.667, 0.735];[0, 1];
[0.506, 14.333, 9.667, 0.773];[0.453, 15.0, 12.667, 0.82];[0, 1];
[0.466, 11.0, 15.0, 0.736];[0.475, 15.0, 11.333, 0.785];[0, 1];
[0.504, 13.667, 12.0, 0.764];[0.469, 12.333, 12.0, 0.705];[0, 1];
[0.545, 13.667, 14.0, 0.788];[0.439, 12.667, 7.333, 0.822];[1, 0];
[0.46, 16.0, 12.0, 0.763];[0.44, 17.0, 11.333, 0.824];[1, 0];
[0.455, 12.0, 10.0, 0.798];[0.516, 10.667, 12.0, 0.767];[0, 1];
[0.443, 11.0, 9.667, 0.775];[0.512, 14.0, 9.667, 0.805];[0, 1];
[0.482, 11.667, 17.0, 0.763];[0.45, 12.333, 11.0, 0.755];[0, 1];
[0.457, 15.0, 7.0, 0.82];[0.491, 16.0, 7.0, 0.762];[0, 1];
[0.455, 6.667, 17.0, 0.797];[0.458, 12.667, 13.667, 0.924];[0, 1];
[0.485, 12.0, 14.0, 0.736];[0.465, 12.667, 12.333, 0.737];[1, 0];
[0.462, 13.0, 8.667, 0.833];[0.458, 14.333, 10.0, 0.825];[1, 0];
[0.436, 13.0, 16.667, 0.657];[0.45, 16.0, 12.333, 0.792];[1, 0];
[0.536, 14.0, 11.333, 0.779];[0.468, 16.667, 11.0, 0.813];[1, 0];
[0.414, 11.333, 7.333, 0.699];[0.469, 18.667, 11.0, 0.748];[0, 1];
[0.426, 10.667, 10.667, 0.744];[0.458, 13.667, 7.0, 0.864];[0, 1];
[0.449, 9.667, 8.667, 0.675];[0.486, 11.667, 10.0, 0.858];[1, 0];
[0.439, 12.333, 9.333, 0.806];[0.47, 12.333, 10.0, 0.745];[1, 0];
[0.429, 10.333, 15.0, 0.808];[0.438, 10.667, 13.0, 0.793];[0, 1];
[0.407, 15.0, 9.667, 0.716];[0.487, 13.667, 9.667, 0.811];[0, 1];
[0.48, 15.333, 11.0, 0.8];[0.41, 12.667, 16.333, 0.751];[0, 1];
[0.478, 11.667, 13.333, 0.754];[0.523, 14.0, 10.0, 0.726];[1, 0];
[0.446, 10.333, 12.0, 0.79];[0.478, 12.333, 6.667, 0.761];[0, 1];
[0.432, 17.333, 12.333, 0.801];[0.485, 13.333, 13.0, 0.738];[1, 0];
[0.525, 11.667, 10.667, 0.676];[0.477, 12.0, 11.0, 0.744];[0, 1];
[0.417, 14.667, 10.333, 0.762];[0.461, 13.667, 10.333, 0.79];[1, 0];
[0.462, 14.0, 10.0, 0.811];[0.41, 13.0, 17.0, 0.699];[0, 1];
[0.421, 15.667, 9.667, 0.838];[0.469, 15.333, 12.667, 0.854];[0, 1];
[0.485, 11.0, 11.333, 0.806];[0.474, 12.333, 9.333, 0.84];[1, 0];
[0.433, 11.333, 14.0, 0.759];[0.457, 16.667, 10.333, 0.829];[0, 1];
[0.438, 10.667, 12.333, 0.767];[0.447, 16.0, 13.333, 0.791];[1, 0];
[0.528, 14.333, 15.667, 0.606];[0.473, 11.333, 10.0, 0.825];[1, 0];
[0.521, 15.0, 10.333, 0.859];[0.497, 15.333, 9.667, 0.706];[1, 0];
[0.434, 11.667, 12.0, 0.741];[0.44, 13.333, 12.667, 0.692];[0, 1];
[0.42, 12.667, 14.0, 0.682];[0.454, 13.0, 11.333, 0.699];[1, 0];
[0.445, 8.333, 7.667, 0.718];[0.471, 16.667, 11.333, 0.806];[1, 0];
[0.441, 9.667, 15.333, 0.62];[0.475, 11.0, 10.333, 0.802];[1, 0];
[0.544, 24.0, 7.0, 0.667];[0.447, 18.0, 17.0, 0.684];[1, 0];
[0.502, 18.667, 12.667, 0.829];[0.507, 16.667, 9.333, 0.874];[0, 1];
[0.382, 25.0, 10.0, 0.85];[0.446, 11.0, 7.0, 0.8];[0, 1];
[0.456, 13.667, 13.667, 0.785];[0.456, 16.0, 10.0, 0.676];[1, 0];
[0.496, 13.333, 10.0, 0.82];[0.485, 12.0, 8.333, 0.698];[0, 1];
[0.404, 11.667, 12.667, 0.72];[0.456, 8.333, 8.333, 0.772];[0, 1];
[0.477, 9.667, 11.0, 0.844];[0.429, 12.0, 8.333, 0.73];[1, 0];
[0.439, 12.0, 11.667, 0.866];[0.446, 11.333, 13.0, 0.782];[1, 0];
[0.436, 15.333, 9.333, 0.703];[0.452, 17.333, 13.333, 0.836];[1, 0];
[0.448, 15.0, 10.0, 0.656];[0.504, 17.0, 7.333, 0.727];[0, 1];
[0.481, 14.333, 11.667, 0.775];[0.488, 17.333, 9.0, 0.762];[1, 0];
[0.462, 9.667, 10.0, 0.751];[0.459, 16.0, 11.667, 0.861];[1, 0];
[0.437, 17.0, 7.667, 0.789];[0.423, 14.667, 13.333, 0.694];[0, 1];
[0.456, 15.333, 11.333, 0.73];[0.402, 12.0, 10.0, 0.8];[1, 0];
[0.498, 13.0, 6.667, 0.676];[0.448, 9.667, 11.0, 0.76];[1, 0];
[0.484, 18.0, 12.0, 0.73];[0.511, 12.0, 11.333, 0.816];[1, 0];
[0.426, 15.0, 15.667, 0.824];[0.443, 13.333, 11.333, 0.656];[1, 0];
[0.526, 12.0, 10.667, 0.805];[0.487, 18.667, 10.667, 0.663];[0, 1];
[0.45, 9.667, 11.667, 0.806];[0.454, 9.333, 10.0, 0.747];[1, 0];
[0.484, 17.333, 8.667, 0.756];[0.453, 13.333, 13.667, 0.846];[1, 0];
[0.439, 12.0, 10.333, 0.748];[0.503, 11.667, 9.667, 0.694];[0, 1];
[0.445, 12.0, 9.0, 0.804];[0.507, 14.0, 10.333, 0.82];[1, 0];
[0.528, 13.667, 14.667, 0.672];[0.44, 15.667, 11.667, 0.747];[1, 0];
[0.444, 17.667, 13.0, 0.709];[0.45, 16.667, 9.667, 0.749];[1, 0];
[0.435, 11.667, 11.0, 0.793];[0.486, 10.667, 12.0, 0.745];[0, 1];
[0.434, 16.0, 16.0, 0.813];[0.447, 14.0, 11.0, 0.774];[0, 1];
[0.475, 11.333, 11.667, 0.799];[0.406, 13.333, 12.333, 0.782];[1, 0];
[0.542, 11.0, 7.0, 0.767];[0.44, 8.667, 8.667, 0.697];[0, 1];
[0.478, 12.667, 11.0, 0.769];[0.483, 12.0, 13.333, 0.732];[1, 0];
[0.444, 9.667, 10.0, 0.843];[0.486, 12.0, 7.0, 0.765];[0, 1];
[0.411, 13.333, 15.333, 0.818];[0.442, 8.667, 6.0, 0.766];[1, 0];
[0.432, 7.0, 11.0, 0.728];[0.444, 13.0, 12.333, 0.77];[1, 0];
[0.468, 13.667, 9.0, 0.738];[0.431, 20.333, 10.333, 0.717];[1, 0];
[0.458, 11.667, 10.0, 0.764];[0.427, 14.667, 8.0, 0.769];[1, 0];
[0.455, 15.667, 9.0, 0.776];[0.385, 15.333, 14.0, 0.795];[0, 1];
[0.503, 15.0, 10.0, 0.824];[0.501, 16.667, 9.333, 0.708];[0, 1];
[0.466, 13.333, 5.667, 0.73];[0.491, 13.333, 9.667, 0.702];[1, 0];
[0.507, 9.667, 7.667, 0.826];[0.46, 9.667, 9.333, 0.702];[1, 0];
[0.481, 11.333, 9.667, 0.808];[0.47, 12.333, 10.0, 0.744];[1, 0];
[0.439, 13.333, 10.667, 0.667];[0.432, 13.0, 10.0, 0.691];[1, 0];
[0.429, 11.0, 9.0, 0.74];[0.476, 18.667, 8.0, 0.77];[1, 0];
[0.472, 10.0, 9.0, 0.84];[0.452, 7.333, 9.667, 0.677];[1, 0];
[0.426, 9.0, 9.0, 0.854];[0.518, 11.667, 6.333, 0.771];[0, 1];
[0.461, 14.333, 7.333, 0.851];[0.448, 12.333, 14.333, 0.756];[1, 0];
[0.473, 14.333, 9.333, 0.798];[0.501, 14.333, 12.667, 0.87];[0, 1];
[0.469, 12.0, 9.0, 0.742];[0.493, 11.333, 7.667, 0.683];[0, 1];
[0.441, 14.0, 10.333, 0.752];[0.481, 17.0, 8.0, 0.742];[1, 0];
[0.502, 16.0, 9.0, 0.749];[0.498, 14.333, 10.333, 0.706];[0, 1];
[0.501, 16.333, 7.667, 0.754];[0.43, 19.667, 11.667, 0.862];[1, 0];
[0.48, 13.333, 9.667, 0.716];[0.458, 14.0, 8.667, 0.778];[1, 0];
[0.528, 15.0, 7.667, 0.724];[0.506, 14.0, 13.333, 0.664];[0, 1];
[0.49, 13.667, 10.0, 0.759];[0.518, 12.0, 10.0, 0.794];[0, 1];
[0.525, 13.0, 8.667, 0.794];[0.462, 15.333, 10.0, 0.744];[1, 0];
[0.513, 11.667, 7.667, 0.794];[0.45, 11.0, 7.667, 0.862];[1, 0];
[0.421, 13.0, 14.667, 0.753];[0.471, 12.333, 11.0, 0.823];[1, 0];
[0.469, 13.667, 11.333, 0.714];[0.424, 14.0, 13.333, 0.782];[0, 1];
[0.385, 18.0, 10.0, 0.609];[0.489, 4.0, 15.0, 0.591];[1, 0];
[0.427, 8.333, 10.333, 0.821];[0.416, 14.667, 17.333, 0.787];[1, 0];
[0.455, 10.667, 10.0, 0.733];[0.42, 12.333, 12.667, 0.745];[1, 0];
[0.454, 10.667, 11.333, 0.77];[0.495, 11.0, 8.333, 0.674];[1, 0];
[0.453, 16.333, 10.0, 0.736];[0.457, 13.667, 13.667, 0.636];[1, 0];
[0.441, 14.0, 10.667, 0.781];[0.489, 12.667, 8.667, 0.827];[0, 1];
[0.513, 13.0, 6.0, 0.867];[0.584, 19.0, 13.0, 0.526];[1, 0];
[0.428, 13.333, 11.667, 0.815];[0.527, 12.667, 9.333, 0.699];[1, 0];
[0.448, 14.667, 10.0, 0.725];[0.421, 10.0, 8.333, 0.765];[0, 1];
[0.427, 14.667, 11.333, 0.692];[0.448, 15.0, 10.667, 0.756];[0, 1];
[0.448, 13.0, 12.667, 0.689];[0.475, 14.667, 9.333, 0.668];[1, 0];
[0.457, 9.333, 7.667, 0.688];[0.494, 11.0, 8.0, 0.824];[0, 1];
[0.475, 17.0, 11.0, 0.704];[0.404, 15.333, 16.0, 0.684];[0, 1];
[0.497, 10.0, 8.0, 0.765];[0.485, 12.333, 13.0, 0.706];[0, 1];
[0.461, 11.0, 9.667, 0.776];[0.477, 12.0, 12.667, 0.652];[0, 1];
[0.446, 17.333, 11.333, 0.83];[0.467, 14.333, 12.0, 0.844];[0, 1];
[0.512, 13.333, 10.333, 0.863];[0.426, 11.667, 9.333, 0.852];[1, 0];
[0.482, 13.667, 6.667, 0.728];[0.45, 10.0, 7.333, 0.848];[0, 1];
[0.494, 11.0, 10.0, 0.78];[0.424, 8.667, 11.667, 0.785];[1, 0];
[0.456, 10.0, 8.333, 0.821];[0.443, 7.0, 9.667, 0.691];[1, 0];
[0.413, 12.0, 10.667, 0.837];[0.454, 17.0, 12.0, 0.702];[1, 0];
[0.523, 14.0, 7.667, 0.789];[0.506, 11.667, 9.667, 0.785];[0, 1];
[0.482, 13.0, 9.0, 0.813];[0.45, 12.0, 16.0, 0.743];[0, 1];
[0.481, 14.333, 8.333, 0.806];[0.459, 12.333, 10.667, 0.857];[0, 1];
[0.437, 14.667, 11.667, 0.837];[0.476, 12.0, 13.667, 0.793];[0, 1];
[0.473, 14.333, 11.333, 0.765];[0.519, 8.0, 5.0, 0.92];[1, 0];
[0.447, 13.333, 9.333, 0.756];[0.487, 13.667, 14.0, 0.727];[1, 0];
[0.482, 16.0, 13.333, 0.8];[0.48, 14.667, 9.0, 0.861];[0, 1];
[0.477, 13.333, 13.667, 0.746];[0.464, 14.667, 11.333, 0.764];[0, 1];
[0.494, 10.667, 9.333, 0.726];[0.448, 14.0, 10.333, 0.779];[0, 1];
[0.486, 18.667, 10.0, 0.85];[0.455, 10.333, 9.333, 0.775];[0, 1];
[0.436, 12.0, 11.0, 0.753];[0.451, 14.333, 14.333, 0.808];[0, 1];
[0.465, 12.667, 14.667, 0.739];[0.531, 15.0, 13.333, 0.802];[1, 0];
[0.482, 12.667, 9.333, 0.715];[0.424, 13.333, 9.667, 0.819];[1, 0];
[0.429, 9.333, 12.0, 0.64];[0.536, 20.0, 12.0, 0.656];[1, 0];
[0.45, 11.667, 12.333, 0.65];[0.439, 11.667, 12.0, 0.868];[0, 1];
[0.449, 13.667, 11.0, 0.713];[0.425, 14.667, 15.0, 0.811];[1, 0];
[0.412, 16.333, 7.333, 0.83];[0.49, 11.667, 11.333, 0.802];[0, 1];
[0.518, 10.0, 9.333, 0.76];[0.463, 16.667, 9.667, 0.807];[1, 0];
[0.455, 12.0, 7.333, 0.738];[0.418, 16.0, 8.0, 0.781];[0, 1];
[0.449, 11.0, 9.667, 0.758];[0.452, 10.0, 9.0, 0.877];[0, 1];
[0.423, 11.0, 10.667, 0.73];[0.515, 11.667, 10.0, 0.852];[1, 0];
[0.379, 18.333, 13.0, 0.78];[0.421, 14.667, 11.667, 0.694];[1, 0];
[0.486, 16.667, 9.333, 0.81];[0.43, 10.0, 7.333, 0.76];[1, 0];
[0.483, 15.0, 10.333, 0.777];[0.443, 16.667, 10.0, 0.789];[0, 1];
[0.459, 13.667, 9.0, 0.825];[0.441, 14.333, 11.333, 0.704];[1, 0];
[0.446, 11.667, 11.333, 0.823];[0.481, 13.0, 8.667, 0.628];[1, 0];
[0.487, 16.333, 9.333, 0.768];[0.435, 12.333, 9.667, 0.707];[0, 1];
[0.431, 16.333, 13.0, 0.743];[0.445, 13.0, 14.333, 0.791];[1, 0];
[0.509, 14.667, 6.667, 0.795];[0.495, 10.0, 8.333, 0.782];[1, 0];
[0.428, 17.0, 10.333, 0.789];[0.444, 16.333, 13.0, 0.715];[1, 0];
[0.457, 13.0, 10.0, 0.772];[0.47, 12.667, 11.0, 0.771];[0, 1];
[0.433, 11.0, 12.0, 0.79];[0.411, 14.333, 13.667, 0.781];[0, 1];
[0.427, 14.0, 14.0, 0.718];[0.411, 12.667, 16.0, 0.687];[1, 0];
[0.434, 13.333, 10.0, 0.742];[0.432, 16.333, 11.0, 0.666];[1, 0];
[0.52, 14.667, 13.0, 0.739];[0.513, 14.667, 8.667, 0.785];[1, 0];
[0.444, 11.0, 12.667, 0.774];[0.503, 13.333, 8.0, 0.73];[1, 0];
[0.44, 9.333, 10.333, 0.835];[0.485, 14.667, 11.333, 0.657];[0, 1];
[0.458, 9.667, 9.333, 0.809];[0.402, 11.667, 8.333, 0.669];[1, 0];
[0.5, 15.0, 7.333, 0.735];[0.468, 11.333, 9.667, 0.757];[0, 1];
[0.44, 17.333, 11.667, 0.791];[0.452, 15.667, 16.333, 0.852];[1, 0];
[0.38, 17.333, 7.333, 0.855];[0.484, 15.0, 13.667, 0.755];[1, 0];
[0.486, 11.333, 9.0, 0.695];[0.494, 13.333, 10.0, 0.862];[0, 1];
[0.424, 11.667, 11.333, 0.776];[0.461, 12.0, 12.667, 0.794];[1, 0];
[0.511, 13.0, 14.667, 0.807];[0.473, 15.333, 14.0, 0.682];[1, 0];
[0.422, 17.0, 16.0, 0.75];[0.327, 10.0, 16.0, 0.762];[0, 1];
[0.522, 14.667, 7.333, 0.822];[0.509, 14.0, 12.0, 0.734];[0, 1];
[0.506, 11.333, 10.667, 0.718];[0.481, 11.667, 9.0, 0.856];[0, 1];
[0.431, 15.333, 10.667, 0.668];[0.401, 16.333, 11.667, 0.73];[1, 0];
[0.478, 15.0, 12.0, 0.688];[0.435, 12.333, 12.333, 0.798];[1, 0];
[0.486, 15.0, 13.0, 0.655];[0.532, 17.0, 16.0, 0.844];[1, 0];
[0.486, 10.667, 9.0, 0.727];[0.439, 13.667, 13.667, 0.8];[1, 0];
[0.467, 13.667, 11.667, 0.84];[0.486, 11.667, 12.667, 0.772];[1, 0];
[0.455, 14.0, 13.0, 0.723];[0.475, 11.667, 8.667, 0.776];[0, 1];
[0.457, 11.0, 12.0, 0.793];[0.433, 12.667, 14.333, 0.69];[0, 1];
[0.429, 12.333, 7.333, 0.814];[0.418, 13.0, 11.667, 0.719];[1, 0];
[0.517, 10.667, 10.333, 0.809];[0.518, 7.0, 8.333, 0.714];[0, 1];
[0.473, 10.333, 12.333, 0.795];[0.417, 11.0, 11.333, 0.758];[1, 0];
[0.403, 13.333, 13.0, 0.753];[0.448, 15.333, 11.667, 0.733];[1, 0];
[0.459, 16.667, 10.0, 0.791];[0.486, 16.333, 11.333, 0.715];[0, 1];
[0.486, 15.0, 10.0, 0.785];[0.465, 15.333, 11.0, 0.858];[1, 0];
[0.466, 15.333, 10.333, 0.735];[0.454, 13.667, 11.333, 0.715];[1, 0];
[0.465, 11.667, 10.667, 0.66];[0.494, 11.667, 7.667, 0.845];[1, 0];
[0.452, 13.0, 7.333, 0.813];[0.5, 9.667, 8.667, 0.822];[0, 1];
[0.462, 14.0, 14.0, 0.782];[0.474, 12.333, 12.667, 0.749];[1, 0];
[0.475, 16.333, 14.0, 0.709];[0.418, 11.0, 10.333, 0.767];[1, 0];
[0.429, 9.667, 14.333, 0.747];[0.407, 16.0, 9.667, 0.751];[1, 0];
[0.54, 16.333, 12.333, 0.716];[0.479, 16.333, 11.667, 0.828];[1, 0];
[0.439, 16.333, 11.0, 0.77];[0.468, 14.667, 9.667, 0.739];[0, 1];
[0.45, 14.0, 11.0, 0.718];[0.417, 12.333, 10.0, 0.702];[1, 0];
[0.46, 14.667, 13.667, 0.802];[0.476, 14.667, 12.0, 0.758];[1, 0];
[0.473, 13.667, 4.333, 0.697];[0.416, 12.333, 11.333, 0.756];[0, 1];
[0.364, 16.0, 10.0, 0.871];[0.447, 18.0, 15.0, 0.85];[1, 0];
[0.502, 11.0, 10.0, 0.796];[0.417, 12.0, 11.667, 0.772];[1, 0];
[0.447, 13.333, 9.333, 0.824];[0.502, 12.667, 10.667, 0.776];[1, 0];
[0.457, 13.667, 11.0, 0.786];[0.457, 14.0, 12.667, 0.781];[1, 0];
[0.515, 11.667, 9.0, 0.728];[0.496, 12.0, 10.667, 0.852];[0, 1];
[0.518, 11.333, 9.667, 0.738];[0.457, 10.333, 7.667, 0.786];[1, 0];
[0.445, 12.667, 9.333, 0.782];[0.43, 11.333, 8.333, 0.778];[0, 1];
[0.459, 10.0, 14.667, 0.756];[0.439, 9.667, 11.667, 0.779];[0, 1];
[0.414, 13.667, 7.333, 0.795];[0.446, 12.667, 9.333, 0.761];[1, 0];
[0.438, 19.0, 13.0, 0.71];[0.298, 20.0, 13.0, 0.933];[0, 1];
[0.452, 12.0, 11.333, 0.841];[0.402, 11.0, 12.0, 0.883];[1, 0];
[0.457, 11.333, 10.333, 0.783];[0.482, 13.0, 10.333, 0.805];[1, 0];
[0.498, 13.0, 11.667, 0.828];[0.514, 13.0, 12.0, 0.841];[0, 1];
[0.499, 11.333, 8.667, 0.761];[0.431, 17.0, 11.333, 0.769];[1, 0];
[0.482, 17.667, 14.333, 0.738];[0.523, 13.333, 8.667, 0.697];[0, 1];
[0.461, 10.333, 12.0, 0.804];[0.467, 10.667, 10.0, 0.853];[0, 1];
[0.417, 10.333, 10.667, 0.775];[0.432, 9.667, 9.333, 0.668];[0, 1];
[0.408, 14.333, 14.667, 0.721];[0.439, 16.0, 10.0, 0.695];[1, 0];
[0.427, 12.667, 11.333, 0.705];[0.442, 12.0, 14.667, 0.823];[1, 0];
[0.494, 10.333, 8.667, 0.758];[0.477, 11.667, 7.0, 0.692];[0, 1];
[0.394, 10.667, 11.667, 0.815];[0.476, 16.333, 10.667, 0.892];[0, 1];
[0.448, 9.667, 11.0, 0.705];[0.461, 11.667, 9.0, 0.73];[0, 1];
[0.429, 9.0, 14.0, 0.818];[0.395, 10.0, 8.0, 0.8];[1, 0];
[0.459, 11.667, 12.0, 0.791];[0.47, 13.667, 14.0, 0.788];[1, 0];
[0.462, 16.0, 8.0, 0.768];[0.484, 15.333, 12.0, 0.766];[0, 1];
[0.458, 17.667, 15.333, 0.834];[0.495, 16.667, 9.0, 0.836];[0, 1];
[0.433, 13.333, 6.333, 0.905];[0.47, 17.0, 14.333, 0.741];[0, 1];
[0.422, 10.667, 11.0, 0.654];[0.465, 12.667, 11.667, 0.733];[0, 1];
[0.474, 10.0, 10.0, 0.75];[0.447, 18.0, 17.0, 0.684];[1, 0];
[0.466, 17.667, 8.333, 0.735];[0.453, 16.333, 9.333, 0.704];[1, 0];
[0.518, 16.333, 13.333, 0.717];[0.445, 14.333, 10.0, 0.708];[1, 0];
[0.483, 17.0, 12.0, 0.82];[0.429, 13.333, 13.333, 0.817];[1, 0];
[0.459, 18.667, 11.667, 0.758];[0.478, 14.333, 14.0, 0.714];[1, 0];
[0.447, 12.0, 13.333, 0.714];[0.476, 15.667, 10.333, 0.64];[1, 0];
[0.433, 10.0, 10.0, 0.88];[0.463, 9.333, 5.667, 0.735];[1, 0];
[0.48, 11.333, 11.667, 0.725];[0.437, 14.333, 9.333, 0.817];[0, 1];
[0.396, 16.0, 8.333, 0.806];[0.481, 17.333, 13.0, 0.87];[1, 0];
[0.478, 13.0, 11.667, 0.72];[0.479, 11.333, 9.0, 0.618];[1, 0];
[0.399, 15.333, 15.667, 0.831];[0.435, 11.0, 10.667, 0.678];[1, 0];
[0.46, 13.0, 10.667, 0.767];[0.454, 10.667, 11.667, 0.741];[0, 1];
[0.469, 16.667, 10.333, 0.77];[0.426, 11.333, 11.667, 0.833];[1, 0];
[0.384, 16.333, 12.333, 0.673];[0.428, 17.667, 11.667, 0.768];[1, 0];
[0.412, 15.0, 8.333, 0.745];[0.46, 10.667, 9.333, 0.861];[1, 0];
[0.467, 10.333, 10.333, 0.765];[0.449, 12.667, 14.333, 0.638];[1, 0];
[0.463, 16.667, 12.333, 0.75];[0.495, 15.667, 7.667, 0.81];[1, 0];
[0.472, 11.0, 9.333, 0.799];[0.397, 13.0, 14.333, 0.791];[1, 0];
[0.419, 17.333, 12.333, 0.813];[0.47, 15.333, 9.333, 0.835];[1, 0];
[0.453, 11.0, 14.0, 0.823];[0.557, 10.0, 9.0, 0.833];[1, 0];
[0.452, 12.333, 12.333, 0.736];[0.452, 10.333, 9.0, 0.784];[0, 1];
[0.475, 13.667, 10.0, 0.85];[0.508, 15.333, 15.333, 0.736];[1, 0];
[0.461, 17.333, 15.333, 0.663];[0.448, 13.667, 8.333, 0.723];[0, 1];
[0.45, 11.333, 14.667, 0.795];[0.419, 11.667, 11.333, 0.847];[1, 0];
[0.406, 12.333, 7.333, 0.814];[0.528, 14.0, 10.667, 0.841];[1, 0];
[0.431, 10.667, 12.0, 0.578];[0.4, 12.333, 13.333, 0.767];[0, 1];
[0.4, 9.0, 13.333, 0.678];[0.472, 11.667, 8.667, 0.775];[0, 1];
[0.489, 13.0, 11.667, 0.788];[0.479, 14.333, 13.333, 0.809];[1, 0];
[0.44, 13.667, 15.333, 0.868];[0.441, 16.667, 11.333, 0.741];[0, 1];
[0.448, 13.333, 13.0, 0.781];[0.46, 14.333, 11.0, 0.779];[1, 0];
[0.434, 10.0, 12.333, 0.934];[0.438, 12.333, 13.0, 0.77];[0, 1];
[0.423, 18.333, 11.333, 0.82];[0.499, 16.667, 11.333, 0.796];[0, 1];
[0.48, 18.0, 11.0, 0.814];[0.443, 11.667, 11.0, 0.778];[1, 0];
[0.392, 11.333, 12.667, 0.795];[0.471, 11.333, 10.0, 0.733];[1, 0];
[0.443, 10.0, 9.0, 0.864];[0.45, 6.667, 10.0, 0.77];[1, 0];
[0.467, 17.333, 8.667, 0.761];[0.467, 16.0, 12.0, 0.733];[0, 1];
[0.465, 12.333, 9.667, 0.796];[0.443, 15.0, 10.0, 0.684];[1, 0];
[0.436, 14.333, 9.333, 0.785];[0.457, 14.667, 9.667, 0.704];[1, 0];
[0.412, 12.667, 11.0, 0.845];[0.49, 10.667, 13.0, 0.761];[0, 1];
[0.462, 14.0, 11.667, 0.74];[0.457, 11.0, 9.667, 0.833];[0, 1];
[0.469, 16.0, 10.667, 0.641];[0.447, 14.333, 11.0, 0.762];[1, 0];
[0.403, 10.0, 13.333, 0.766];[0.455, 12.333, 11.333, 0.723];[1, 0];
[0.47, 14.667, 12.667, 0.776];[0.461, 15.333, 13.333, 0.785];[0, 1];
[0.485, 10.0, 11.0, 0.73];[0.44, 12.667, 12.333, 0.807];[1, 0];
[0.47, 14.0, 11.333, 0.714];[0.441, 13.333, 12.333, 0.857];[1, 0];
[0.448, 13.0, 11.0, 0.824];[0.463, 14.333, 8.0, 0.754];[1, 0];
[0.423, 12.667, 13.0, 0.784];[0.481, 12.0, 7.667, 0.802];[1, 0];
[0.531, 8.0, 9.0, 0.708];[0.436, 9.667, 10.0, 0.839];[0, 1];
[0.462, 13.333, 10.0, 0.737];[0.426, 12.667, 11.0, 0.767];[0, 1];
[0.484, 12.333, 13.333, 0.862];[0.428, 16.0, 8.0, 0.829];[1, 0];
[0.516, 11.667, 6.333, 0.78];[0.406, 12.0, 9.0, 0.811];[0, 1];
[0.503, 11.667, 6.333, 0.651];[0.463, 14.0, 6.333, 0.858];[1, 0];
[0.439, 14.667, 7.667, 0.767];[0.438, 14.0, 12.0, 0.709];[1, 0];
[0.48, 15.333, 12.667, 0.716];[0.418, 13.0, 13.333, 0.697];[1, 0];
[0.42, 17.0, 6.0, 0.615];[0.417, 8.0, 10.0, 0.824];[0, 1];
[0.468, 18.333, 10.333, 0.747];[0.522, 16.0, 8.333, 0.646];[0, 1];
[0.473, 12.333, 12.667, 0.762];[0.516, 14.0, 7.0, 0.799];[0, 1];
[0.438, 13.333, 10.0, 0.835];[0.448, 14.333, 10.667, 0.857];[0, 1];
[0.461, 13.0, 11.333, 0.858];[0.495, 14.667, 12.0, 0.746];[1, 0];
[0.436, 12.333, 9.333, 0.759];[0.41, 13.667, 11.667, 0.864];[1, 0];
[0.426, 10.0, 11.0, 0.801];[0.467, 10.667, 9.333, 0.818];[0, 1];
[0.509, 13.0, 10.667, 0.739];[0.493, 17.0, 15.0, 0.763];[1, 0];
[0.449, 12.333, 12.0, 0.756];[0.419, 15.0, 13.333, 0.824];[0, 1];
[0.44, 13.0, 9.0, 0.832];[0.439, 14.333, 13.333, 0.774];[1, 0];
[0.478, 12.667, 6.333, 0.7];[0.41, 13.0, 12.333, 0.747];[0, 1];
[0.458, 13.333, 13.0, 0.905];[0.516, 15.0, 13.667, 0.74];[0, 1];
[0.481, 15.667, 12.333, 0.726];[0.459, 11.333, 10.333, 0.701];[1, 0];
[0.486, 14.333, 11.0, 0.716];[0.457, 15.667, 11.333, 0.85];[1, 0];
[0.408, 8.0, 9.0, 0.782];[0.513, 10.0, 9.333, 0.786];[0, 1];
[0.486, 11.0, 8.667, 0.687];[0.442, 13.333, 10.333, 0.781];[1, 0];
[0.466, 13.333, 11.667, 0.657];[0.432, 9.0, 9.0, 0.758];[1, 0];
[0.433, 11.333, 9.0, 0.82];[0.441, 9.667, 11.0, 0.802];[1, 0];
[0.482, 14.0, 11.0, 0.768];[0.447, 17.0, 9.333, 0.773];[1, 0];
[0.424, 11.0, 13.0, 0.761];[0.513, 13.0, 6.0, 0.867];[0, 1];
[0.459, 11.0, 9.333, 0.79];[0.442, 13.0, 10.667, 0.727];[1, 0];
[0.517, 17.667, 9.667, 0.757];[0.454, 17.0, 8.0, 0.757];[0, 1];
[0.443, 13.333, 14.0, 0.827];[0.405, 12.0, 10.333, 0.727];[1, 0];
[0.433, 12.333, 12.0, 0.752];[0.475, 12.667, 12.0, 0.788];[0, 1];
[0.423, 12.333, 10.333, 0.71];[0.43, 8.333, 11.667, 0.728];[1, 0];
[0.456, 12.0, 10.333, 0.782];[0.429, 10.333, 9.0, 0.842];[0, 1];
[0.453, 12.333, 11.333, 0.864];[0.461, 8.0, 9.667, 0.809];[1, 0];
[0.448, 13.333, 11.667, 0.797];[0.455, 16.333, 12.0, 0.737];[1, 0];
[0.419, 10.0, 13.333, 0.699];[0.489, 17.667, 11.667, 0.735];[1, 0];
[0.444, 14.667, 9.0, 0.733];[0.501, 14.333, 12.667, 0.77];[0, 1];
[0.449, 8.333, 10.333, 0.85];[0.462, 15.333, 12.333, 0.812];[0, 1];
[0.462, 13.0, 10.0, 0.764];[0.451, 16.333, 10.0, 0.765];[0, 1];
[0.504, 14.0, 10.667, 0.799];[0.417, 14.0, 14.667, 0.856];[0, 1];
[0.405, 18.333, 14.667, 0.774];[0.408, 8.333, 9.667, 0.85];[1, 0];
[0.458, 12.667, 12.667, 0.773];[0.41, 9.333, 11.667, 0.714];[1, 0];
[0.404, 15.333, 9.667, 0.779];[0.483, 11.0, 8.333, 0.781];[1, 0];
[0.42, 9.333, 8.333, 0.753];[0.445, 14.0, 11.667, 0.729];[1, 0];
[0.439, 11.0, 12.667, 0.691];[0.474, 15.667, 7.333, 0.803];[1, 0];
[0.527, 13.333, 10.0, 0.675];[0.444, 11.0, 13.0, 0.828];[1, 0];
[0.456, 12.667, 8.0, 0.72];[0.492, 11.667, 6.333, 0.806];[0, 1];
[0.509, 13.0, 10.667, 0.8];[0.464, 12.333, 12.0, 0.797];[1, 0];
[0.473, 10.667, 9.0, 0.853];[0.496, 15.667, 9.333, 0.691];[0, 1];
[0.511, 11.0, 9.333, 0.777];[0.424, 16.667, 10.0, 0.783];[1, 0];
[0.44, 11.667, 8.333, 0.74];[0.459, 13.0, 11.667, 0.757];[1, 0];
[0.486, 12.333, 11.333, 0.735];[0.447, 12.0, 16.0, 0.856];[1, 0];
[0.476, 11.667, 14.333, 0.797];[0.492, 13.333, 13.333, 0.73];[1, 0];
[0.411, 16.0, 11.333, 0.729];[0.447, 18.0, 15.0, 0.85];[1, 0];
[0.483, 12.667, 9.667, 0.87];[0.452, 11.333, 7.333, 0.78];[0, 1];
[0.442, 15.667, 12.0, 0.887];[0.471, 8.333, 10.333, 0.796];[1, 0];
[0.463, 12.667, 12.667, 0.723];[0.406, 11.667, 11.0, 0.781];[1, 0];
[0.489, 15.667, 12.0, 0.806];[0.528, 10.667, 11.0, 0.846];[0, 1];
[0.48, 13.0, 7.333, 0.783];[0.459, 13.0, 10.667, 0.73];[0, 1];
[0.434, 15.667, 10.333, 0.681];[0.45, 17.333, 11.0, 0.681];[0, 1];
[0.451, 14.0, 13.0, 0.813];[0.513, 15.333, 14.333, 0.865];[0, 1];
[0.456, 15.333, 10.0, 0.714];[0.463, 9.0, 8.0, 0.755];[0, 1];
[0.463, 14.667, 13.667, 0.774];[0.46, 16.0, 11.333, 0.781];[0, 1];
[0.444, 13.0, 14.0, 0.751];[0.474, 14.667, 10.667, 0.809];[1, 0];
[0.442, 6.667, 7.333, 0.761];[0.471, 12.333, 10.667, 0.718];[1, 0];
[0.479, 16.667, 14.667, 0.777];[0.46, 18.667, 14.333, 0.708];[0, 1];
[0.438, 20.0, 9.0, 0.769];[0.298, 20.0, 13.0, 0.933];[0, 1];
[0.421, 11.667, 10.0, 0.808];[0.436, 11.333, 6.333, 0.798];[0, 1];
[0.48, 14.0, 9.667, 0.847];[0.422, 10.667, 11.333, 0.878];[1, 0];
[0.438, 11.667, 14.667, 0.663];[0.444, 12.0, 10.0, 0.832];[1, 0];
[0.449, 17.667, 13.0, 0.828];[0.43, 13.0, 11.667, 0.689];[0, 1];
[0.421, 17.333, 8.333, 0.757];[0.484, 15.0, 13.0, 0.675];[0, 1];
[0.432, 12.667, 11.667, 0.744];[0.467, 15.333, 12.0, 0.74];[0, 1];
[0.44, 15.0, 17.0, 0.826];[0.428, 15.333, 15.333, 0.766];[0, 1];
[0.426, 11.667, 12.0, 0.694];[0.457, 12.333, 7.333, 0.862];[1, 0];
[0.454, 14.667, 9.0, 0.733];[0.398, 13.667, 10.333, 0.785];[0, 1];
[0.459, 11.333, 12.333, 0.783];[0.483, 13.333, 9.667, 0.76];[1, 0];
[0.458, 14.667, 13.333, 0.833];[0.438, 14.0, 9.333, 0.776];[0, 1];
[0.452, 15.0, 8.333, 0.687];[0.498, 15.667, 9.667, 0.629];[0, 1];
[0.443, 14.333, 12.333, 0.782];[0.458, 16.667, 8.667, 0.823];[0, 1];
[0.487, 15.333, 9.667, 0.725];[0.418, 13.0, 9.333, 0.794];[0, 1];
[0.501, 12.333, 12.0, 0.764];[0.452, 12.667, 8.667, 0.778];[1, 0];
[0.454, 14.0, 12.667, 0.798];[0.522, 16.0, 8.333, 0.752];[0, 1];
[0.468, 12.0, 9.333, 0.795];[0.453, 8.667, 7.667, 0.796];[1, 0];
[0.466, 15.0, 7.667, 0.633];[0.435, 17.667, 10.667, 0.794];[1, 0];
[0.437, 11.333, 7.333, 0.768];[0.473, 12.667, 10.667, 0.764];[0, 1];
[0.459, 15.333, 11.667, 0.787];[0.499, 11.333, 8.667, 0.843];[0, 1];
[0.426, 14.333, 14.667, 0.807];[0.457, 12.333, 12.667, 0.868];[0, 1];
[0.46, 9.333, 9.0, 0.751];[0.407, 13.333, 9.667, 0.762];[1, 0];
[0.508, 12.333, 11.333, 0.817];[0.44, 16.0, 10.0, 0.825];[1, 0];
[0.544, 24.0, 7.0, 0.667];[0.463, 6.0, 13.0, 0.75];[1, 0];
[0.463, 11.0, 9.333, 0.786];[0.467, 12.333, 12.667, 0.81];[1, 0];
[0.465, 9.667, 8.333, 0.762];[0.424, 14.333, 14.0, 0.812];[1, 0];
[0.446, 12.667, 9.333, 0.757];[0.471, 15.0, 12.667, 0.848];[1, 0];
[0.484, 14.333, 10.667, 0.768];[0.471, 11.667, 16.0, 0.772];[1, 0];
[0.457, 15.333, 8.333, 0.728];[0.459, 15.0, 13.0, 0.766];[1, 0];
[0.467, 17.667, 8.667, 0.734];[0.494, 14.667, 9.667, 0.795];[1, 0];
[0.446, 15.333, 9.333, 0.791];[0.426, 18.333, 12.0, 0.688];[0, 1];
[0.502, 10.667, 9.667, 0.806];[0.508, 13.667, 11.333, 0.652];[0, 1];
[0.377, 11.667, 10.667, 0.714];[0.482, 16.667, 9.333, 0.812];[0, 1];
[0.397, 14.667, 8.667, 0.828];[0.526, 12.667, 9.333, 0.82];[0, 1];
[0.389, 9.667, 7.667, 0.871];[0.459, 12.0, 11.0, 0.843];[1, 0];
[0.446, 16.0, 10.667, 0.745];[0.415, 12.667, 10.0, 0.852];[1, 0];
[0.47, 15.333, 10.667, 0.71];[0.387, 18.333, 15.333, 0.739];[1, 0];
[0.455, 16.0, 17.0, 0.6];[0.477, 17.667, 11.0, 0.71];[0, 1];
[0.414, 14.667, 12.333, 0.808];[0.432, 13.333, 10.333, 0.824];[1, 0];
[0.449, 15.667, 14.0, 0.737];[0.458, 15.0, 14.0, 0.721];[1, 0];
[0.496, 14.667, 12.333, 0.742];[0.463, 12.333, 7.333, 0.709];[1, 0];
[0.491, 13.333, 10.333, 0.852];[0.423, 17.667, 9.667, 0.901];[0, 1];
[0.498, 17.333, 7.333, 0.772];[0.391, 16.667, 12.0, 0.736];[0, 1];
[0.477, 15.667, 8.667, 0.629];[0.45, 13.0, 8.667, 0.817];[1, 0];
[0.431, 14.333, 10.333, 0.655];[0.486, 13.333, 14.0, 0.778];[1, 0];
[0.477, 11.667, 15.667, 0.825];[0.446, 11.0, 12.0, 0.692];[0, 1];
[0.463, 12.333, 9.333, 0.748];[0.443, 12.333, 10.667, 0.817];[0, 1];
[0.479, 13.0, 9.0, 0.826];[0.453, 16.667, 10.333, 0.78];[1, 0];
[0.41, 20.0, 12.0, 0.662];[0.411, 18.0, 12.333, 0.805];[1, 0];
[0.458, 13.667, 12.667, 0.857];[0.416, 13.0, 10.0, 0.76];[1, 0];
[0.467, 12.333, 10.667, 0.801];[0.481, 13.0, 9.333, 0.763];[0, 1];
[0.47, 14.333, 12.667, 0.742];[0.491, 10.0, 14.0, 0.785];[1, 0];
[0.474, 14.333, 11.0, 0.803];[0.469, 11.667, 12.0, 0.823];[1, 0];
[0.466, 14.667, 9.667, 0.858];[0.484, 12.333, 11.333, 0.656];[1, 0];
[0.493, 17.333, 11.333, 0.843];[0.488, 8.333, 11.0, 0.763];[0, 1];
[0.473, 13.333, 9.0, 0.814];[0.421, 16.333, 8.667, 0.776];[1, 0];
[0.49, 14.333, 10.0, 0.789];[0.441, 13.333, 10.667, 0.847];[1, 0];
[0.479, 7.667, 11.0, 0.857];[0.415, 9.333, 13.333, 0.802];[0, 1];
[0.382, 25.0, 10.0, 0.85];[0.446, 11.0, 7.0, 0.8];[1, 0];
[0.389, 14.667, 9.333, 0.828];[0.458, 12.333, 11.333, 0.81];[0, 1];
[0.436, 15.0, 11.667, 0.818];[0.424, 16.0, 10.0, 0.802];[0, 1];
[0.525, 13.0, 8.667, 0.771];[0.431, 11.333, 11.0, 0.738];[0, 1];
[0.559, 15.0, 8.333, 0.703];[0.45, 13.333, 9.667, 0.739];[0, 1];
[0.465, 17.0, 18.0, 0.712];[0.516, 18.333, 11.0, 0.879];[1, 0];
[0.453, 13.667, 12.667, 0.774];[0.442, 15.333, 12.0, 0.777];[0, 1];
[0.433, 15.667, 18.333, 0.838];[0.413, 15.333, 15.333, 0.718];[1, 0];
[0.482, 11.0, 7.667, 0.682];[0.46, 14.667, 14.333, 0.713];[1, 0];
[0.497, 11.667, 13.667, 0.757];[0.463, 13.333, 9.0, 0.804];[0, 1];
[0.476, 12.0, 8.0, 0.807];[0.489, 17.0, 9.667, 0.824];[0, 1];
[0.477, 16.333, 8.333, 0.721];[0.523, 12.333, 11.0, 0.893];[0, 1];
[0.496, 13.667, 9.0, 0.861];[0.441, 11.333, 12.667, 0.825];[1, 0];
[0.473, 12.667, 11.333, 0.822];[0.458, 11.667, 9.333, 0.827];[1, 0];
[0.463, 10.0, 12.667, 0.854];[0.482, 14.333, 10.0, 0.773];[1, 0];
[0.439, 10.667, 10.333, 0.82];[0.477, 14.667, 13.333, 0.647];[1, 0];
[0.497, 11.0, 7.667, 0.727];[0.463, 15.667, 10.0, 0.719];[0, 1];
[0.485, 10.667, 12.0, 0.746];[0.466, 13.333, 15.333, 0.746];[1, 0];
[0.502, 14.0, 11.0, 0.795];[0.538, 13.667, 11.667, 0.786];[0, 1];
[0.466, 16.333, 13.333, 0.819];[0.42, 14.333, 10.333, 0.871];[0, 1];
[0.48, 17.333, 11.0, 0.807];[0.43, 17.667, 11.333, 0.766];[1, 0];
[0.4, 13.0, 8.333, 0.803];[0.427, 11.667, 9.333, 0.801];[1, 0];
[0.433, 11.667, 7.667, 0.754];[0.445, 11.0, 13.0, 0.801];[0, 1];
[0.431, 11.667, 14.0, 0.735];[0.497, 13.333, 10.667, 0.776];[1, 0];
[0.442, 13.0, 12.0, 0.823];[0.465, 15.333, 11.667, 0.762];[0, 1];
[0.452, 14.667, 10.333, 0.701];[0.407, 14.333, 11.0, 0.83];[1, 0];
[0.491, 18.0, 9.667, 0.819];[0.456, 15.333, 11.667, 0.722];[0, 1];
[0.468, 11.667, 11.667, 0.67];[0.486, 10.667, 8.667, 0.814];[0, 1];
[0.465, 16.333, 12.667, 0.807];[0.492, 12.667, 8.667, 0.706];[1, 0];
[0.473, 13.0, 11.0, 0.762];[0.437, 11.0, 12.333, 0.704];[1, 0];
[0.528, 19.0, 11.0, 0.807];[0.409, 17.667, 12.333, 0.774];[1, 0];
[0.45, 14.0, 11.333, 0.702];[0.453, 17.333, 12.333, 0.724];[1, 0];
[0.464, 14.333, 10.0, 0.778];[0.482, 18.333, 13.333, 0.805];[0, 1];
[0.44, 11.0, 11.0, 0.805];[0.424, 19.0, 10.333, 0.825];[0, 1];
[0.534, 13.0, 8.0, 0.748];[0.418, 13.333, 9.0, 0.817];[0, 1];
[0.421, 18.333, 11.667, 0.727];[0.491, 13.0, 9.333, 0.722];[1, 0];
[0.485, 14.667, 9.0, 0.713];[0.438, 12.667, 9.333, 0.733];[1, 0];
[0.49, 9.0, 6.667, 0.757];[0.451, 7.333, 10.0, 0.727];[0, 1];
[0.504, 12.667, 11.333, 0.786];[0.449, 16.0, 14.333, 0.724];[1, 0];
[0.486, 11.333, 14.0, 0.866];[0.451, 13.333, 15.333, 0.851];[0, 1];
[0.479, 13.667, 7.333, 0.697];[0.431, 10.667, 11.333, 0.747];[1, 0];
[0.427, 18.333, 12.667, 0.688];[0.446, 11.667, 9.333, 0.817];[1, 0];
[0.44, 14.667, 13.0, 0.898];[0.501, 11.0, 11.0, 0.765];[0, 1];
[0.49, 15.667, 9.0, 0.8];[0.416, 16.0, 14.0, 0.761];[1, 0];
[0.476, 12.667, 10.667, 0.847];[0.484, 11.0, 11.667, 0.739];[1, 0];
[0.412, 12.0, 10.333, 0.682];[0.399, 10.333, 12.0, 0.703];[0, 1];
[0.516, 13.333, 7.333, 0.71];[0.527, 14.333, 12.667, 0.812];[0, 1];
[0.485, 13.0, 6.333, 0.799];[0.446, 10.667, 9.667, 0.814];[1, 0];
[0.505, 12.333, 10.333, 0.744];[0.438, 12.0, 10.0, 0.817];[1, 0];
[0.49, 9.667, 13.0, 0.826];[0.457, 10.0, 10.0, 0.76];[1, 0];
[0.46, 10.333, 8.667, 0.841];[0.5, 13.667, 8.0, 0.851];[1, 0];
[0.396, 13.0, 18.333, 0.814];[0.521, 15.667, 12.333, 0.708];[0, 1];
[0.524, 17.0, 9.0, 0.804];[0.512, 13.0, 8.0, 0.72];[1, 0];
[0.514, 13.0, 8.0, 0.872];[0.464, 12.0, 10.0, 0.729];[1, 0];
[0.448, 16.333, 13.667, 0.749];[0.498, 12.333, 6.0, 0.763];[0, 1];
[0.495, 15.0, 11.0, 0.748];[0.456, 16.0, 16.0, 0.68];[1, 0];
[0.462, 16.667, 10.0, 0.748];[0.536, 20.0, 12.0, 0.656];[1, 0];
[0.474, 11.333, 7.667, 0.788];[0.49, 11.333, 9.333, 0.748];[0, 1];
[0.466, 13.667, 12.667, 0.733];[0.459, 18.333, 10.667, 0.813];[1, 0];
[0.473, 14.667, 9.0, 0.783];[0.463, 16.333, 13.667, 0.857];[0, 1];
[0.497, 8.333, 10.667, 0.751];[0.458, 11.667, 12.0, 0.716];[1, 0];
[0.453, 15.333, 9.0, 0.78];[0.483, 13.667, 6.333, 0.837];[1, 0];
[0.473, 12.667, 12.333, 0.665];[0.4, 13.0, 12.333, 0.806];[1, 0];
[0.497, 16.0, 11.333, 0.708];[0.404, 14.667, 14.0, 0.767];[0, 1];
[0.459, 13.333, 11.0, 0.786];[0.466, 11.0, 11.0, 0.851];[1, 0];
[0.492, 13.0, 10.333, 0.728];[0.46, 11.667, 10.333, 0.84];[1, 0];
[0.481, 14.667, 13.667, 0.813];[0.486, 14.667, 10.333, 0.794];[1, 0];
[0.403, 14.667, 13.0, 0.57];[0.475, 9.0, 10.667, 0.75];[0, 1];
[0.429, 13.0, 12.0, 0.802];[0.473, 14.667, 18.0, 0.872];[1, 0];
[0.451, 13.333, 13.333, 0.822];[0.517, 12.667, 8.667, 0.725];[0, 1];
[0.499, 11.0, 8.0, 0.707];[0.468, 12.667, 10.667, 0.785];[1, 0];
[0.469, 13.667, 11.667, 0.704];[0.527, 14.667, 11.333, 0.774];[1, 0];
[0.441, 14.0, 15.333, 0.696];[0.427, 13.667, 10.0, 0.733];[0, 1];
[0.483, 14.333, 12.667, 0.775];[0.472, 12.0, 9.0, 0.863];[1, 0];
[0.49, 9.667, 9.333, 0.838];[0.465, 9.0, 11.667, 0.894];[0, 1];
[0.426, 15.0, 13.333, 0.779];[0.495, 16.0, 7.667, 0.685];[0, 1];
[0.433, 18.0, 6.333, 0.87];[0.502, 16.667, 7.333, 0.728];[0, 1];
[0.451, 13.333, 11.0, 0.792];[0.425, 15.0, 8.667, 0.729];[1, 0];
[0.467, 19.0, 13.667, 0.737];[0.472, 18.0, 10.333, 0.805];[1, 0];
[0.398, 13.333, 15.0, 0.714];[0.49, 16.667, 11.333, 0.728];[0, 1];
[0.462, 12.0, 13.667, 0.729];[0.39, 13.667, 11.667, 0.752];[0, 1];
[0.487, 15.333, 8.667, 0.853];[0.435, 12.333, 10.0, 0.819];[0, 1];
[0.429, 11.0, 13.667, 0.822];[0.446, 17.333, 13.0, 0.727];[0, 1];
[0.465, 9.0, 10.0, 0.855];[0.5, 12.667, 10.0, 0.798];[1, 0];
[0.423, 14.667, 14.667, 0.769];[0.436, 13.667, 10.667, 0.688];[1, 0];
[0.434, 9.0, 11.333, 0.785];[0.432, 8.333, 11.0, 0.879];[1, 0];
[0.414, 11.667, 13.667, 0.738];[0.361, 18.667, 14.333, 0.723];[0, 1];
[0.559, 14.0, 5.0, 0.933];[0.417, 8.0, 10.0, 0.824];[0, 1];
[0.418, 9.667, 10.667, 0.8];[0.431, 16.667, 12.0, 0.765];[1, 0];
[0.462, 10.333, 14.0, 0.67];[0.428, 10.0, 10.0, 0.691];[0, 1];
[0.429, 14.333, 11.667, 0.723];[0.44, 14.0, 14.667, 0.722];[0, 1];
[0.396, 15.0, 15.333, 0.846];[0.451, 13.333, 11.667, 0.733];[0, 1];
[0.447, 18.333, 15.333, 0.733];[0.395, 15.0, 14.667, 0.808];[1, 0];
[0.484, 11.333, 11.333, 0.725];[0.457, 15.667, 11.333, 0.823];[1, 0];
[0.514, 13.333, 10.333, 0.625];[0.462, 12.0, 10.333, 0.785];[0, 1];
[0.485, 12.667, 8.667, 0.823];[0.46, 13.333, 10.667, 0.796];[1, 0];
[0.427, 16.0, 9.333, 0.686];[0.463, 15.667, 12.667, 0.731];[1, 0];
[0.499, 21.667, 10.333, 0.784];[0.456, 14.0, 12.333, 0.799];[0, 1];
[0.571, 18.0, 7.0, 0.813];[0.459, 16.0, 13.667, 0.789];[1, 0];
[0.41, 11.667, 13.333, 0.841];[0.438, 12.333, 11.333, 0.892];[1, 0];
[0.463, 13.333, 10.333, 0.784];[0.481, 13.333, 12.0, 0.762];[0, 1];
[0.442, 11.333, 15.333, 0.821];[0.444, 13.0, 12.667, 0.69];[0, 1];
[0.437, 10.333, 9.667, 0.826];[0.462, 12.0, 8.0, 0.905];[0, 1];
[0.462, 11.667, 12.0, 0.803];[0.474, 17.0, 8.333, 0.749];[0, 1];
[0.479, 15.0, 10.333, 0.742];[0.508, 11.667, 10.667, 0.831];[0, 1];
[0.435, 9.0, 10.333, 0.776];[0.475, 14.667, 8.667, 0.917];[1, 0];
[0.522, 11.667, 7.0, 0.745];[0.478, 17.667, 12.333, 0.723];[1, 0];
[0.475, 15.333, 9.0, 0.778];[0.455, 12.0, 7.333, 0.814];[0, 1];
[0.47, 14.333, 12.333, 0.772];[0.504, 13.333, 12.333, 0.729];[0, 1];
[0.464, 14.0, 8.0, 0.737];[0.491, 17.333, 10.0, 0.845];[0, 1];
[0.407, 18.0, 12.0, 0.801];[0.441, 16.0, 7.667, 0.82];[0, 1];
[0.463, 10.667, 10.333, 0.877];[0.469, 11.333, 16.0, 0.757];[0, 1];
[0.502, 11.667, 6.667, 0.821];[0.47, 11.0, 10.333, 0.802];[0, 1];
[0.401, 10.0, 10.0, 0.787];[0.518, 12.333, 9.667, 0.766];[0, 1];
[0.423, 9.333, 11.0, 0.753];[0.461, 10.0, 9.0, 0.851];[0, 1];
[0.454, 12.333, 11.0, 0.848];[0.431, 9.667, 12.0, 0.795];[1, 0];
[0.436, 12.667, 13.0, 0.784];[0.477, 12.333, 9.0, 0.812];[0, 1];
[0.452, 11.333, 8.667, 0.803];[0.459, 12.333, 7.667, 0.835];[0, 1];
[0.473, 15.667, 7.667, 0.694];[0.443, 12.667, 8.333, 0.823];[0, 1];
[0.433, 16.0, 14.0, 0.795];[0.475, 15.667, 9.333, 0.743];[1, 0];
[0.447, 17.0, 8.667, 0.772];[0.422, 15.0, 11.667, 0.764];[1, 0];
[0.481, 13.0, 12.333, 0.825];[0.484, 9.0, 9.0, 0.731];[1, 0];
[0.46, 15.333, 12.333, 0.738];[0.399, 9.0, 10.333, 0.672];[0, 1];
[0.443, 16.333, 8.667, 0.751];[0.489, 18.667, 8.667, 0.781];[0, 1];
[0.464, 10.333, 9.0, 0.826];[0.448, 10.667, 7.333, 0.818];[1, 0];
[0.515, 10.333, 8.0, 0.783];[0.47, 12.0, 9.333, 0.792];[0, 1];
[0.519, 14.333, 5.333, 0.74];[0.43, 15.667, 10.0, 0.834];[0, 1];
[0.418, 10.0, 9.333, 0.705];[0.402, 10.0, 15.0, 0.764];[1, 0];
[0.431, 13.333, 13.667, 0.794];[0.465, 15.667, 10.667, 0.738];[1, 0];
[0.467, 13.0, 7.333, 0.732];[0.551, 15.333, 8.667, 0.679];[1, 0];
[0.46, 11.333, 8.0, 0.82];[0.465, 14.333, 10.0, 0.74];[1, 0];
[0.541, 13.0, 9.0, 0.796];[0.438, 16.333, 11.667, 0.775];[1, 0];
[0.517, 14.333, 10.667, 0.822];[0.454, 10.333, 12.333, 0.817];[1, 0];
[0.506, 11.667, 8.667, 0.813];[0.426, 15.0, 8.667, 0.777];[1, 0];
[0.479, 13.333, 10.667, 0.8];[0.414, 11.333, 8.333, 0.729];[1, 0];
[0.454, 16.0, 14.333, 0.785];[0.408, 13.333, 15.667, 0.758];[1, 0];
[0.459, 12.0, 12.667, 0.787];[0.498, 11.0, 11.333, 0.838];[0, 1];
[0.438, 15.333, 10.667, 0.766];[0.441, 15.333, 13.667, 0.838];[0, 1];
[0.496, 14.333, 7.667, 0.785];[0.453, 19.0, 11.0, 0.8];[0, 1];
[0.458, 16.333, 9.333, 0.762];[0.502, 15.0, 8.333, 0.784];[1, 0];
[0.418, 17.333, 14.333, 0.743];[0.419, 13.667, 9.0, 0.811];[1, 0];
[0.436, 18.667, 11.333, 0.805];[0.424, 11.667, 17.0, 0.714];[0, 1];
[0.432, 13.0, 13.0, 0.742];[0.395, 9.0, 13.0, 0.623];[1, 0];
[0.517, 12.0, 14.0, 0.723];[0.412, 10.333, 13.333, 0.788];[1, 0];
[0.483, 12.0, 7.0, 0.842];[0.443, 15.0, 12.333, 0.801];[1, 0];
[0.507, 11.667, 8.667, 0.764];[0.455, 8.333, 8.667, 0.766];[1, 0];
[0.489, 15.0, 10.333, 0.78];[0.441, 13.0, 13.667, 0.84];[1, 0];
[0.436, 12.667, 14.667, 0.748];[0.506, 12.333, 11.333, 0.681];[0, 1];
[0.467, 13.667, 13.0, 0.756];[0.432, 13.333, 10.667, 0.727];[1, 0];
[0.464, 9.0, 9.0, 0.747];[0.449, 13.333, 12.0, 0.83];[1, 0];
[0.481, 8.333, 9.0, 0.91];[0.455, 11.0, 14.0, 0.783];[1, 0];
[0.381, 14.0, 18.0, 0.765];[0.489, 4.0, 15.0, 0.591];[0, 1];
[0.464, 10.333, 10.667, 0.838];[0.449, 15.667, 10.667, 0.682];[0, 1];
[0.442, 17.667, 13.667, 0.856];[0.443, 15.333, 15.333, 0.837];[0, 1];
[0.448, 10.333, 15.667, 0.746];[0.504, 13.667, 11.333, 0.807];[1, 0];
[0.49, 10.333, 6.0, 0.756];[0.404, 10.0, 14.333, 0.675];[1, 0];
[0.499, 12.333, 8.667, 0.639];[0.464, 13.667, 14.333, 0.832];[1, 0];
[0.446, 14.667, 11.0, 0.725];[0.416, 15.667, 11.0, 0.875];[1, 0];
[0.42, 9.333, 12.0, 0.736];[0.486, 13.667, 13.333, 0.675];[0, 1];
[0.446, 12.333, 9.333, 0.784];[0.468, 12.0, 7.333, 0.765];[1, 0];
[0.529, 17.0, 13.0, 0.699];[0.407, 12.667, 13.0, 0.749];[0, 1];
[0.446, 18.333, 11.667, 0.747];[0.479, 14.667, 6.333, 0.766];[1, 0];
[0.42, 13.667, 11.333, 0.836];[0.481, 12.0, 12.0, 0.672];[1, 0];
[0.433, 15.667, 9.667, 0.805];[0.475, 12.667, 12.667, 0.733];[1, 0];
[0.461, 12.333, 12.667, 0.798];[0.461, 16.667, 5.0, 0.865];[1, 0];
[0.51, 14.0, 11.667, 0.804];[0.44, 12.0, 15.667, 0.865];[1, 0];
[0.469, 9.333, 11.0, 0.791];[0.457, 11.0, 13.333, 0.854];[0, 1];
[0.448, 9.0, 11.667, 0.798];[0.413, 12.667, 15.333, 0.752];[0, 1];
[0.447, 15.0, 13.0, 0.842];[0.485, 9.0, 10.0, 0.727];[0, 1];
[0.451, 14.0, 11.667, 0.773];[0.455, 12.667, 9.667, 0.801];[0, 1];
[0.471, 12.0, 11.333, 0.834];[0.476, 14.667, 10.0, 0.718];[0, 1];
[0.52, 14.333, 7.333, 0.77];[0.485, 10.667, 11.333, 0.771];[1, 0];
[0.443, 8.667, 9.333, 0.787];[0.433, 13.0, 13.667, 0.836];[1, 0];
[0.472, 16.0, 12.333, 0.756];[0.459, 11.0, 11.333, 0.818];[0, 1];
[0.466, 15.333, 9.667, 0.759];[0.483, 12.333, 9.667, 0.735];[0, 1];
[0.417, 11.667, 6.333, 0.835];[0.46, 10.0, 10.333, 0.672];[0, 1];
[0.475, 12.333, 6.333, 0.75];[0.435, 12.333, 13.0, 0.801];[0, 1];
[0.427, 6.0, 10.333, 0.748];[0.45, 13.0, 12.333, 0.755];[1, 0];
[0.491, 13.667, 11.333, 0.829];[0.486, 14.0, 9.333, 0.696];[0, 1];
[0.449, 14.333, 13.667, 0.778];[0.482, 13.333, 15.333, 0.795];[1, 0];
[0.446, 12.667, 15.0, 0.767];[0.458, 13.0, 8.0, 0.75];[1, 0];
[0.445, 12.333, 11.333, 0.777];[0.462, 15.0, 10.0, 0.799];[1, 0];
[0.446, 13.667, 11.0, 0.687];[0.439, 13.333, 12.667, 0.823];[0, 1];
[0.559, 14.0, 5.0, 0.933];[0.385, 18.0, 10.0, 0.609];[0, 1];
[0.459, 14.0, 10.333, 0.778];[0.46, 14.333, 11.0, 0.71];[1, 0];
[0.457, 15.667, 12.0, 0.81];[0.503, 17.0, 9.0, 0.808];[0, 1];
[0.456, 12.0, 14.667, 0.78];[0.463, 16.333, 10.333, 0.79];[1, 0];
[0.444, 17.0, 15.333, 0.848];[0.453, 12.333, 13.333, 0.746];[0, 1];
[0.434, 15.0, 13.0, 0.761];[0.444, 12.667, 11.0, 0.75];[1, 0];
[0.504, 8.667, 7.333, 0.785];[0.493, 13.0, 11.333, 0.731];[1, 0];
[0.445, 11.667, 12.333, 0.852];[0.482, 7.333, 10.333, 0.744];[1, 0];
[0.493, 18.333, 9.0, 0.778];[0.461, 10.667, 9.333, 0.844];[0, 1];
[0.398, 12.667, 11.333, 0.844];[0.392, 11.667, 8.667, 0.788];[0, 1];
[0.409, 9.333, 11.667, 0.799];[0.46, 13.333, 12.0, 0.735];[1, 0];
[0.48, 11.0, 10.0, 0.741];[0.481, 15.333, 7.333, 0.776];[1, 0];
[0.525, 14.333, 10.667, 0.805];[0.472, 11.0, 12.333, 0.802];[1, 0];
[0.448, 16.0, 9.667, 0.691];[0.474, 14.667, 10.333, 0.731];[0, 1];
[0.461, 13.333, 11.333, 0.747];[0.485, 13.667, 7.333, 0.787];[1, 0];
[0.455, 16.333, 13.333, 0.718];[0.496, 16.667, 9.667, 0.751];[1, 0];
[0.429, 13.667, 10.667, 0.731];[0.454, 12.333, 9.667, 0.781];[0, 1];
[0.458, 12.667, 9.667, 0.779];[0.529, 12.667, 13.0, 0.716];[0, 1];
[0.383, 10.667, 10.667, 0.796];[0.461, 13.333, 8.667, 0.713];[0, 1];
[0.5, 9.667, 8.0, 0.702];[0.481, 14.0, 10.333, 0.649];[1, 0];
[0.417, 9.667, 10.0, 0.691];[0.479, 14.333, 9.667, 0.737];[1, 0];
[0.46, 11.667, 9.667, 0.833];[0.48, 17.333, 9.667, 0.785];[0, 1];
[0.42, 8.667, 9.333, 0.806];[0.446, 13.667, 9.0, 0.765];[0, 1];
[0.464, 16.333, 9.0, 0.741];[0.491, 11.667, 11.333, 0.864];[0, 1];
[0.465, 18.333, 13.0, 0.764];[0.496, 14.333, 9.667, 0.747];[0, 1];
[0.443, 9.333, 14.667, 0.712];[0.432, 19.333, 17.0, 0.79];[1, 0];
[0.428, 12.667, 9.0, 0.691];[0.49, 17.333, 9.333, 0.812];[1, 0];
[0.411, 10.333, 11.0, 0.819];[0.404, 13.0, 11.333, 0.81];[1, 0];
[0.485, 16.667, 13.333, 0.774];[0.472, 12.667, 12.667, 0.725];[1, 0];
[0.486, 12.0, 9.667, 0.773];[0.43, 10.0, 10.0, 0.653];[1, 0];
[0.406, 12.333, 16.333, 0.707];[0.439, 16.667, 11.667, 0.782];[0, 1];
[0.428, 17.667, 9.0, 0.791];[0.472, 10.667, 8.333, 0.788];[0, 1];
[0.435, 16.0, 10.333, 0.699];[0.488, 9.667, 11.667, 0.776];[0, 1];
[0.414, 14.0, 15.333, 0.796];[0.405, 17.0, 12.333, 0.82];[0, 1];
[0.447, 15.667, 10.333, 0.724];[0.476, 12.667, 8.0, 0.946];[1, 0];
[0.493, 15.333, 14.0, 0.905];[0.404, 10.0, 11.0, 0.846];[1, 0];
[0.475, 9.667, 6.333, 0.742];[0.448, 12.667, 9.667, 0.817];[1, 0];
[0.457, 13.0, 12.333, 0.673];[0.453, 17.333, 8.333, 0.814];[1, 0];
[0.466, 9.667, 9.667, 0.717];[0.476, 12.333, 9.0, 0.764];[1, 0];
[0.509, 13.0, 7.0, 0.734];[0.426, 12.667, 11.333, 0.737];[1, 0];
[0.522, 17.0, 11.333, 0.841];[0.462, 12.667, 9.0, 0.767];[0, 1];
[0.435, 16.667, 8.333, 0.73];[0.466, 13.333, 10.667, 0.76];[1, 0];
[0.488, 13.0, 12.0, 0.808];[0.456, 12.667, 9.667, 0.833];[1, 0];
[0.462, 13.0, 9.333, 0.735];[0.45, 17.0, 14.667, 0.752];[0, 1];
[0.434, 16.333, 11.0, 0.812];[0.455, 12.333, 13.0, 0.75];[1, 0];
[0.496, 17.0, 11.333, 0.813];[0.471, 21.667, 11.0, 0.808];[1, 0];
[0.458, 15.667, 11.667, 0.841];[0.435, 15.0, 17.0, 0.729];[0, 1];
[0.427, 12.333, 8.667, 0.78];[0.414, 10.333, 10.333, 0.774];[0, 1];
[0.452, 13.667, 12.333, 0.75];[0.485, 16.0, 11.667, 0.749];[1, 0];
[0.466, 14.667, 13.0, 0.742];[0.49, 11.667, 12.333, 0.725];[1, 0];
[0.441, 16.667, 9.667, 0.814];[0.454, 12.0, 11.333, 0.745];[0, 1];
[0.495, 14.667, 9.667, 0.752];[0.492, 17.0, 9.0, 0.834];[1, 0];
[0.444, 11.0, 8.0, 0.81];[0.423, 11.0, 9.0, 0.76];[1, 0];
[0.432, 12.667, 6.667, 0.659];[0.414, 12.0, 10.667, 0.825];[1, 0];
[0.422, 12.0, 8.0, 0.745];[0.456, 11.667, 8.0, 0.805];[0, 1];
[0.487, 13.0, 10.333, 0.718];[0.461, 14.667, 13.667, 0.82];[0, 1];
[0.47, 13.333, 10.667, 0.702];[0.45, 14.333, 9.667, 0.791];[1, 0];
[0.493, 12.0, 11.0, 0.827];[0.499, 16.0, 8.667, 0.667];[1, 0];
[0.411, 14.667, 10.333, 0.811];[0.457, 14.0, 11.667, 0.78];[0, 1];
[0.481, 15.0, 12.0, 0.832];[0.438, 10.333, 8.333, 0.799];[0, 1];
[0.455, 15.667, 11.333, 0.84];[0.43, 13.0, 15.667, 0.76];[1, 0];
[0.481, 15.667, 7.333, 0.778];[0.52, 17.0, 10.333, 0.66];[1, 0];
[0.471, 15.0, 9.0, 0.839];[0.423, 18.333, 13.333, 0.889];[1, 0];
[0.511, 17.333, 9.333, 0.784];[0.425, 13.667, 17.0, 0.841];[0, 1];
[0.461, 11.0, 13.667, 0.79];[0.45, 17.333, 11.667, 0.878];[1, 0];
[0.508, 15.667, 10.0, 0.726];[0.442, 15.667, 14.333, 0.755];[1, 0];
[0.512, 17.333, 11.0, 0.752];[0.496, 16.333, 11.333, 0.718];[1, 0];
[0.458, 14.333, 12.333, 0.768];[0.506, 17.0, 12.667, 0.874];[1, 0];
[0.459, 8.0, 8.667, 0.801];[0.424, 10.0, 16.0, 0.805];[1, 0];
[0.507, 9.333, 7.333, 0.839];[0.475, 15.333, 13.333, 0.837];[1, 0];
[0.421, 16.0, 12.0, 0.825];[0.44, 13.333, 10.333, 0.662];[1, 0];
[0.452, 15.0, 15.667, 0.781];[0.47, 12.667, 9.667, 0.639];[0, 1];
[0.51, 15.667, 11.0, 0.866];[0.477, 11.667, 13.667, 0.752];[1, 0];
[0.528, 12.333, 9.667, 0.821];[0.459, 13.0, 11.0, 0.747];[0, 1];
[0.436, 14.0, 10.333, 0.752];[0.481, 15.667, 13.667, 0.756];[1, 0];
[0.455, 18.0, 10.333, 0.803];[0.43, 16.0, 9.667, 0.768];[0, 1];
[0.498, 11.333, 9.333, 0.776];[0.526, 13.333, 8.667, 0.792];[1, 0];
[0.444, 12.333, 9.0, 0.755];[0.434, 10.667, 10.0, 0.775];[0, 1];
[0.491, 12.333, 15.0, 0.774];[0.458, 15.0, 10.667, 0.766];[0, 1];
[0.445, 13.0, 16.667, 0.785];[0.43, 12.667, 7.667, 0.811];[0, 1];
[0.47, 11.333, 10.667, 0.734];[0.436, 15.333, 14.333, 0.817];[1, 0];
[0.454, 18.333, 13.0, 0.793];[0.423, 11.667, 12.333, 0.786];[1, 0];
[0.473, 11.667, 10.667, 0.84];[0.507, 12.0, 10.0, 0.877];[0, 1];
[0.409, 14.0, 10.333, 0.87];[0.46, 12.0, 11.667, 0.757];[1, 0];
[0.466, 11.333, 12.0, 0.762];[0.425, 13.0, 13.333, 0.777];[1, 0];
[0.408, 12.0, 13.333, 0.86];[0.427, 11.333, 11.0, 0.784];[0, 1];
[0.482, 8.667, 10.0, 0.735];[0.487, 15.667, 9.667, 0.7];[1, 0];
[0.464, 14.0, 11.333, 0.743];[0.471, 12.0, 7.667, 0.722];[0, 1];
[0.467, 12.333, 9.0, 0.736];[0.418, 14.333, 9.0, 0.693];[1, 0];
[0.456, 20.0, 10.0, 0.71];[0.478, 17.0, 8.667, 0.741];[0, 1];
[0.47, 16.333, 14.0, 0.815];[0.435, 18.667, 15.667, 0.759];[1, 0];
[0.456, 12.667, 16.333, 0.74];[0.472, 15.667, 9.333, 0.797];[0, 1];
[0.457, 9.667, 11.0, 0.707];[0.426, 13.667, 11.0, 0.683];[1, 0];
[0.465, 14.0, 15.667, 0.801];[0.479, 15.0, 13.0, 0.819];[1, 0];
[0.433, 11.667, 10.667, 0.802];[0.444, 13.667, 10.667, 0.74];[0, 1];
[0.421, 12.667, 17.667, 0.713];[0.412, 18.333, 13.667, 0.71];[1, 0];
[0.483, 15.0, 7.667, 0.668];[0.47, 14.333, 15.0, 0.763];[1, 0];
[0.449, 7.333, 10.0, 0.799];[0.44, 12.667, 9.0, 0.738];[1, 0];
[0.411, 15.0, 10.0, 0.672];[0.41, 17.333, 14.333, 0.808];[1, 0];
[0.443, 14.333, 10.333, 0.849];[0.487, 16.333, 14.0, 0.796];[1, 0];
[0.42, 13.333, 11.0, 0.793];[0.463, 11.0, 9.333, 0.815];[1, 0];
[0.472, 17.333, 11.333, 0.852];[0.426, 11.667, 10.667, 0.804];[0, 1];
[0.559, 13.333, 9.0, 0.728];[0.45, 13.667, 12.0, 0.801];[0, 1];
[0.392, 18.333, 13.667, 0.742];[0.468, 14.0, 11.333, 0.829];[0, 1];
[0.413, 10.667, 12.667, 0.741];[0.467, 12.0, 10.0, 0.671];[0, 1];
[0.476, 16.333, 8.333, 0.794];[0.509, 16.333, 7.667, 0.771];[1, 0];
[0.479, 17.333, 9.667, 0.691];[0.459, 18.333, 9.667, 0.682];[1, 0];
[0.438, 10.667, 12.333, 0.786];[0.478, 13.0, 12.333, 0.746];[1, 0];
[0.484, 17.0, 8.667, 0.796];[0.43, 14.0, 12.667, 0.737];[0, 1];
[0.433, 11.667, 11.0, 0.771];[0.392, 9.333, 12.333, 0.702];[0, 1];
[0.453, 13.0, 11.0, 0.811];[0.426, 14.0, 12.333, 0.757];[0, 1];
[0.457, 12.0, 10.667, 0.825];[0.502, 10.0, 7.0, 0.671];[1, 0];
[0.425, 14.667, 13.667, 0.784];[0.448, 13.667, 11.667, 0.716];[0, 1];
[0.488, 13.0, 10.0, 0.777];[0.457, 11.0, 12.667, 0.718];[0, 1];
[0.473, 16.333, 6.333, 0.877];[0.459, 11.0, 8.333, 0.827];[1, 0];
[0.465, 18.0, 12.0, 0.712];[0.475, 14.333, 12.333, 0.63];[1, 0];
[0.584, 19.0, 13.0, 0.526];[0.395, 10.0, 8.0, 0.8];[0, 1];
[0.436, 14.667, 11.0, 0.838];[0.412, 12.667, 11.0, 0.753];[1, 0];
[0.438, 10.333, 10.667, 0.767];[0.477, 13.333, 11.667, 0.813];[1, 0];
[0.408, 11.667, 10.333, 0.731];[0.476, 11.333, 7.0, 0.732];[0, 1];
[0.489, 13.0, 13.0, 0.701];[0.446, 18.333, 7.667, 0.714];[0, 1];
[0.431, 11.667, 11.667, 0.835];[0.495, 15.333, 13.0, 0.772];[0, 1];
[0.419, 17.333, 14.333, 0.789];[0.459, 18.0, 16.0, 0.793];[1, 0];
[0.482, 15.0, 10.333, 0.777];[0.513, 11.667, 7.667, 0.769];[1, 0];
[0.479, 10.667, 10.0, 0.806];[0.453, 17.333, 9.667, 0.757];[1, 0];
[0.424, 11.667, 16.667, 0.745];[0.41, 13.667, 12.333, 0.761];[0, 1];
[0.501, 11.667, 8.667, 0.809];[0.478, 11.667, 8.0, 0.787];[0, 1];
[0.51, 12.667, 7.0, 0.673];[0.452, 13.0, 11.667, 0.806];[0, 1];
[0.524, 14.0, 10.0, 0.828];[0.472, 13.333, 8.333, 0.742];[1, 0];
[0.485, 18.333, 8.0, 0.831];[0.485, 13.0, 12.333, 0.789];[0, 1];
[0.44, 14.0, 12.333, 0.785];[0.38, 10.0, 12.667, 0.813];[0, 1];
[0.459, 17.333, 12.333, 0.844];[0.457, 14.0, 10.667, 0.708];[0, 1];
[0.462, 13.0, 11.667, 0.727];[0.418, 14.0, 12.333, 0.691];[0, 1];
[0.488, 10.667, 10.0, 0.806];[0.514, 13.333, 9.333, 0.757];[1, 0];
[0.457, 9.0, 11.667, 0.786];[0.412, 10.333, 14.0, 0.82];[1, 0];
[0.444, 8.667, 10.333, 0.753];[0.474, 11.333, 7.333, 0.827];[0, 1];
[0.412, 15.333, 16.0, 0.829];[0.412, 11.333, 13.667, 0.871];[1, 0];
[0.491, 10.333, 9.0, 0.817];[0.487, 16.333, 8.0, 0.69];[1, 0];
[0.47, 15.333, 15.333, 0.603];[0.527, 10.0, 11.333, 0.754];[0, 1];
[0.503, 15.333, 9.333, 0.804];[0.465, 11.333, 9.333, 0.669];[0, 1];
[0.49, 16.0, 11.333, 0.739];[0.449, 14.0, 15.667, 0.798];[0, 1];
[0.474, 15.667, 8.667, 0.845];[0.437, 12.667, 11.667, 0.69];[1, 0];
[0.547, 12.667, 9.0, 0.767];[0.439, 14.667, 7.0, 0.756];[0, 1];
[0.477, 10.667, 12.333, 0.753];[0.466, 10.667, 12.333, 0.813];[0, 1];
[0.493, 12.0, 9.667, 0.843];[0.439, 16.333, 13.667, 0.775];[0, 1];
[0.458, 13.667, 9.667, 0.804];[0.462, 18.0, 15.667, 0.884];[0, 1];
[0.47, 15.333, 12.667, 0.727];[0.461, 11.0, 11.0, 0.826];[0, 1];
[0.422, 12.0, 13.667, 0.819];[0.41, 14.667, 8.333, 0.817];[1, 0];
[0.482, 14.667, 9.667, 0.847];[0.45, 16.0, 12.0, 0.742];[0, 1];
[0.43, 10.667, 11.333, 0.721];[0.464, 12.667, 13.333, 0.846];[0, 1];
[0.461, 15.333, 10.333, 0.785];[0.45, 14.667, 7.667, 0.756];[1, 0];
[0.456, 14.333, 10.333, 0.762];[0.461, 13.667, 10.0, 0.622];[0, 1];
[0.501, 15.0, 10.0, 0.749];[0.457, 16.667, 9.333, 0.721];[1, 0];
[0.43, 17.0, 12.0, 0.821];[0.428, 14.0, 11.333, 0.771];[0, 1];
[0.464, 15.667, 12.0, 0.639];[0.508, 13.333, 10.0, 0.77];[1, 0];
[0.43, 13.667, 10.667, 0.662];[0.434, 14.667, 16.333, 0.705];[1, 0];
[0.458, 13.667, 9.0, 0.83];[0.445, 15.667, 12.0, 0.794];[0, 1];
[0.429, 11.0, 14.333, 0.817];[0.491, 13.0, 13.0, 0.655];[0, 1];
[0.418, 12.333, 9.0, 0.716];[0.493, 12.333, 8.333, 0.761];[1, 0];
[0.426, 14.333, 12.0, 0.811];[0.48, 14.0, 7.0, 0.877];[1, 0];
[0.444, 16.0, 12.333, 0.772];[0.481, 15.667, 11.0, 0.837];[0, 1];
[0.41, 15.333, 11.667, 0.814];[0.468, 10.333, 11.0, 0.746];[0, 1];
[0.458, 11.333, 11.333, 0.734];[0.431, 11.0, 8.0, 0.693];[1, 0];
[0.412, 12.667, 10.333, 0.795];[0.439, 11.333, 5.333, 0.756];[0, 1];
[0.5, 16.0, 9.667, 0.79];[0.476, 15.333, 9.667, 0.775];[1, 0];
[0.499, 13.667, 10.333, 0.783];[0.474, 13.333, 9.333, 0.691];[1, 0];
[0.5, 12.333, 9.667, 0.749];[0.517, 11.333, 7.667, 0.855];[1, 0];
[0.486, 13.667, 9.667, 0.784];[0.469, 13.333, 10.333, 0.767];[0, 1];
[0.404, 13.333, 11.667, 0.748];[0.429, 13.0, 13.0, 0.771];[1, 0];
[0.467, 12.0, 14.0, 0.794];[0.448, 10.333, 10.0, 0.785];[0, 1];
[0.498, 16.667, 11.333, 0.787];[0.43, 15.333, 11.333, 0.746];[1, 0];
[0.543, 15.333, 8.333, 0.758];[0.439, 12.0, 10.333, 0.772];[1, 0];
[0.464, 12.667, 11.333, 0.724];[0.433, 10.0, 11.667, 0.836];[0, 1];
[0.483, 15.667, 9.667, 0.813];[0.47, 12.333, 8.0, 0.755];[1, 0];
[0.4, 12.667, 10.0, 0.755];[0.392, 15.0, 10.0, 0.917];[1, 0];
[0.487, 14.333, 9.667, 0.78];[0.458, 12.0, 11.333, 0.867];[1, 0];
[0.414, 14.667, 9.0, 0.616];[0.452, 14.333, 12.667, 0.695];[1, 0];
[0.454, 12.333, 12.667, 0.739];[0.403, 16.0, 14.333, 0.776];[1, 0];
[0.453, 16.333, 19.0, 0.619];[0.497, 14.667, 10.333, 0.826];[0, 1];
[0.458, 17.0, 9.333, 0.748];[0.442, 9.333, 11.333, 0.743];[0, 1];
[0.504, 14.333, 10.333, 0.858];[0.519, 13.0, 7.0, 0.817];[1, 0];
[0.434, 14.667, 12.667, 0.75];[0.456, 15.667, 13.0, 0.681];[1, 0];
[0.474, 15.333, 13.333, 0.779];[0.474, 15.667, 11.333, 0.734];[0, 1];
[0.468, 10.667, 13.333, 0.758];[0.465, 10.333, 8.0, 0.802];[1, 0];
[0.481, 16.0, 11.667, 0.811];[0.479, 11.667, 8.0, 0.84];[0, 1];
[0.426, 13.333, 9.0, 0.672];[0.474, 16.333, 12.0, 0.788];[1, 0];
[0.437, 20.0, 14.667, 0.932];[0.462, 16.333, 14.333, 0.69];[0, 1];
[0.476, 7.0, 8.667, 0.832];[0.44, 10.0, 9.667, 0.831];[0, 1];
[0.436, 16.0, 11.667, 0.632];[0.419, 12.667, 11.333, 0.723];[0, 1];
[0.522, 14.333, 7.667, 0.834];[0.446, 13.667, 15.0, 0.798];[1, 0];
[0.463, 14.667, 8.333, 0.753];[0.388, 12.333, 9.333, 0.84];[0, 1];
[0.428, 15.667, 11.667, 0.791];[0.425, 10.667, 11.0, 0.848];[0, 1];
[0.404, 15.333, 16.333, 0.611];[0.438, 15.0, 12.667, 0.844];[0, 1];
[0.467, 14.0, 12.667, 0.802];[0.512, 15.333, 10.0, 0.708];[0, 1];
[0.444, 10.333, 7.667, 0.823];[0.47, 14.667, 13.667, 0.72];[1, 0];
[0.418, 16.333, 11.0, 0.893];[0.445, 12.667, 9.667, 0.772];[0, 1];
[0.489, 14.0, 10.0, 0.687];[0.445, 13.667, 16.0, 0.865];[1, 0];
[0.431, 14.667, 11.667, 0.637];[0.449, 12.667, 15.0, 0.781];[0, 1];
[0.421, 12.0, 12.667, 0.688];[0.425, 17.333, 15.0, 0.827];[1, 0];
[0.429, 17.667, 13.667, 0.858];[0.437, 12.333, 9.0, 0.822];[0, 1];
[0.516, 12.667, 14.667, 0.775];[0.539, 11.667, 14.0, 0.781];[1, 0];
[0.436, 12.333, 7.667, 0.798];[0.389, 9.0, 12.333, 0.843];[1, 0];
[0.508, 18.667, 11.667, 0.761];[0.471, 8.333, 12.0, 0.685];[0, 1];
[0.391, 16.667, 12.667, 0.783];[0.485, 11.667, 11.667, 0.803];[1, 0];
[0.498, 17.333, 9.0, 0.796];[0.453, 12.0, 9.333, 0.842];[0, 1];
[0.47, 11.667, 11.0, 0.826];[0.482, 15.0, 10.667, 0.803];[1, 0];
[0.479, 8.333, 13.667, 0.675];[0.445, 13.0, 7.667, 0.701];[0, 1];
[0.462, 10.667, 13.667, 0.846];[0.47, 14.0, 12.0, 0.742];[1, 0];
[0.476, 12.0, 10.0, 0.74];[0.491, 12.333, 12.0, 0.806];[0, 1];
[0.459, 14.333, 11.667, 0.802];[0.47, 16.667, 12.0, 0.743];[0, 1];
[0.451, 13.667, 11.333, 0.79];[0.454, 12.333, 12.0, 0.796];[1, 0];
[0.428, 13.333, 11.333, 0.829];[0.489, 14.333, 7.333, 0.731];[1, 0];
[0.44, 10.333, 9.0, 0.714];[0.435, 10.667, 12.0, 0.75];[1, 0];
[0.474, 14.0, 12.333, 0.75];[0.45, 12.0, 12.667, 0.766];[1, 0];
[0.491, 15.0, 15.0, 0.786];[0.47, 12.0, 8.0, 0.751];[0, 1];
[0.482, 14.0, 9.667, 0.668];[0.454, 16.0, 10.333, 0.698];[1, 0];
[0.426, 15.333, 16.0, 0.707];[0.509, 15.0, 11.667, 0.73];[0, 1];
[0.424, 13.667, 11.0, 0.772];[0.454, 13.667, 10.667, 0.677];[0, 1];
[0.459, 10.0, 10.667, 0.798];[0.482, 13.333, 12.0, 0.733];[0, 1];
[0.475, 12.0, 9.667, 0.817];[0.53, 10.333, 7.0, 0.847];[1, 0];
[0.45, 12.0, 13.0, 0.75];[0.466, 14.0, 12.333, 0.836];[0, 1];
[0.448, 9.333, 8.0, 0.832];[0.428, 11.333, 11.667, 0.689];[1, 0];
[0.485, 13.333, 9.667, 0.892];[0.477, 16.667, 7.667, 0.795];[0, 1];
[0.481, 13.0, 14.333, 0.754];[0.475, 13.0, 14.667, 0.728];[1, 0];
[0.417, 14.0, 14.667, 0.649];[0.426, 12.0, 10.667, 0.862];[0, 1];
[0.454, 15.667, 14.667, 0.686];[0.447, 19.333, 15.0, 0.809];[0, 1];
[0.487, 16.667, 9.0, 0.825];[0.51, 13.0, 11.333, 0.712];[0, 1];
[0.405, 14.0, 10.333, 0.696];[0.465, 13.333, 10.0, 0.824];[1, 0];
[0.478, 13.0, 12.0, 0.751];[0.503, 14.667, 10.667, 0.78];[0, 1];
[0.442, 14.667, 11.0, 0.751];[0.486, 15.0, 9.333, 0.846];[0, 1];
[0.532, 12.667, 8.0, 0.795];[0.499, 11.667, 9.0, 0.825];[1, 0];
[0.476, 10.667, 11.333, 0.796];[0.463, 11.667, 9.333, 0.777];[0, 1];
[0.462, 11.333, 12.0, 0.711];[0.436, 15.667, 15.0, 0.797];[1, 0];
[0.511, 9.333, 8.667, 0.73];[0.506, 13.0, 9.667, 0.763];[1, 0];
[0.454, 13.667, 12.667, 0.731];[0.452, 14.0, 12.0, 0.793];[1, 0];
[0.431, 13.333, 10.0, 0.719];[0.493, 11.667, 15.0, 0.751];[0, 1];
[0.419, 10.667, 11.0, 0.754];[0.466, 15.667, 14.0, 0.802];[0, 1];
[0.446, 15.333, 13.0, 0.648];[0.444, 12.333, 12.333, 0.844];[1, 0];
[0.43, 15.333, 16.0, 0.762];[0.505, 16.333, 13.0, 0.84];[1, 0];
[0.424, 19.667, 14.0, 0.794];[0.406, 10.0, 11.0, 0.788];[1, 0];
[0.486, 13.667, 13.333, 0.744];[0.434, 14.667, 9.667, 0.729];[1, 0];
[0.507, 11.333, 10.0, 0.699];[0.461, 11.333, 9.0, 0.753];[0, 1];
[0.47, 9.333, 8.0, 0.835];[0.467, 12.333, 9.333, 0.882];[0, 1];
[0.497, 10.333, 10.0, 0.787];[0.484, 16.667, 8.667, 0.765];[0, 1];
[0.457, 14.0, 9.0, 0.785];[0.491, 14.333, 8.333, 0.793];[1, 0];
[0.436, 12.0, 10.667, 0.738];[0.492, 11.333, 11.0, 0.775];[1, 0];
[0.491, 15.0, 12.333, 0.81];[0.437, 13.333, 16.667, 0.712];[0, 1];
[0.496, 15.333, 10.333, 0.775];[0.487, 10.667, 13.667, 0.836];[1, 0];
[0.407, 12.0, 12.0, 0.852];[0.532, 17.0, 16.0, 0.844];[0, 1];
[0.51, 14.333, 10.667, 0.757];[0.47, 9.0, 12.0, 0.702];[1, 0];
[0.475, 18.0, 10.0, 0.764];[0.451, 15.0, 13.0, 0.805];[0, 1];
[0.434, 15.333, 12.0, 0.724];[0.514, 13.333, 11.667, 0.891];[1, 0];
[0.448, 14.667, 9.667, 0.679];[0.467, 12.0, 11.0, 0.66];[0, 1];
[0.476, 13.333, 11.667, 0.776];[0.496, 14.0, 9.667, 0.736];[0, 1];
[0.464, 15.333, 10.333, 0.811];[0.452, 9.667, 10.0, 0.848];[0, 1];
[0.433, 12.667, 12.667, 0.626];[0.406, 11.333, 11.333, 0.822];[1, 0];
[0.44, 12.667, 9.0, 0.826];[0.418, 10.333, 7.667, 0.784];[0, 1];
[0.503, 12.333, 14.333, 0.732];[0.548, 12.333, 9.333, 0.853];[0, 1];
[0.461, 8.333, 9.333, 0.805];[0.436, 10.667, 14.667, 0.725];[0, 1];
[0.454, 12.0, 9.0, 0.811];[0.498, 6.667, 9.667, 0.811];[1, 0];
[0.473, 9.667, 11.667, 0.815];[0.476, 9.667, 9.333, 0.781];[1, 0];
[0.46, 9.333, 10.0, 0.76];[0.489, 13.333, 12.667, 0.76];[0, 1];
[0.428, 15.0, 12.333, 0.776];[0.435, 11.0, 8.667, 0.797];[0, 1];
[0.446, 12.333, 11.667, 0.825];[0.474, 16.0, 16.0, 0.862];[0, 1];
[0.516, 12.667, 12.667, 0.725];[0.467, 9.0, 14.0, 0.791];[1, 0];
[0.462, 14.667, 13.0, 0.778];[0.435, 18.667, 14.0, 0.852];[1, 0];
[0.516, 15.333, 8.667, 0.829];[0.443, 14.0, 12.333, 0.684];[1, 0];
[0.531, 16.333, 10.0, 0.812];[0.505, 14.333, 9.0, 0.812];[0, 1];
[0.442, 18.333, 12.667, 0.819];[0.402, 16.0, 14.0, 0.768];[0, 1];
[0.482, 13.0, 9.0, 0.711];[0.414, 12.667, 15.0, 0.811];[1, 0];
[0.474, 13.333, 10.0, 0.863];[0.449, 10.667, 10.333, 0.785];[1, 0];
[0.499, 12.0, 8.0, 0.772];[0.485, 17.333, 9.333, 0.861];[0, 1];
[0.464, 16.333, 11.333, 0.826];[0.497, 16.667, 13.0, 0.709];[0, 1];
[0.504, 15.333, 7.0, 0.802];[0.514, 11.333, 6.667, 0.741];[0, 1];
[0.47, 7.0, 9.667, 0.802];[0.51, 12.333, 8.333, 0.7];[1, 0];
[0.457, 15.667, 12.0, 0.724];[0.477, 10.333, 8.0, 0.849];[1, 0];
[0.496, 11.0, 6.0, 0.776];[0.45, 10.0, 13.333, 0.696];[0, 1];
[0.511, 10.667, 8.667, 0.801];[0.496, 16.667, 9.0, 0.682];[0, 1];
[0.459, 9.667, 9.333, 0.873];[0.474, 14.0, 10.667, 0.69];[1, 0];
[0.444, 13.333, 9.667, 0.826];[0.417, 10.667, 12.0, 0.799];[1, 0];
[0.467, 9.0, 11.333, 0.838];[0.492, 15.333, 7.0, 0.697];[1, 0];
[0.467, 12.0, 14.333, 0.849];[0.485, 16.333, 8.0, 0.805];[0, 1];
[0.483, 14.0, 10.333, 0.713];[0.503, 13.333, 6.667, 0.709];[1, 0];
[0.459, 16.0, 14.0, 0.724];[0.429, 12.333, 12.0, 0.783];[1, 0];
[0.45, 14.0, 10.333, 0.656];[0.356, 19.0, 13.333, 0.751];[0, 1];
[0.438, 19.333, 12.333, 0.752];[0.458, 13.0, 16.333, 0.77];[1, 0];
[0.381, 14.0, 18.0, 0.765];[0.474, 10.0, 10.0, 0.75];[1, 0];
[0.474, 10.667, 11.333, 0.765];[0.416, 14.0, 13.333, 0.737];[1, 0];
[0.404, 14.0, 15.333, 0.75];[0.458, 14.667, 9.667, 0.679];[1, 0];
[0.428, 17.0, 12.667, 0.724];[0.455, 13.667, 10.667, 0.793];[0, 1];
[0.46, 11.0, 7.333, 0.875];[0.406, 12.333, 15.667, 0.848];[0, 1];
[0.517, 13.0, 9.0, 0.769];[0.427, 11.333, 13.0, 0.727];[1, 0];
[0.466, 13.0, 10.0, 0.786];[0.46, 14.333, 12.333, 0.793];[1, 0];
[0.434, 12.667, 9.333, 0.769];[0.457, 13.333, 10.333, 0.741];[0, 1];
[0.426, 14.333, 11.333, 0.727];[0.468, 15.0, 12.333, 0.783];[1, 0];
[0.482, 11.333, 7.667, 0.8];[0.469, 15.667, 10.0, 0.71];[1, 0];
[0.447, 15.0, 13.333, 0.702];[0.438, 14.0, 10.333, 0.784];[0, 1];
[0.466, 18.0, 10.333, 0.777];[0.419, 16.0, 10.667, 0.82];[1, 0];
[0.462, 12.667, 10.667, 0.752];[0.435, 10.667, 10.0, 0.743];[0, 1];
[0.486, 13.333, 12.0, 0.655];[0.441, 18.333, 12.667, 0.891];[0, 1];
[0.438, 11.667, 10.0, 0.731];[0.504, 9.333, 13.0, 0.793];[0, 1];
[0.45, 12.333, 10.333, 0.659];[0.482, 16.667, 16.333, 0.693];[1, 0];
[0.48, 12.667, 12.667, 0.742];[0.443, 9.667, 9.667, 0.787];[0, 1];
[0.467, 8.667, 9.667, 0.745];[0.503, 12.333, 10.0, 0.807];[1, 0];
[0.486, 11.0, 8.333, 0.709];[0.472, 13.333, 10.333, 0.78];[0, 1];
[0.43, 10.667, 11.667, 0.783];[0.489, 15.667, 6.667, 0.765];[1, 0];
[0.429, 16.333, 10.333, 0.718];[0.44, 14.0, 8.0, 0.742];[0, 1];
[0.485, 14.333, 10.0, 0.81];[0.454, 12.0, 15.667, 0.756];[0, 1];
[0.467, 12.667, 7.667, 0.78];[0.456, 11.0, 11.0, 0.76];[0, 1];
[0.438, 16.0, 14.667, 0.807];[0.472, 12.667, 11.0, 0.841];[0, 1];
[0.411, 15.667, 11.333, 0.753];[0.481, 13.0, 12.333, 0.683];[0, 1];
[0.494, 14.0, 11.333, 0.76];[0.445, 13.667, 8.0, 0.82];[0, 1];
[0.448, 13.333, 13.333, 0.816];[0.529, 14.333, 12.0, 0.709];[1, 0];
[0.524, 15.0, 7.333, 0.782];[0.474, 11.667, 8.0, 0.781];[0, 1];
[0.442, 14.0, 9.0, 0.729];[0.473, 12.0, 9.667, 0.84];[0, 1];
[0.413, 10.333, 7.0, 0.653];[0.458, 8.333, 9.333, 0.839];[1, 0];
[0.476, 13.0, 9.667, 0.851];[0.449, 10.0, 8.667, 0.85];[1, 0];
[0.415, 13.667, 15.667, 0.755];[0.519, 14.0, 9.0, 0.795];[1, 0];
[0.417, 16.0, 9.667, 0.798];[0.411, 18.0, 11.333, 0.73];[0, 1];
[0.41, 9.0, 9.667, 0.781];[0.457, 9.667, 10.667, 0.85];[1, 0];
[0.442, 18.667, 12.0, 0.778];[0.404, 11.667, 10.0, 0.793];[1, 0];
[0.431, 12.0, 8.667, 0.796];[0.434, 16.667, 9.667, 0.788];[0, 1];
[0.407, 18.333, 13.333, 0.849];[0.425, 11.667, 12.667, 0.78];[1, 0];
[0.388, 10.667, 11.667, 0.689];[0.405, 9.667, 11.0, 0.751];[1, 0];
[0.466, 13.333, 13.333, 0.808];[0.466, 16.0, 11.667, 0.774];[1, 0];
[0.411, 17.667, 7.667, 0.794];[0.461, 13.0, 9.333, 0.822];[1, 0];
[0.431, 12.667, 14.667, 0.788];[0.511, 12.333, 10.333, 0.808];[1, 0];
[0.435, 10.667, 11.667, 0.578];[0.435, 13.0, 12.333, 0.741];[1, 0];
[0.462, 15.0, 9.0, 0.79];[0.429, 13.0, 13.0, 0.72];[1, 0];
[0.462, 8.667, 11.0, 0.78];[0.518, 16.0, 9.333, 0.788];[0, 1];
[0.479, 13.333, 9.0, 0.729];[0.511, 12.0, 11.0, 0.839];[1, 0];
[0.48, 8.667, 12.333, 0.767];[0.468, 11.667, 8.333, 0.729];[1, 0];
[0.48, 15.333, 10.667, 0.61];[0.413, 15.0, 11.667, 0.792];[1, 0];
[0.413, 15.0, 11.667, 0.779];[0.469, 12.333, 10.667, 0.846];[1, 0];
[0.438, 13.0, 16.0, 0.855];[0.445, 16.0, 11.667, 0.742];[0, 1];
[0.429, 11.667, 12.0, 0.818];[0.449, 12.333, 11.0, 0.713];[0, 1];
[0.522, 13.0, 12.333, 0.656];[0.445, 12.667, 12.667, 0.798];[1, 0];
[0.448, 15.0, 14.0, 0.784];[0.444, 11.333, 13.0, 0.798];[1, 0];
[0.511, 13.333, 9.667, 0.809];[0.437, 11.667, 10.0, 0.768];[1, 0];
[0.44, 9.0, 8.0, 0.793];[0.465, 10.333, 8.333, 0.828];[0, 1];
[0.442, 19.0, 14.0, 0.902];[0.498, 13.667, 8.333, 0.75];[1, 0];
[0.481, 11.0, 12.0, 0.817];[0.442, 13.333, 15.0, 0.824];[0, 1];
[0.482, 10.667, 13.0, 0.792];[0.442, 12.0, 11.333, 0.724];[0, 1];
[0.437, 10.667, 15.333, 0.758];[0.449, 14.333, 16.0, 0.673];[0, 1];
[0.479, 16.667, 12.333, 0.812];[0.494, 11.667, 12.333, 0.761];[1, 0];
[0.409, 14.333, 11.667, 0.824];[0.484, 14.667, 13.667, 0.756];[1, 0];
[0.458, 13.0, 11.333, 0.641];[0.382, 15.0, 15.0, 0.79];[1, 0];
[0.418, 10.333, 12.333, 0.777];[0.443, 13.333, 14.0, 0.804];[1, 0];
[0.453, 11.0, 9.333, 0.903];[0.472, 13.333, 10.0, 0.792];[1, 0];
[0.438, 13.333, 11.667, 0.726];[0.457, 17.333, 11.0, 0.752];[1, 0];
[0.492, 13.0, 6.333, 0.798];[0.426, 13.667, 10.667, 0.686];[0, 1];
[0.42, 12.333, 9.667, 0.706];[0.488, 17.333, 7.667, 0.737];[1, 0];
[0.515, 15.667, 7.667, 0.694];[0.462, 17.0, 12.333, 0.785];[1, 0];
[0.439, 20.333, 12.0, 0.816];[0.441, 11.667, 12.0, 0.83];[0, 1];
[0.463, 18.667, 9.667, 0.782];[0.364, 16.0, 10.0, 0.871];[1, 0];
[0.46, 19.0, 12.333, 0.831];[0.509, 16.0, 7.333, 0.787];[1, 0];
[0.489, 16.333, 9.667, 0.759];[0.453, 16.333, 11.667, 0.765];[0, 1];
[0.468, 16.667, 19.667, 0.706];[0.428, 11.0, 13.667, 0.653];[1, 0];
[0.521, 10.667, 9.333, 0.838];[0.451, 10.0, 7.667, 0.831];[0, 1];
[0.416, 10.333, 10.0, 0.857];[0.478, 9.0, 9.333, 0.782];[0, 1];
[0.438, 10.333, 8.667, 0.775];[0.451, 15.333, 13.0, 0.855];[1, 0];
[0.54, 7.0, 10.333, 0.704];[0.404, 11.667, 10.333, 0.89];[0, 1];
[0.484, 12.333, 9.333, 0.754];[0.498, 14.0, 11.333, 0.808];[1, 0];
[0.399, 16.333, 11.333, 0.749];[0.445, 18.333, 10.333, 0.74];[1, 0];
[0.425, 11.0, 11.667, 0.866];[0.437, 15.0, 10.667, 0.829];[0, 1];
[0.468, 15.0, 12.333, 0.847];[0.496, 13.333, 10.0, 0.858];[1, 0];
[0.45, 15.0, 11.333, 0.827];[0.491, 15.0, 10.0, 0.862];[0, 1];
[0.452, 9.667, 9.667, 0.707];[0.449, 11.667, 6.667, 0.628];[1, 0];
[0.445, 15.333, 11.0, 0.704];[0.482, 16.0, 13.0, 0.767];[1, 0];
[0.469, 9.0, 15.667, 0.832];[0.436, 13.667, 10.0, 0.781];[0, 1];
[0.476, 13.333, 14.667, 0.79];[0.509, 12.667, 9.667, 0.696];[0, 1];
[0.45, 12.667, 7.667, 0.717];[0.464, 15.333, 12.0, 0.811];[0, 1];
[0.506, 13.333, 6.333, 0.769];[0.451, 13.333, 10.667, 0.782];[0, 1];
[0.435, 14.333, 12.0, 0.722];[0.449, 13.333, 10.0, 0.795];[1, 0];
[0.449, 13.0, 6.667, 0.715];[0.492, 14.0, 6.667, 0.688];[1, 0];
[0.502, 10.333, 11.667, 0.693];[0.485, 11.333, 8.333, 0.788];[0, 1];
[0.465, 13.667, 11.667, 0.858];[0.492, 17.333, 14.0, 0.814];[1, 0];
[0.563, 12.333, 9.333, 0.727];[0.492, 18.667, 13.667, 0.843];[1, 0];
[0.456, 17.333, 15.333, 0.742];[0.504, 15.333, 9.667, 0.767];[0, 1];
[0.469, 14.0, 13.0, 0.594];[0.327, 10.0, 16.0, 0.762];[0, 1];
[0.448, 12.667, 12.667, 0.782];[0.44, 13.333, 8.0, 0.735];[1, 0];
[0.512, 14.0, 13.333, 0.623];[0.405, 13.333, 12.333, 0.749];[0, 1];
[0.429, 9.0, 14.0, 0.818];[0.469, 14.0, 13.0, 0.594];[1, 0];
[0.482, 13.0, 13.667, 0.837];[0.413, 12.0, 9.333, 0.824];[1, 0];
[0.478, 18.333, 12.667, 0.654];[0.458, 14.333, 10.0, 0.816];[1, 0];
[0.503, 12.667, 7.667, 0.712];[0.456, 10.0, 7.333, 0.795];[0, 1];
[0.4, 16.667, 8.0, 0.81];[0.445, 18.667, 12.333, 0.767];[0, 1];
[0.462, 14.667, 16.333, 0.71];[0.485, 14.333, 12.0, 0.802];[0, 1];
[0.464, 16.333, 9.667, 0.849];[0.502, 14.667, 13.0, 0.761];[1, 0];
[0.466, 15.0, 8.333, 0.841];[0.508, 7.333, 13.0, 0.629];[0, 1];
[0.46, 9.667, 13.0, 0.811];[0.456, 17.333, 11.0, 0.719];[1, 0];
[0.481, 15.333, 12.667, 0.702];[0.467, 14.667, 9.0, 0.769];[0, 1];
[0.444, 9.667, 9.333, 0.667];[0.466, 14.0, 15.333, 0.667];[1, 0];
[0.41, 14.0, 14.0, 0.779];[0.449, 13.667, 12.0, 0.713];[0, 1];
[0.459, 18.333, 14.333, 0.876];[0.446, 14.0, 15.0, 0.718];[0, 1];
[0.48, 14.667, 10.667, 0.725];[0.482, 13.667, 12.333, 0.769];[1, 0];
[0.429, 17.0, 11.333, 0.755];[0.502, 18.333, 14.667, 0.783];[1, 0];
[0.531, 15.333, 9.333, 0.779];[0.471, 15.0, 10.667, 0.819];[1, 0];
[0.463, 13.667, 11.333, 0.729];[0.438, 13.0, 9.0, 0.733];[1, 0];
[0.504, 15.667, 9.333, 0.81];[0.477, 15.0, 10.667, 0.679];[1, 0];
[0.398, 13.333, 12.0, 0.725];[0.413, 14.667, 15.667, 0.802];[1, 0];
[0.415, 16.333, 10.333, 0.734];[0.446, 13.0, 16.333, 0.694];[1, 0];
[0.471, 12.0, 11.333, 0.698];[0.422, 15.333, 9.667, 0.78];[1, 0];
[0.5, 11.333, 9.0, 0.727];[0.467, 16.333, 7.333, 0.783];[1, 0];
[0.44, 14.0, 10.333, 0.701];[0.42, 17.0, 6.0, 0.615];[0, 1];
[0.456, 11.333, 9.667, 0.857];[0.477, 17.667, 11.0, 0.709];[0, 1];
[0.452, 16.0, 12.0, 0.67];[0.427, 15.667, 11.0, 0.714];[0, 1];
[0.416, 13.333, 10.333, 0.817];[0.459, 14.0, 6.667, 0.708];[1, 0];
[0.455, 11.667, 8.667, 0.767];[0.517, 14.333, 8.0, 0.666];[1, 0];
[0.461, 13.0, 11.333, 0.779];[0.438, 11.667, 13.333, 0.762];[1, 0];
[0.443, 16.0, 8.667, 0.884];[0.481, 14.0, 11.333, 0.878];[0, 1];
[0.44, 13.667, 8.0, 0.662];[0.465, 13.0, 10.667, 0.779];[0, 1];
[0.482, 14.667, 10.667, 0.772];[0.457, 9.333, 8.0, 0.696];[0, 1];
[0.436, 14.667, 11.0, 0.839];[0.472, 13.333, 9.333, 0.68];[0, 1];
[0.479, 13.667, 11.0, 0.79];[0.415, 13.0, 11.333, 0.733];[1, 0];
[0.451, 12.667, 10.333, 0.674];[0.547, 16.333, 9.0, 0.732];[0, 1];
[0.445, 11.0, 12.0, 0.703];[0.437, 11.0, 11.667, 0.792];[0, 1];
[0.463, 8.667, 12.667, 0.776];[0.442, 12.667, 6.0, 0.8];[0, 1];
[0.459, 12.667, 9.333, 0.763];[0.406, 12.333, 11.333, 0.835];[1, 0];
[0.422, 15.0, 8.667, 0.782];[0.412, 12.0, 11.333, 0.795];[1, 0];
[0.456, 12.333, 10.667, 0.785];[0.486, 13.333, 10.667, 0.826];[0, 1];
[0.459, 14.333, 10.333, 0.784];[0.445, 15.667, 15.0, 0.748];[0, 1];
[0.437, 13.0, 12.0, 0.727];[0.449, 8.0, 11.667, 0.775];[0, 1];
[0.534, 17.667, 8.0, 0.671];[0.443, 17.667, 12.667, 0.901];[1, 0];
[0.471, 12.333, 10.667, 0.755];[0.493, 11.667, 8.333, 0.757];[1, 0];
[0.458, 9.667, 8.667, 0.795];[0.47, 12.0, 9.333, 0.703];[0, 1];
[0.488, 15.0, 10.667, 0.745];[0.452, 14.333, 11.333, 0.705];[1, 0];
[0.416, 10.333, 10.667, 0.718];[0.427, 8.667, 17.0, 0.71];[1, 0];
[0.438, 12.333, 11.0, 0.833];[0.402, 10.667, 13.333, 0.814];[1, 0];
[0.442, 10.667, 10.667, 0.668];[0.473, 9.667, 12.0, 0.689];[0, 1];
[0.488, 14.333, 11.667, 0.687];[0.442, 12.0, 13.0, 0.734];[1, 0];
[0.422, 11.333, 14.333, 0.884];[0.438, 12.667, 14.667, 0.835];[0, 1];
[0.426, 12.667, 10.667, 0.711];[0.452, 10.333, 10.333, 0.777];[1, 0];
[0.485, 11.0, 12.333, 0.663];[0.467, 16.667, 12.667, 0.806];[1, 0];
[0.416, 11.0, 15.0, 0.75];[0.441, 15.667, 12.667, 0.806];[1, 0];
[0.467, 10.667, 7.0, 0.657];[0.413, 12.333, 13.0, 0.874];[0, 1];
[0.476, 18.0, 14.0, 0.743];[0.51, 11.667, 9.333, 0.714];[1, 0];
[0.47, 12.0, 14.0, 0.713];[0.464, 8.333, 8.0, 0.751];[0, 1];
[0.489, 14.667, 13.0, 0.777];[0.449, 13.333, 13.0, 0.786];[1, 0];
[0.488, 12.333, 11.333, 0.778];[0.465, 14.333, 13.0, 0.834];[0, 1];
[0.436, 14.667, 14.333, 0.858];[0.453, 18.0, 11.667, 0.81];[1, 0];
[0.458, 12.667, 14.667, 0.788];[0.512, 12.333, 13.667, 0.826];[1, 0];
[0.467, 12.0, 13.0, 0.828];[0.484, 13.333, 13.333, 0.751];[0, 1];
[0.449, 11.0, 9.333, 0.85];[0.449, 13.0, 10.667, 0.823];[1, 0];
[0.503, 12.333, 7.667, 0.71];[0.366, 19.333, 9.333, 0.706];[0, 1];
[0.449, 18.333, 10.333, 0.682];[0.516, 19.0, 8.333, 0.84];[1, 0];
[0.424, 14.0, 10.333, 0.699];[0.437, 13.333, 10.0, 0.781];[0, 1];
[0.477, 14.0, 13.333, 0.772];[0.474, 15.333, 12.333, 0.778];[1, 0];
[0.492, 13.333, 9.333, 0.759];[0.509, 14.333, 9.333, 0.736];[1, 0];
[0.456, 17.0, 10.333, 0.83];[0.45, 12.333, 14.0, 0.682];[1, 0];
[0.487, 10.667, 7.0, 0.875];[0.449, 15.667, 10.667, 0.675];[1, 0];
[0.486, 12.0, 11.0, 0.792];[0.44, 16.0, 10.333, 0.801];[1, 0];
[0.484, 14.333, 9.333, 0.724];[0.424, 14.333, 11.0, 0.644];[1, 0];
[0.462, 15.333, 9.667, 0.654];[0.48, 12.333, 8.333, 0.69];[1, 0];
[0.469, 18.0, 9.333, 0.841];[0.488, 13.0, 12.333, 0.778];[0, 1];
[0.502, 13.333, 13.333, 0.816];[0.452, 14.0, 8.667, 0.719];[1, 0];
[0.478, 18.0, 11.0, 0.76];[0.469, 13.667, 13.0, 0.756];[1, 0];
[0.434, 12.0, 17.0, 0.791];[0.488, 12.0, 15.667, 0.741];[1, 0];
[0.483, 11.333, 13.0, 0.74];[0.513, 11.667, 11.667, 0.82];[0, 1];
[0.492, 13.0, 10.667, 0.801];[0.451, 14.333, 13.333, 0.818];[1, 0];
[0.428, 10.667, 10.667, 0.663];[0.479, 14.333, 7.667, 0.822];[1, 0];
[0.458, 11.0, 9.0, 0.804];[0.412, 12.333, 14.0, 0.813];[0, 1];
[0.433, 14.667, 10.333, 0.667];[0.47, 10.667, 10.667, 0.819];[1, 0];
[0.474, 15.0, 15.667, 0.734];[0.46, 14.333, 7.0, 0.766];[1, 0];
[0.476, 12.0, 9.0, 0.783];[0.437, 14.0, 9.333, 0.811];[0, 1];
[0.441, 11.0, 12.0, 0.822];[0.416, 10.667, 10.333, 0.718];[0, 1];
[0.447, 15.0, 12.333, 0.766];[0.412, 11.667, 14.667, 0.806];[1, 0];
[0.4, 12.333, 13.0, 0.835];[0.429, 14.667, 11.333, 0.657];[0, 1];
[0.459, 12.0, 14.333, 0.735];[0.444, 8.667, 12.667, 0.754];[1, 0];
[0.446, 12.0, 11.333, 0.895];[0.457, 11.0, 14.667, 0.793];[1, 0];
[0.462, 12.333, 10.333, 0.666];[0.445, 13.0, 12.0, 0.836];[0, 1];
[0.413, 12.333, 12.0, 0.737];[0.507, 11.0, 11.667, 0.729];[0, 1];
[0.419, 11.667, 9.667, 0.749];[0.436, 10.667, 11.667, 0.711];[0, 1];
[0.474, 13.0, 7.667, 0.675];[0.427, 13.333, 9.333, 0.743];[1, 0];
[0.408, 15.0, 20.0, 0.831];[0.507, 12.667, 7.667, 0.757];[1, 0];
[0.465, 12.667, 11.333, 0.737];[0.465, 11.667, 7.333, 0.813];[1, 0];
[0.408, 9.667, 12.333, 0.832];[0.452, 16.0, 9.333, 0.745];[1, 0];
[0.491, 12.667, 13.667, 0.727];[0.43, 10.667, 8.667, 0.933];[0, 1];
[0.443, 12.333, 12.333, 0.806];[0.467, 14.333, 9.667, 0.844];[1, 0];
[0.467, 13.333, 11.333, 0.773];[0.438, 17.333, 15.333, 0.704];[1, 0];
[0.448, 17.0, 10.667, 0.85];[0.447, 14.0, 12.0, 0.789];[1, 0];
[0.411, 13.667, 9.333, 0.838];[0.497, 11.0, 11.667, 0.709];[0, 1];
[0.578, 18.333, 10.0, 0.679];[0.472, 12.0, 5.667, 0.845];[1, 0];
[0.452, 14.667, 9.333, 0.887];[0.416, 11.0, 14.0, 0.694];[1, 0];
[0.476, 16.0, 11.0, 0.705];[0.458, 10.333, 10.333, 0.854];[1, 0];
[0.47, 16.333, 10.333, 0.837];[0.419, 11.333, 13.0, 0.817];[1, 0];
[0.429, 12.667, 9.667, 0.751];[0.387, 14.333, 8.667, 0.809];[0, 1];
[0.436, 10.0, 12.0, 0.881];[0.471, 13.667, 9.333, 0.728];[0, 1];
[0.488, 12.0, 11.333, 0.836];[0.519, 14.0, 11.0, 0.683];[1, 0];
[0.436, 15.0, 13.333, 0.759];[0.469, 10.333, 7.0, 0.9];[1, 0];
[0.498, 8.667, 10.333, 0.74];[0.49, 13.333, 12.333, 0.741];[1, 0];
[0.446, 10.667, 10.0, 0.822];[0.488, 12.667, 15.0, 0.759];[1, 0];
[0.486, 15.667, 11.333, 0.791];[0.484, 10.667, 8.0, 0.783];[1, 0];
[0.396, 11.667, 13.0, 0.834];[0.467, 11.667, 10.333, 0.744];[0, 1];
[0.436, 9.0, 13.0, 0.71];[0.482, 14.333, 9.0, 0.832];[1, 0];
[0.517, 14.0, 10.0, 0.806];[0.452, 13.667, 12.333, 0.822];[1, 0];
[0.397, 12.333, 17.0, 0.745];[0.456, 13.0, 10.667, 0.835];[1, 0];
[0.456, 12.667, 13.333, 0.815];[0.492, 10.333, 11.333, 0.734];[0, 1];
[0.428, 15.667, 11.333, 0.847];[0.465, 15.0, 12.333, 0.782];[0, 1];
[0.426, 10.333, 16.333, 0.829];[0.456, 11.333, 11.0, 0.723];[0, 1];
[0.56, 13.333, 11.667, 0.744];[0.463, 14.667, 9.0, 0.77];[1, 0];
[0.413, 8.667, 10.333, 0.729];[0.44, 9.333, 9.0, 0.791];[0, 1];
[0.468, 17.333, 11.0, 0.846];[0.498, 14.0, 10.0, 0.776];[0, 1];
[0.499, 8.667, 10.0, 0.729];[0.421, 11.0, 10.333, 0.844];[1, 0];
[0.449, 14.667, 15.667, 0.862];[0.443, 14.0, 16.333, 0.845];[1, 0];
[0.45, 13.667, 13.0, 0.779];[0.494, 14.333, 12.667, 0.787];[0, 1];
[0.486, 15.0, 13.0, 0.655];[0.438, 20.0, 9.0, 0.769];[0, 1];
[0.399, 8.333, 14.333, 0.731];[0.481, 13.0, 9.667, 0.86];[1, 0];
[0.419, 14.333, 12.0, 0.741];[0.484, 17.667, 11.667, 0.835];[0, 1];
[0.449, 12.333, 10.333, 0.816];[0.475, 13.667, 10.333, 0.776];[0, 1];
[0.462, 15.0, 9.333, 0.782];[0.475, 16.0, 9.0, 0.78];[1, 0];
[0.486, 9.0, 8.333, 0.749];[0.433, 8.667, 9.0, 0.665];[1, 0];
[0.49, 10.333, 10.667, 0.735];[0.447, 14.667, 12.0, 0.869];[1, 0];
[0.497, 17.0, 11.333, 0.749];[0.485, 15.333, 12.667, 0.839];[1, 0];
[0.476, 12.667, 11.667, 0.767];[0.45, 13.0, 15.333, 0.817];[1, 0];
[0.484, 15.0, 9.0, 0.782];[0.454, 12.667, 12.333, 0.841];[1, 0];
[0.467, 9.333, 7.333, 0.863];[0.455, 18.0, 11.667, 0.799];[0, 1];
[0.501, 11.333, 9.0, 0.793];[0.426, 13.0, 8.0, 0.819];[1, 0];
[0.459, 13.0, 8.667, 0.72];[0.475, 13.333, 11.667, 0.671];[1, 0];
[0.46, 15.667, 9.667, 0.769];[0.418, 18.0, 10.667, 0.764];[1, 0];
[0.488, 12.0, 11.0, 0.764];[0.466, 15.333, 11.333, 0.735];[1, 0];
[0.442, 11.333, 9.0, 0.828];[0.448, 18.667, 16.0, 0.826];[1, 0];
[0.452, 13.0, 8.333, 0.799];[0.435, 19.667, 12.0, 0.724];[1, 0];
[0.479, 11.0, 17.333, 0.786];[0.443, 15.667, 16.0, 0.778];[1, 0];
[0.457, 15.667, 13.333, 0.798];[0.457, 16.333, 11.667, 0.815];[0, 1];
[0.438, 19.0, 13.0, 0.71];[0.407, 12.0, 12.0, 0.852];[0, 1];
[0.443, 11.0, 12.333, 0.741];[0.499, 8.0, 10.0, 0.76];[1, 0];
[0.479, 18.333, 8.667, 0.808];[0.444, 13.0, 15.0, 0.869];[0, 1];
[0.445, 11.0, 13.333, 0.792];[0.43, 18.0, 14.0, 0.804];[1, 0];
[0.489, 13.667, 14.333, 0.778];[0.481, 15.667, 9.0, 0.744];[0, 1];
[0.495, 10.0, 9.333, 0.726];[0.429, 16.0, 14.667, 0.764];[1, 0];
[0.473, 13.0, 9.333, 0.771];[0.438, 12.333, 13.0, 0.768];[1, 0];
[0.476, 12.667, 11.0, 0.763];[0.44, 16.0, 11.0, 0.77];[0, 1];
[0.498, 16.667, 11.667, 0.724];[0.519, 14.333, 9.0, 0.808];[1, 0];
[0.489, 13.667, 6.667, 0.796];[0.415, 12.0, 13.333, 0.666];[1, 0];
[0.507, 18.667, 8.333, 0.71];[0.453, 12.0, 12.0, 0.757];[1, 0];
[0.454, 9.667, 10.667, 0.829];[0.423, 9.333, 7.0, 0.757];[0, 1];
[0.484, 11.667, 9.667, 0.721];[0.485, 13.333, 9.333, 0.724];[1, 0];
[0.409, 15.667, 10.667, 0.623];[0.446, 8.0, 10.667, 0.774];[1, 0];
