[0.458, 13.333, 9.333, 0.72];[0.451, 10.333, 11.333, 0.841];[1, 0];
[0.427, 13.667, 10.667, 0.836];[0.483, 15.0, 8.667, 0.806];[1, 0];
[0.42, 10.0, 5.333, 0.806];[0.453, 12.0, 11.0, 0.755];[0, 1];
[0.507, 12.333, 7.667, 0.862];[0.479, 13.0, 7.333, 0.803];[1, 0];
[0.463, 14.667, 14.333, 0.725];[0.493, 10.333, 11.333, 0.866];[0, 1];
[0.433, 13.667, 13.333, 0.84];[0.44, 6.0, 7.667, 0.826];[1, 0];
[0.47, 14.0, 7.333, 0.797];[0.391, 16.333, 8.667, 0.806];[1, 0];
[0.45, 12.0, 10.333, 0.725];[0.466, 12.0, 5.667, 0.767];[0, 1];
[0.414, 9.333, 14.333, 0.675];[0.455, 13.333, 11.0, 0.785];[0, 1];
[0.469, 11.333, 7.333, 0.75];[0.499, 13.333, 11.0, 0.777];[0, 1];
[0.434, 11.333, 11.0, 0.758];[0.442, 10.333, 13.0, 0.843];[1, 0];
[0.422, 13.0, 12.667, 0.835];[0.442, 12.667, 10.333, 0.754];[1, 0];
[0.465, 11.0, 7.0, 0.632];[0.455, 12.667, 12.333, 0.743];[1, 0];
[0.438, 10.667, 8.667, 0.852];[0.467, 8.0, 6.333, 0.785];[1, 0];
[0.438, 15.333, 8.667, 0.784];[0.49, 14.333, 10.333, 0.709];[0, 1];
[0.531, 16.667, 11.0, 0.73];[0.394, 16.333, 9.667, 0.752];[1, 0];
[0.45, 10.667, 6.667, 0.869];[0.486, 11.667, 5.667, 0.82];[1, 0];
[0.45, 14.667, 6.0, 0.829];[0.464, 13.333, 8.667, 0.761];[1, 0];
[0.442, 14.0, 10.333, 0.783];[0.49, 18.0, 14.667, 0.858];[1, 0];
[0.499, 16.0, 8.667, 0.851];[0.471, 14.0, 5.333, 0.817];[0, 1];
[0.444, 11.0, 9.0, 0.687];[0.457, 12.0, 9.667, 0.752];[1, 0];
[0.489, 11.333, 5.0, 0.809];[0.462, 18.333, 13.333, 0.753];[1, 0];
[0.479, 14.0, 9.333, 0.818];[0.456, 17.667, 13.667, 0.84];[1, 0];
[0.445, 10.667, 6.667, 0.797];[0.417, 11.667, 8.667, 0.819];[1, 0];
[0.455, 9.667, 10.333, 0.858];[0.493, 13.667, 12.667, 0.797];[0, 1];
[0.48, 12.0, 7.0, 0.712];[0.431, 14.333, 11.0, 0.769];[1, 0];
[0.378, 12.0, 13.333, 0.84];[0.421, 16.667, 10.667, 0.76];[1, 0];
[0.468, 11.333, 9.333, 0.867];[0.452, 14.0, 8.333, 0.876];[0, 1];
[0.402, 15.0, 9.667, 0.862];[0.473, 13.333, 7.667, 0.795];[0, 1];
[0.482, 16.0, 11.0, 0.714];[0.432, 13.0, 8.667, 0.798];[0, 1];
[0.411, 10.333, 10.667, 0.823];[0.489, 15.333, 8.0, 0.688];[0, 1];
[0.446, 18.0, 12.667, 0.71];[0.467, 10.0, 13.333, 0.77];[0, 1];
[0.443, 9.667, 10.0, 0.881];[0.45, 16.333, 8.0, 0.708];[0, 1];
[0.492, 17.667, 8.0, 0.777];[0.42, 13.333, 11.667, 0.735];[1, 0];
[0.439, 15.667, 11.667, 0.75];[0.419, 15.333, 11.0, 0.769];[0, 1];
[0.524, 12.667, 9.667, 0.789];[0.53, 12.667, 9.667, 0.701];[1, 0];
[0.424, 11.333, 12.333, 0.799];[0.408, 14.333, 7.667, 0.737];[1, 0];
[0.504, 9.0, 10.333, 0.846];[0.481, 8.667, 5.667, 0.842];[1, 0];
[0.496, 14.0, 8.667, 0.81];[0.405, 16.0, 7.667, 0.786];[1, 0];
[0.481, 14.0, 9.667, 0.784];[0.492, 18.0, 10.0, 0.832];[0, 1];
[0.437, 11.667, 9.333, 0.826];[0.466, 13.0, 12.0, 0.746];[0, 1];
[0.526, 10.333, 7.667, 0.767];[0.453, 11.667, 10.333, 0.762];[0, 1];
[0.46, 16.0, 13.333, 0.742];[0.51, 11.667, 7.667, 0.768];[1, 0];
[0.53, 15.667, 12.333, 0.756];[0.474, 17.0, 11.0, 0.801];[1, 0];
[0.484, 14.667, 8.0, 0.765];[0.434, 11.667, 15.333, 0.788];[1, 0];
[0.456, 9.0, 9.0, 0.889];[0.417, 22.0, 14.0, 0.737];[1, 0];
[0.459, 10.333, 5.667, 0.835];[0.496, 11.333, 8.333, 0.742];[1, 0];
[0.457, 16.0, 12.667, 0.83];[0.485, 15.333, 13.0, 0.848];[0, 1];
[0.489, 13.0, 12.0, 0.777];[0.473, 13.667, 10.333, 0.737];[0, 1];
[0.443, 13.0, 11.0, 0.726];[0.454, 18.0, 7.0, 0.772];[0, 1];
[0.462, 11.0, 11.333, 0.818];[0.419, 18.333, 10.333, 0.826];[1, 0];
[0.457, 8.667, 6.0, 0.858];[0.468, 11.333, 11.333, 0.856];[0, 1];
[0.477, 11.0, 8.667, 0.789];[0.412, 17.333, 10.667, 0.751];[1, 0];
[0.489, 11.333, 8.667, 0.672];[0.455, 15.333, 9.667, 0.831];[0, 1];
[0.437, 12.333, 9.667, 0.803];[0.52, 17.667, 10.0, 0.803];[0, 1];
[0.488, 12.667, 7.667, 0.77];[0.406, 11.333, 14.667, 0.758];[1, 0];
[0.477, 13.333, 10.667, 0.749];[0.35, 20.0, 4.0, 0.733];[1, 0];
[0.407, 14.0, 12.667, 0.805];[0.466, 18.0, 17.667, 0.85];[1, 0];
[0.395, 13.333, 10.0, 0.752];[0.478, 12.333, 10.0, 0.77];[0, 1];
[0.438, 9.0, 6.0, 0.833];[0.381, 14.0, 11.0, 0.762];[0, 1];
[0.434, 16.0, 10.0, 0.736];[0.432, 13.333, 8.333, 0.743];[1, 0];
[0.484, 10.333, 5.667, 0.79];[0.451, 16.333, 7.333, 0.948];[1, 0];
[0.413, 14.333, 10.0, 0.754];[0.472, 16.0, 7.333, 0.75];[1, 0];
[0.473, 11.667, 11.333, 0.809];[0.482, 13.0, 6.667, 0.759];[1, 0];
[0.389, 18.0, 18.0, 0.944];[0.378, 13.0, 14.0, 0.65];[1, 0];
[0.407, 16.333, 12.0, 0.781];[0.465, 16.0, 9.333, 0.752];[0, 1];
[0.538, 15.0, 8.667, 0.659];[0.423, 15.667, 12.333, 0.849];[1, 0];
[0.443, 13.0, 9.667, 0.79];[0.461, 14.333, 10.0, 0.846];[1, 0];
[0.461, 14.0, 6.333, 0.787];[0.455, 14.0, 6.667, 0.781];[0, 1];
[0.451, 11.667, 8.333, 0.847];[0.449, 11.667, 7.667, 0.895];[0, 1];
[0.454, 18.0, 9.0, 0.871];[0.422, 14.333, 11.0, 0.785];[0, 1];
[0.461, 9.333, 8.0, 0.718];[0.447, 17.0, 12.0, 0.708];[1, 0];
[0.53, 12.333, 7.333, 0.747];[0.451, 13.667, 8.667, 0.807];[1, 0];
[0.463, 16.0, 12.0, 0.761];[0.465, 17.0, 8.667, 0.757];[1, 0];
[0.452, 14.0, 10.333, 0.8];[0.474, 15.333, 7.667, 0.785];[0, 1];
[0.544, 17.333, 8.333, 0.841];[0.417, 14.333, 13.0, 0.779];[1, 0];
[0.516, 14.667, 12.333, 0.679];[0.423, 13.0, 13.333, 0.783];[1, 0];
[0.456, 10.667, 8.0, 0.889];[0.446, 14.333, 7.667, 0.792];[0, 1];
[0.484, 12.667, 9.333, 0.858];[0.403, 9.333, 8.333, 0.813];[1, 0];
[0.435, 11.667, 7.667, 0.757];[0.495, 13.333, 12.0, 0.709];[0, 1];
[0.482, 11.667, 10.333, 0.817];[0.44, 16.0, 13.0, 0.722];[0, 1];
[0.469, 13.333, 10.667, 0.874];[0.41, 8.333, 11.333, 0.765];[1, 0];
[0.48, 11.667, 11.667, 0.742];[0.464, 14.0, 8.333, 0.803];[1, 0];
[0.527, 11.333, 7.333, 0.762];[0.476, 10.667, 10.0, 0.759];[0, 1];
[0.503, 11.0, 6.333, 0.736];[0.465, 10.667, 5.333, 0.742];[1, 0];
[0.498, 11.0, 10.0, 0.659];[0.459, 12.333, 8.667, 0.774];[1, 0];
[0.455, 10.667, 9.333, 0.779];[0.417, 11.667, 13.667, 0.854];[1, 0];
[0.499, 11.0, 10.333, 0.737];[0.444, 15.0, 9.667, 0.811];[1, 0];
[0.487, 17.667, 9.333, 0.838];[0.415, 12.667, 13.333, 0.787];[0, 1];
[0.392, 12.333, 13.0, 0.787];[0.522, 13.333, 8.0, 0.743];[1, 0];
[0.467, 16.667, 12.333, 0.572];[0.457, 11.667, 8.667, 0.789];[0, 1];
[0.406, 12.0, 7.333, 0.787];[0.468, 9.0, 7.667, 0.71];[0, 1];
[0.44, 11.0, 15.0, 0.768];[0.515, 13.667, 9.0, 0.662];[0, 1];
[0.512, 12.667, 11.0, 0.784];[0.427, 16.0, 11.667, 0.793];[0, 1];
[0.467, 11.0, 8.333, 0.754];[0.461, 15.0, 8.333, 0.825];[1, 0];
[0.448, 11.333, 9.0, 0.852];[0.466, 10.667, 7.333, 0.854];[1, 0];
[0.381, 14.333, 13.667, 0.825];[0.471, 12.333, 9.667, 0.829];[0, 1];
[0.47, 14.667, 11.333, 0.879];[0.454, 11.333, 10.333, 0.854];[1, 0];
[0.463, 14.0, 8.0, 0.831];[0.425, 15.667, 12.0, 0.811];[0, 1];
[0.503, 15.667, 11.667, 0.772];[0.486, 12.333, 5.333, 0.728];[0, 1];
[0.413, 14.0, 13.0, 0.7];[0.459, 14.0, 9.0, 0.75];[0, 1];
[0.457, 17.333, 12.667, 0.634];[0.484, 14.0, 9.0, 0.893];[0, 1];
[0.426, 18.0, 11.0, 0.729];[0.463, 15.333, 6.667, 0.778];[1, 0];
[0.444, 13.0, 8.333, 0.843];[0.502, 14.0, 8.333, 0.767];[0, 1];
[0.477, 14.667, 10.0, 0.84];[0.409, 11.0, 14.0, 0.753];[1, 0];
[0.468, 10.667, 13.0, 0.8];[0.496, 14.333, 12.667, 0.871];[1, 0];
[0.469, 11.667, 8.667, 0.794];[0.464, 10.0, 6.0, 0.796];[0, 1];
[0.422, 10.667, 8.0, 0.762];[0.434, 11.333, 7.667, 0.786];[1, 0];
[0.498, 10.667, 9.333, 0.848];[0.453, 13.333, 8.333, 0.714];[0, 1];
[0.399, 15.0, 7.333, 0.81];[0.454, 16.333, 10.333, 0.81];[0, 1];
[0.478, 14.667, 9.333, 0.839];[0.425, 17.667, 14.667, 0.803];[1, 0];
[0.477, 14.667, 8.667, 0.783];[0.431, 12.333, 10.0, 0.763];[1, 0];
[0.452, 11.667, 11.667, 0.841];[0.481, 10.333, 10.333, 0.794];[0, 1];
[0.472, 11.667, 8.667, 0.77];[0.465, 13.0, 11.333, 0.715];[1, 0];
[0.465, 14.0, 13.0, 0.824];[0.476, 9.333, 3.667, 0.75];[1, 0];
[0.452, 14.333, 13.333, 0.68];[0.431, 14.667, 10.333, 0.775];[1, 0];
[0.456, 11.333, 12.667, 0.774];[0.409, 14.667, 13.333, 0.777];[1, 0];
[0.414, 11.333, 16.0, 0.773];[0.438, 15.667, 13.0, 0.747];[0, 1];
[0.478, 12.0, 9.667, 0.872];[0.433, 14.0, 9.333, 0.791];[0, 1];
[0.415, 10.667, 10.333, 0.888];[0.484, 12.0, 6.667, 0.809];[0, 1];
[0.435, 13.0, 10.667, 0.802];[0.503, 14.0, 7.333, 0.886];[0, 1];
[0.457, 13.0, 8.667, 0.759];[0.481, 13.667, 6.667, 0.833];[1, 0];
[0.484, 15.0, 8.333, 0.758];[0.457, 12.0, 8.667, 0.767];[1, 0];
[0.446, 12.333, 12.0, 0.645];[0.415, 13.333, 12.333, 0.769];[1, 0];
[0.475, 14.333, 7.667, 0.732];[0.485, 12.0, 8.333, 0.712];[1, 0];
[0.494, 13.667, 8.333, 0.796];[0.447, 10.0, 9.667, 0.721];[0, 1];
[0.486, 11.333, 10.333, 0.744];[0.468, 14.667, 12.0, 0.814];[1, 0];
[0.418, 13.333, 10.667, 0.761];[0.423, 13.333, 15.333, 0.724];[1, 0];
[0.436, 16.0, 10.333, 0.813];[0.471, 17.333, 8.0, 0.732];[0, 1];
[0.464, 12.667, 10.667, 0.844];[0.423, 12.0, 12.0, 0.851];[0, 1];
[0.486, 15.0, 12.333, 0.915];[0.468, 9.667, 9.0, 0.742];[1, 0];
[0.477, 16.667, 10.0, 0.698];[0.473, 9.667, 13.0, 0.789];[1, 0];
[0.45, 14.0, 9.667, 0.813];[0.464, 13.0, 10.333, 0.756];[1, 0];
[0.475, 11.667, 7.0, 0.871];[0.471, 13.0, 10.667, 0.778];[1, 0];
[0.389, 9.333, 7.667, 0.795];[0.436, 14.667, 10.0, 0.691];[0, 1];
[0.435, 13.333, 14.333, 0.73];[0.433, 12.333, 8.667, 0.799];[0, 1];
[0.464, 13.0, 11.667, 0.678];[0.485, 14.333, 10.667, 0.897];[0, 1];
[0.472, 11.667, 9.0, 0.699];[0.436, 11.0, 11.0, 0.843];[1, 0];
[0.393, 16.333, 13.667, 0.851];[0.421, 21.0, 8.333, 0.715];[0, 1];
[0.529, 13.0, 11.0, 0.887];[0.456, 11.333, 8.0, 0.675];[1, 0];
[0.459, 14.333, 6.667, 0.7];[0.45, 16.333, 6.667, 0.733];[1, 0];
[0.452, 17.0, 9.333, 0.738];[0.469, 16.333, 10.0, 0.838];[0, 1];
[0.41, 13.333, 7.667, 0.855];[0.461, 12.0, 10.0, 0.788];[1, 0];
[0.454, 16.0, 12.0, 0.776];[0.451, 13.667, 12.667, 0.781];[1, 0];
[0.414, 19.333, 17.333, 0.84];[0.453, 10.0, 13.667, 0.762];[0, 1];
[0.458, 12.333, 10.0, 0.785];[0.447, 15.333, 11.333, 0.703];[0, 1];
[0.469, 11.667, 8.667, 0.802];[0.498, 9.0, 9.0, 0.806];[1, 0];
[0.407, 12.333, 8.333, 0.804];[0.419, 14.333, 8.667, 0.691];[1, 0];
[0.481, 11.667, 9.667, 0.782];[0.437, 15.333, 12.0, 0.703];[1, 0];
[0.48, 13.0, 10.333, 0.713];[0.46, 13.0, 12.667, 0.837];[0, 1];
[0.494, 9.667, 9.0, 0.852];[0.469, 14.333, 9.667, 0.768];[1, 0];
[0.465, 11.333, 10.333, 0.71];[0.449, 18.333, 10.0, 0.79];[1, 0];
[0.463, 18.0, 6.333, 0.766];[0.421, 14.0, 14.667, 0.747];[1, 0];
[0.556, 13.333, 9.667, 0.837];[0.376, 16.0, 15.667, 0.713];[1, 0];
[0.423, 13.333, 15.0, 0.809];[0.381, 10.333, 14.0, 0.773];[0, 1];
[0.472, 9.333, 9.667, 0.798];[0.472, 15.0, 9.333, 0.802];[0, 1];
[0.456, 12.333, 10.333, 0.776];[0.478, 14.333, 8.333, 0.827];[1, 0];
[0.443, 14.0, 13.0, 0.841];[0.456, 14.667, 12.667, 0.721];[0, 1];
[0.467, 12.0, 10.333, 0.859];[0.438, 14.667, 11.333, 0.736];[0, 1];
[0.44, 14.0, 14.0, 0.773];[0.449, 16.333, 10.0, 0.735];[0, 1];
[0.484, 10.0, 11.0, 0.702];[0.434, 10.667, 9.667, 0.827];[0, 1];
[0.467, 15.667, 10.667, 0.761];[0.426, 11.333, 7.0, 0.79];[1, 0];
[0.452, 9.333, 8.667, 0.756];[0.431, 13.0, 14.0, 0.771];[1, 0];
[0.502, 15.0, 9.0, 0.689];[0.451, 11.333, 5.0, 0.776];[0, 1];
[0.468, 12.333, 11.0, 0.75];[0.473, 17.333, 8.333, 0.853];[0, 1];
[0.477, 11.667, 10.333, 0.862];[0.48, 16.667, 8.0, 0.707];[1, 0];
[0.511, 16.667, 8.0, 0.708];[0.466, 12.333, 8.0, 0.679];[1, 0];
[0.414, 13.0, 10.0, 0.746];[0.478, 14.667, 9.0, 0.842];[1, 0];
[0.49, 16.333, 7.667, 0.826];[0.464, 14.0, 9.0, 0.782];[1, 0];
[0.481, 11.667, 6.667, 0.811];[0.429, 14.667, 11.667, 0.811];[0, 1];
[0.473, 13.667, 13.667, 0.792];[0.46, 13.333, 13.0, 0.768];[1, 0];
[0.471, 11.333, 6.333, 0.74];[0.51, 18.333, 10.667, 0.805];[1, 0];
[0.445, 10.667, 5.0, 0.851];[0.484, 17.667, 14.667, 0.859];[0, 1];
[0.401, 13.333, 12.0, 0.732];[0.485, 13.0, 8.333, 0.749];[0, 1];
[0.46, 11.667, 8.333, 0.71];[0.486, 14.667, 7.333, 0.849];[0, 1];
[0.477, 13.667, 13.0, 0.802];[0.411, 18.0, 17.667, 0.812];[1, 0];
[0.432, 10.667, 8.333, 0.743];[0.405, 12.667, 9.667, 0.815];[0, 1];
[0.471, 13.667, 8.333, 0.79];[0.502, 12.667, 7.667, 0.79];[0, 1];
[0.481, 13.333, 8.0, 0.726];[0.451, 12.0, 10.333, 0.868];[1, 0];
[0.439, 12.333, 13.0, 0.763];[0.462, 9.333, 10.333, 0.714];[0, 1];
[0.44, 11.0, 12.0, 0.791];[0.483, 14.333, 8.667, 0.805];[0, 1];
[0.455, 14.0, 8.667, 0.759];[0.457, 13.667, 9.0, 0.785];[0, 1];
[0.487, 11.333, 9.333, 0.717];[0.414, 13.667, 11.667, 0.808];[0, 1];
[0.458, 11.0, 11.0, 0.744];[0.472, 13.333, 10.667, 0.741];[0, 1];
[0.468, 14.0, 8.333, 0.782];[0.449, 12.0, 13.333, 0.816];[1, 0];
[0.473, 12.333, 9.333, 0.793];[0.47, 17.667, 11.0, 0.796];[1, 0];
[0.471, 15.667, 8.667, 0.774];[0.48, 9.333, 5.667, 0.795];[0, 1];
[0.42, 12.333, 12.0, 0.825];[0.48, 13.667, 6.0, 0.867];[0, 1];
[0.449, 17.0, 8.667, 0.829];[0.399, 14.667, 14.667, 0.742];[1, 0];
[0.414, 7.667, 9.333, 0.886];[0.451, 12.333, 10.667, 0.872];[1, 0];
[0.467, 16.667, 9.667, 0.789];[0.408, 14.333, 15.0, 0.77];[0, 1];
[0.435, 13.0, 9.0, 0.798];[0.417, 15.333, 14.667, 0.667];[1, 0];
[0.506, 16.0, 8.0, 0.778];[0.473, 12.0, 9.0, 0.74];[1, 0];
[0.418, 10.333, 9.333, 0.856];[0.497, 12.0, 8.0, 0.753];[0, 1];
[0.434, 12.0, 9.0, 0.72];[0.493, 15.333, 9.667, 0.768];[1, 0];
[0.498, 12.333, 8.333, 0.809];[0.449, 16.333, 8.0, 0.789];[1, 0];
[0.423, 13.0, 10.667, 0.763];[0.525, 12.0, 9.0, 0.795];[1, 0];
[0.422, 10.333, 11.333, 0.808];[0.454, 14.0, 9.667, 0.835];[1, 0];
[0.481, 14.0, 10.333, 0.765];[0.406, 17.333, 17.0, 0.765];[0, 1];
[0.439, 17.333, 9.0, 0.773];[0.421, 13.667, 12.0, 0.714];[1, 0];
[0.453, 13.667, 12.0, 0.779];[0.521, 14.667, 7.0, 0.822];[0, 1];
[0.482, 12.333, 9.333, 0.777];[0.464, 13.0, 9.333, 0.785];[0, 1];
[0.419, 17.333, 14.0, 0.819];[0.501, 19.0, 11.0, 0.835];[1, 0];
[0.491, 12.667, 11.0, 0.72];[0.457, 12.667, 8.0, 0.682];[0, 1];
[0.425, 13.667, 10.0, 0.688];[0.459, 13.333, 11.0, 0.774];[0, 1];
[0.405, 16.667, 10.667, 0.817];[0.475, 16.667, 9.667, 0.807];[1, 0];
[0.431, 14.667, 9.667, 0.773];[0.506, 17.333, 8.0, 0.9];[1, 0];
[0.486, 12.0, 7.333, 0.789];[0.475, 13.667, 13.333, 0.824];[0, 1];
[0.412, 10.0, 13.0, 0.807];[0.479, 13.667, 8.667, 0.829];[0, 1];
[0.453, 13.333, 13.333, 0.713];[0.44, 11.333, 12.667, 0.746];[1, 0];
[0.465, 16.0, 9.333, 0.699];[0.415, 9.667, 11.333, 0.699];[0, 1];
[0.448, 14.333, 7.667, 0.628];[0.486, 11.0, 7.667, 0.821];[0, 1];
[0.457, 15.0, 7.667, 0.753];[0.474, 17.333, 12.0, 0.797];[0, 1];
[0.445, 14.667, 10.0, 0.737];[0.45, 16.667, 10.333, 0.772];[1, 0];
[0.474, 15.0, 9.0, 0.828];[0.499, 9.667, 10.333, 0.679];[1, 0];
[0.449, 11.0, 10.0, 0.84];[0.464, 7.667, 10.667, 0.677];[1, 0];
[0.38, 13.0, 10.0, 0.706];[0.413, 14.667, 11.0, 0.749];[1, 0];
[0.445, 11.0, 11.0, 0.75];[0.48, 12.333, 10.0, 0.756];[0, 1];
[0.451, 11.0, 10.0, 0.769];[0.502, 13.333, 7.333, 0.757];[1, 0];
[0.407, 13.333, 11.0, 0.796];[0.396, 17.0, 11.333, 0.589];[0, 1];
[0.537, 12.667, 8.333, 0.71];[0.426, 8.333, 9.0, 0.887];[1, 0];
[0.455, 12.0, 10.333, 0.833];[0.503, 11.0, 7.0, 0.775];[0, 1];
[0.454, 11.667, 10.667, 0.807];[0.44, 18.667, 11.333, 0.827];[1, 0];
[0.436, 11.667, 7.667, 0.737];[0.42, 14.667, 9.667, 0.825];[0, 1];
[0.519, 12.333, 9.667, 0.671];[0.494, 12.0, 9.667, 0.81];[1, 0];
[0.418, 15.333, 12.0, 0.647];[0.496, 11.667, 11.0, 0.755];[0, 1];
[0.467, 11.0, 8.667, 0.718];[0.482, 13.667, 8.333, 0.805];[1, 0];
[0.489, 15.0, 8.333, 0.628];[0.466, 14.667, 11.333, 0.767];[0, 1];
[0.461, 13.0, 8.667, 0.795];[0.474, 12.333, 9.333, 0.855];[1, 0];
[0.47, 11.0, 8.333, 0.73];[0.465, 15.0, 9.0, 0.783];[0, 1];
[0.422, 11.667, 12.0, 0.723];[0.472, 12.333, 9.333, 0.749];[1, 0];
[0.507, 11.0, 6.667, 0.654];[0.479, 15.0, 11.333, 0.753];[1, 0];
[0.461, 14.333, 13.0, 0.824];[0.395, 9.0, 9.667, 0.726];[1, 0];
[0.434, 13.333, 14.667, 0.784];[0.48, 11.333, 7.333, 0.812];[1, 0];
[0.429, 15.667, 13.0, 0.892];[0.434, 18.0, 12.667, 0.806];[0, 1];
[0.421, 15.333, 10.333, 0.778];[0.442, 12.667, 10.667, 0.748];[1, 0];
[0.415, 13.667, 8.0, 0.791];[0.439, 12.0, 11.333, 0.728];[0, 1];
[0.437, 10.0, 5.667, 0.769];[0.461, 14.0, 11.667, 0.858];[0, 1];
[0.52, 13.0, 9.667, 0.814];[0.453, 13.333, 10.667, 0.695];[1, 0];
[0.504, 10.667, 8.333, 0.834];[0.486, 12.667, 11.0, 0.745];[1, 0];
[0.437, 14.0, 9.667, 0.711];[0.419, 19.0, 10.333, 0.776];[1, 0];
[0.461, 11.0, 15.667, 0.759];[0.491, 10.333, 10.0, 0.69];[0, 1];
[0.483, 14.0, 11.0, 0.796];[0.44, 8.667, 10.667, 0.796];[1, 0];
[0.406, 12.667, 13.667, 0.724];[0.46, 15.667, 7.333, 0.733];[0, 1];
[0.42, 12.0, 9.0, 0.703];[0.434, 15.667, 10.333, 0.78];[1, 0];
[0.444, 9.333, 13.667, 0.864];[0.45, 11.0, 12.667, 0.775];[1, 0];
[0.498, 10.667, 8.667, 0.861];[0.471, 16.667, 12.0, 0.769];[0, 1];
[0.494, 8.667, 9.333, 0.826];[0.557, 14.667, 8.667, 0.742];[0, 1];
[0.498, 13.0, 6.667, 0.753];[0.456, 11.667, 11.333, 0.73];[1, 0];
[0.454, 16.333, 12.667, 0.732];[0.52, 16.333, 9.0, 0.704];[0, 1];
[0.453, 12.0, 9.667, 0.806];[0.421, 13.0, 9.333, 0.777];[0, 1];
[0.41, 11.0, 13.0, 0.69];[0.536, 14.333, 9.0, 0.729];[0, 1];
[0.453, 13.0, 11.333, 0.843];[0.479, 11.0, 8.333, 0.776];[1, 0];
[0.424, 12.333, 10.0, 0.817];[0.479, 13.667, 10.667, 0.816];[0, 1];
[0.529, 15.0, 9.333, 0.701];[0.423, 13.0, 11.333, 0.789];[1, 0];
[0.411, 14.0, 14.333, 0.813];[0.416, 14.333, 12.0, 0.749];[1, 0];
[0.448, 13.0, 11.667, 0.835];[0.426, 9.333, 12.0, 0.861];[0, 1];
[0.429, 8.667, 6.667, 0.857];[0.455, 11.0, 7.0, 0.694];[1, 0];
[0.503, 13.667, 6.667, 0.833];[0.447, 10.0, 11.0, 0.734];[0, 1];
[0.424, 13.0, 8.667, 0.824];[0.447, 12.667, 9.0, 0.844];[1, 0];
[0.484, 11.333, 9.667, 0.792];[0.485, 14.0, 11.0, 0.734];[0, 1];
[0.427, 9.333, 6.0, 0.694];[0.437, 12.0, 10.667, 0.828];[1, 0];
[0.48, 14.333, 6.667, 0.741];[0.443, 13.333, 8.667, 0.774];[1, 0];
[0.394, 14.667, 12.333, 0.669];[0.479, 18.0, 9.333, 0.74];[1, 0];
[0.466, 11.667, 14.0, 0.704];[0.47, 16.333, 10.0, 0.809];[0, 1];
[0.406, 13.0, 12.667, 0.82];[0.477, 9.333, 9.0, 0.78];[1, 0];
[0.494, 15.333, 9.0, 0.761];[0.461, 17.333, 11.667, 0.689];[1, 0];
[0.464, 11.0, 12.667, 0.802];[0.419, 15.333, 14.0, 0.717];[1, 0];
[0.483, 15.333, 8.667, 0.878];[0.458, 14.0, 11.667, 0.773];[1, 0];
[0.483, 11.667, 6.333, 0.794];[0.422, 11.0, 10.333, 0.859];[1, 0];
[0.421, 10.333, 11.0, 0.791];[0.427, 13.333, 10.667, 0.727];[1, 0];
[0.456, 11.333, 13.667, 0.746];[0.501, 9.333, 10.333, 0.921];[0, 1];
[0.457, 10.0, 11.333, 0.864];[0.499, 15.0, 8.667, 0.703];[1, 0];
[0.427, 10.667, 10.667, 0.834];[0.433, 13.667, 10.333, 0.839];[0, 1];
[0.483, 9.0, 8.333, 0.796];[0.475, 13.667, 10.333, 0.761];[0, 1];
[0.48, 21.0, 12.667, 0.794];[0.401, 11.333, 13.0, 0.753];[1, 0];
[0.442, 15.667, 9.667, 0.701];[0.443, 15.0, 9.667, 0.777];[1, 0];
[0.476, 12.333, 8.333, 0.767];[0.473, 13.667, 10.0, 0.772];[0, 1];
[0.432, 16.333, 7.667, 0.784];[0.48, 16.0, 9.0, 0.698];[0, 1];
[0.458, 11.0, 12.333, 0.753];[0.5, 14.0, 11.0, 0.704];[0, 1];
[0.476, 16.667, 10.333, 0.753];[0.404, 16.333, 7.667, 0.77];[1, 0];
[0.472, 13.0, 12.667, 0.725];[0.464, 19.333, 15.0, 0.836];[0, 1];
[0.407, 11.0, 17.333, 0.754];[0.525, 11.333, 9.0, 0.807];[0, 1];
[0.465, 12.333, 13.0, 0.705];[0.435, 14.667, 13.667, 0.827];[0, 1];
[0.45, 16.667, 11.0, 0.755];[0.498, 12.0, 9.333, 0.712];[0, 1];
[0.459, 13.333, 9.667, 0.721];[0.441, 11.333, 4.333, 0.855];[1, 0];
[0.464, 13.667, 9.0, 0.633];[0.472, 9.667, 9.667, 0.881];[0, 1];
[0.458, 15.333, 13.667, 0.743];[0.439, 16.333, 9.0, 0.801];[0, 1];
[0.561, 12.667, 4.667, 0.8];[0.434, 11.667, 10.667, 0.745];[1, 0];
[0.4, 14.0, 9.0, 0.732];[0.476, 8.0, 5.333, 0.84];[0, 1];
[0.453, 13.333, 9.333, 0.744];[0.414, 15.0, 12.0, 0.847];[0, 1];
[0.447, 10.667, 9.333, 0.733];[0.455, 15.667, 7.333, 0.742];[1, 0];
[0.452, 17.667, 9.667, 0.749];[0.453, 13.333, 12.667, 0.845];[1, 0];
[0.467, 12.333, 9.667, 0.858];[0.476, 11.333, 9.333, 0.781];[0, 1];
[0.476, 12.667, 9.333, 0.835];[0.489, 13.667, 8.0, 0.776];[0, 1];
[0.448, 13.0, 12.0, 0.775];[0.472, 9.667, 9.333, 0.879];[0, 1];
[0.45, 9.667, 11.0, 0.787];[0.447, 13.333, 10.0, 0.738];[0, 1];
[0.432, 10.667, 12.0, 0.827];[0.435, 12.0, 13.333, 0.705];[0, 1];
[0.508, 11.0, 9.333, 0.735];[0.48, 13.333, 7.0, 0.807];[1, 0];
[0.422, 11.667, 8.667, 0.806];[0.46, 9.667, 9.667, 0.758];[1, 0];
[0.45, 13.0, 7.667, 0.661];[0.449, 9.0, 9.0, 0.754];[0, 1];
[0.463, 17.667, 10.667, 0.774];[0.478, 13.333, 8.0, 0.677];[1, 0];
[0.438, 13.667, 13.333, 0.836];[0.456, 13.0, 7.333, 0.815];[1, 0];
[0.481, 10.667, 11.667, 0.872];[0.49, 13.667, 10.333, 0.812];[0, 1];
[0.496, 14.333, 9.667, 0.87];[0.437, 14.333, 12.0, 0.7];[1, 0];
[0.453, 14.0, 10.0, 0.726];[0.49, 12.667, 13.333, 0.84];[1, 0];
[0.432, 12.333, 8.0, 0.689];[0.528, 14.333, 8.667, 0.795];[0, 1];
[0.47, 12.333, 11.667, 0.718];[0.432, 13.0, 9.0, 0.8];[1, 0];
[0.496, 15.667, 12.333, 0.692];[0.428, 9.667, 13.0, 0.831];[1, 0];
[0.483, 11.667, 12.333, 0.717];[0.457, 15.0, 9.0, 0.671];[0, 1];
[0.483, 14.0, 11.333, 0.732];[0.511, 13.333, 9.333, 0.787];[0, 1];
[0.484, 10.667, 12.0, 0.78];[0.467, 10.667, 10.333, 0.838];[0, 1];
[0.444, 10.0, 11.667, 0.868];[0.407, 12.667, 10.0, 0.553];[1, 0];
[0.465, 10.0, 13.333, 0.781];[0.467, 20.333, 11.667, 0.632];[0, 1];
[0.42, 13.0, 7.667, 0.779];[0.437, 15.0, 10.667, 0.787];[1, 0];
[0.477, 9.333, 6.0, 0.889];[0.486, 7.667, 9.0, 0.826];[0, 1];
[0.473, 14.667, 13.0, 0.763];[0.474, 13.0, 12.333, 0.825];[1, 0];
[0.445, 11.0, 12.0, 0.715];[0.461, 14.667, 7.0, 0.756];[1, 0];
[0.498, 13.0, 5.667, 0.87];[0.399, 15.667, 9.0, 0.864];[1, 0];
[0.473, 6.667, 12.333, 0.758];[0.487, 17.333, 9.333, 0.751];[0, 1];
[0.421, 14.667, 13.333, 0.775];[0.49, 13.0, 11.0, 0.821];[0, 1];
[0.5, 15.667, 4.0, 0.759];[0.428, 11.333, 7.0, 0.784];[1, 0];
[0.435, 11.667, 9.667, 0.779];[0.424, 17.333, 11.0, 0.82];[0, 1];
[0.463, 14.0, 8.667, 0.864];[0.418, 11.333, 9.0, 0.779];[1, 0];
[0.481, 12.333, 8.0, 0.722];[0.421, 13.0, 10.0, 0.762];[1, 0];
[0.453, 14.333, 10.0, 0.848];[0.41, 13.0, 14.0, 0.7];[0, 1];
[0.45, 14.667, 10.333, 0.703];[0.457, 14.0, 11.0, 0.842];[1, 0];
[0.456, 8.667, 7.667, 0.766];[0.416, 12.667, 12.667, 0.825];[0, 1];
[0.431, 13.0, 9.667, 0.886];[0.478, 13.0, 7.667, 0.75];[1, 0];
[0.468, 14.667, 7.333, 0.814];[0.489, 14.667, 10.667, 0.857];[1, 0];
[0.449, 11.0, 12.333, 0.727];[0.462, 13.333, 8.667, 0.834];[1, 0];
[0.484, 11.667, 8.667, 0.772];[0.508, 13.667, 12.667, 0.829];[1, 0];
[0.443, 15.0, 9.0, 0.678];[0.456, 18.667, 8.667, 0.764];[0, 1];
[0.492, 13.333, 12.0, 0.834];[0.413, 14.0, 14.667, 0.707];[1, 0];
[0.525, 11.333, 9.333, 0.871];[0.496, 14.667, 8.333, 0.821];[0, 1];
[0.499, 12.667, 13.0, 0.786];[0.442, 15.667, 13.0, 0.786];[1, 0];
[0.469, 14.667, 6.0, 0.768];[0.508, 9.667, 8.333, 0.69];[1, 0];
[0.43, 13.667, 10.333, 0.79];[0.536, 15.667, 7.0, 0.813];[0, 1];
[0.486, 12.667, 6.0, 0.783];[0.466, 14.0, 9.667, 0.832];[0, 1];
[0.429, 12.0, 9.667, 0.742];[0.431, 10.667, 11.667, 0.831];[1, 0];
[0.46, 9.667, 8.333, 0.747];[0.54, 11.333, 8.0, 0.78];[0, 1];
[0.481, 12.667, 9.333, 0.743];[0.468, 10.0, 8.0, 0.647];[0, 1];
[0.429, 15.667, 9.333, 0.806];[0.498, 13.667, 9.0, 0.857];[1, 0];
[0.392, 14.333, 10.0, 0.826];[0.517, 11.0, 8.333, 0.819];[0, 1];
[0.407, 15.333, 12.0, 0.813];[0.513, 15.333, 7.667, 0.818];[0, 1];
[0.466, 11.0, 11.333, 0.852];[0.458, 11.0, 12.333, 0.757];[1, 0];
[0.481, 13.0, 8.333, 0.776];[0.495, 13.667, 10.333, 0.88];[0, 1];
[0.405, 12.333, 11.667, 0.81];[0.395, 15.333, 10.333, 0.862];[0, 1];
[0.426, 12.667, 11.333, 0.676];[0.465, 17.667, 13.0, 0.808];[0, 1];
[0.454, 14.667, 11.0, 0.616];[0.485, 10.333, 10.0, 0.821];[1, 0];
[0.522, 9.667, 9.333, 0.829];[0.506, 12.333, 6.667, 0.867];[0, 1];
[0.475, 13.0, 10.667, 0.827];[0.495, 16.0, 8.667, 0.768];[0, 1];
[0.429, 14.0, 12.333, 0.88];[0.421, 14.0, 9.333, 0.814];[1, 0];
[0.51, 14.667, 10.333, 0.743];[0.407, 13.333, 14.333, 0.822];[1, 0];
[0.489, 10.333, 8.333, 0.773];[0.415, 16.667, 7.333, 0.843];[1, 0];
[0.492, 12.667, 6.0, 0.642];[0.472, 14.0, 9.667, 0.763];[1, 0];
[0.44, 17.333, 14.0, 0.753];[0.454, 11.667, 11.333, 0.772];[1, 0];
[0.523, 13.667, 6.333, 0.721];[0.51, 14.0, 7.667, 0.909];[0, 1];
[0.488, 11.667, 9.333, 0.776];[0.471, 17.667, 8.333, 0.782];[1, 0];
[0.449, 12.0, 9.333, 0.684];[0.409, 14.0, 12.667, 0.739];[0, 1];
[0.409, 10.667, 13.0, 0.822];[0.414, 17.0, 14.333, 0.758];[0, 1];
[0.469, 16.0, 9.0, 0.638];[0.458, 9.0, 11.333, 0.616];[0, 1];
[0.399, 15.667, 7.0, 0.794];[0.393, 18.0, 10.0, 0.751];[0, 1];
[0.494, 14.333, 11.0, 0.663];[0.476, 11.667, 9.333, 0.837];[0, 1];
[0.499, 11.0, 10.0, 0.73];[0.471, 13.333, 11.0, 0.821];[0, 1];
[0.496, 11.0, 9.0, 0.788];[0.46, 18.333, 9.333, 0.747];[0, 1];
[0.457, 14.0, 7.667, 0.813];[0.423, 13.333, 9.0, 0.767];[1, 0];
[0.5, 14.333, 9.333, 0.809];[0.422, 14.0, 9.667, 0.645];[1, 0];
[0.488, 15.667, 10.667, 0.79];[0.517, 16.667, 5.667, 0.819];[0, 1];
[0.501, 15.0, 9.0, 0.751];[0.503, 11.0, 7.667, 0.849];[1, 0];
[0.448, 13.0, 12.0, 0.798];[0.43, 12.0, 8.333, 0.737];[0, 1];
[0.533, 11.667, 8.333, 0.62];[0.426, 12.667, 12.0, 0.745];[1, 0];
[0.467, 10.333, 6.0, 0.652];[0.406, 12.333, 11.667, 0.687];[1, 0];
[0.425, 10.333, 6.0, 0.786];[0.465, 12.0, 10.667, 0.679];[0, 1];
[0.445, 13.0, 12.0, 0.775];[0.523, 12.0, 13.0, 0.905];[0, 1];
[0.476, 12.333, 11.0, 0.801];[0.537, 11.667, 9.0, 0.693];[0, 1];
[0.442, 11.333, 12.0, 0.641];[0.458, 11.0, 10.0, 0.789];[1, 0];
[0.389, 15.333, 15.667, 0.697];[0.4, 13.333, 9.0, 0.762];[0, 1];
[0.495, 11.333, 8.0, 0.724];[0.442, 16.667, 10.667, 0.769];[1, 0];
[0.453, 13.333, 7.0, 0.761];[0.455, 12.0, 11.667, 0.879];[1, 0];
[0.449, 14.333, 13.667, 0.7];[0.368, 15.0, 13.667, 0.807];[1, 0];
[0.492, 14.333, 8.667, 0.818];[0.462, 9.0, 11.667, 0.673];[0, 1];
[0.435, 13.333, 11.333, 0.739];[0.412, 14.667, 11.333, 0.672];[1, 0];
[0.476, 11.667, 10.333, 0.822];[0.425, 13.667, 11.333, 0.797];[1, 0];
[0.462, 12.333, 11.0, 0.762];[0.45, 18.0, 8.667, 0.766];[1, 0];
[0.484, 11.0, 10.667, 0.838];[0.443, 11.333, 9.333, 0.753];[1, 0];
[0.477, 10.333, 13.667, 0.767];[0.446, 10.667, 11.0, 0.813];[0, 1];
[0.431, 12.333, 10.667, 0.612];[0.48, 15.333, 10.333, 0.721];[0, 1];
[0.442, 14.0, 8.0, 0.88];[0.35, 20.0, 4.0, 0.733];[0, 1];
[0.437, 9.333, 12.333, 0.817];[0.453, 12.667, 7.0, 0.721];[0, 1];
[0.452, 14.0, 10.667, 0.655];[0.458, 13.667, 10.667, 0.786];[0, 1];
[0.411, 17.0, 11.0, 0.746];[0.48, 15.667, 8.0, 0.801];[1, 0];
[0.511, 13.667, 8.0, 0.819];[0.487, 10.667, 10.667, 0.842];[1, 0];
[0.419, 13.0, 10.667, 0.766];[0.434, 16.667, 9.333, 0.775];[0, 1];
[0.478, 13.667, 12.333, 0.609];[0.432, 14.667, 11.333, 0.837];[0, 1];
[0.415, 13.667, 16.333, 0.788];[0.435, 15.333, 11.333, 0.676];[1, 0];
[0.456, 16.333, 12.0, 0.733];[0.451, 14.667, 10.333, 0.805];[1, 0];
[0.457, 14.0, 10.0, 0.768];[0.44, 16.667, 12.667, 0.824];[0, 1];
[0.552, 15.0, 9.0, 0.769];[0.442, 15.333, 9.333, 0.77];[1, 0];
[0.505, 12.0, 9.0, 0.833];[0.418, 17.0, 9.0, 0.727];[0, 1];
[0.446, 13.0, 14.0, 0.773];[0.466, 10.667, 10.667, 0.716];[1, 0];
[0.414, 13.667, 11.667, 0.798];[0.443, 12.0, 12.0, 0.776];[0, 1];
[0.428, 11.333, 13.0, 0.759];[0.489, 15.667, 13.667, 0.82];[0, 1];
[0.455, 15.333, 12.667, 0.749];[0.437, 18.667, 11.0, 0.693];[0, 1];
[0.437, 15.0, 8.333, 0.837];[0.435, 17.667, 12.333, 0.797];[1, 0];
[0.469, 9.0, 7.0, 0.779];[0.518, 13.0, 11.0, 0.819];[1, 0];
[0.513, 13.667, 13.0, 0.761];[0.419, 17.667, 11.333, 0.867];[1, 0];
[0.413, 12.0, 9.0, 0.837];[0.482, 13.0, 8.333, 0.858];[0, 1];
[0.444, 16.667, 11.667, 0.739];[0.47, 15.333, 13.0, 0.746];[0, 1];
[0.47, 16.0, 13.0, 0.803];[0.483, 15.0, 10.0, 0.711];[1, 0];
[0.454, 12.0, 12.333, 0.8];[0.467, 9.333, 12.333, 0.677];[1, 0];
[0.482, 12.333, 12.333, 0.786];[0.431, 18.0, 13.333, 0.748];[0, 1];
[0.472, 12.0, 9.0, 0.708];[0.468, 11.0, 11.0, 0.785];[1, 0];
[0.486, 13.667, 6.667, 0.805];[0.49, 14.667, 10.333, 0.751];[1, 0];
[0.511, 15.333, 11.0, 0.74];[0.416, 10.667, 13.333, 0.787];[1, 0];
[0.532, 15.333, 8.667, 0.718];[0.488, 12.333, 9.0, 0.683];[0, 1];
[0.44, 12.0, 12.333, 0.596];[0.452, 12.0, 8.0, 0.776];[0, 1];
[0.421, 13.0, 6.333, 0.669];[0.452, 16.333, 10.0, 0.801];[0, 1];
[0.431, 13.0, 11.667, 0.661];[0.479, 13.333, 5.333, 0.707];[0, 1];
[0.427, 14.0, 11.667, 0.72];[0.46, 13.667, 10.667, 0.76];[0, 1];
[0.439, 17.667, 12.333, 0.763];[0.428, 14.0, 10.333, 0.726];[0, 1];
[0.407, 9.0, 11.333, 0.797];[0.47, 13.0, 11.333, 0.738];[0, 1];
[0.476, 14.667, 12.0, 0.744];[0.468, 11.0, 11.0, 0.739];[0, 1];
[0.445, 11.667, 9.667, 0.624];[0.467, 11.0, 8.0, 0.754];[1, 0];
[0.39, 11.667, 12.0, 0.81];[0.492, 13.0, 9.333, 0.71];[0, 1];
[0.5, 15.333, 8.667, 0.714];[0.477, 10.333, 12.333, 0.693];[1, 0];
[0.497, 13.0, 10.333, 0.83];[0.517, 11.0, 11.333, 0.756];[0, 1];
[0.495, 13.333, 7.667, 0.788];[0.473, 10.667, 8.333, 0.887];[1, 0];
[0.434, 10.0, 8.333, 0.866];[0.482, 9.0, 8.667, 0.738];[0, 1];
[0.455, 13.0, 9.333, 0.686];[0.421, 13.333, 13.333, 0.641];[0, 1];
[0.526, 12.0, 6.0, 0.641];[0.494, 12.0, 6.0, 0.652];[1, 0];
[0.422, 18.0, 8.0, 0.776];[0.483, 15.0, 10.0, 0.817];[1, 0];
[0.438, 10.333, 14.333, 0.782];[0.447, 10.667, 10.333, 0.841];[0, 1];
[0.453, 16.333, 14.333, 0.787];[0.403, 9.333, 13.0, 0.722];[1, 0];
[0.427, 15.0, 12.667, 0.814];[0.438, 16.0, 10.333, 0.84];[0, 1];
[0.397, 17.0, 13.667, 0.821];[0.424, 11.333, 9.0, 0.742];[1, 0];
[0.46, 13.333, 9.0, 0.767];[0.453, 14.333, 10.333, 0.705];[0, 1];
[0.452, 10.667, 9.667, 0.786];[0.497, 11.0, 8.333, 0.779];[1, 0];
[0.509, 15.333, 10.667, 0.735];[0.464, 13.333, 6.0, 0.641];[1, 0];
[0.482, 12.667, 9.0, 0.679];[0.421, 11.333, 12.667, 0.798];[1, 0];
[0.475, 12.333, 10.333, 0.675];[0.52, 17.0, 6.0, 0.707];[1, 0];
[0.428, 17.333, 9.0, 0.767];[0.482, 13.333, 2.667, 0.752];[1, 0];
[0.476, 11.0, 9.667, 0.737];[0.437, 12.333, 13.0, 0.629];[1, 0];
[0.451, 15.333, 14.0, 0.728];[0.415, 16.0, 12.0, 0.701];[1, 0];
[0.48, 14.0, 10.0, 0.717];[0.483, 10.667, 8.0, 0.765];[1, 0];
[0.441, 10.667, 10.333, 0.673];[0.484, 15.0, 9.333, 0.654];[1, 0];
[0.489, 11.333, 10.333, 0.737];[0.487, 16.0, 9.0, 0.771];[0, 1];
[0.495, 16.333, 5.333, 0.788];[0.451, 11.333, 10.333, 0.778];[0, 1];
[0.469, 13.333, 9.333, 0.828];[0.473, 13.0, 11.667, 0.685];[1, 0];
[0.51, 13.0, 9.0, 0.842];[0.501, 12.667, 5.667, 0.694];[1, 0];
[0.427, 11.333, 11.333, 0.738];[0.395, 16.333, 12.333, 0.689];[1, 0];
[0.409, 11.667, 10.0, 0.781];[0.459, 16.0, 10.667, 0.678];[0, 1];
[0.442, 17.0, 10.0, 0.872];[0.512, 13.667, 9.667, 0.668];[0, 1];
[0.44, 9.333, 8.667, 0.816];[0.528, 11.333, 8.667, 0.804];[0, 1];
[0.466, 12.0, 9.667, 0.735];[0.419, 16.667, 11.333, 0.792];[0, 1];
[0.484, 16.333, 8.333, 0.824];[0.404, 14.333, 12.667, 0.8];[1, 0];
[0.476, 16.333, 8.667, 0.894];[0.414, 14.667, 11.667, 0.818];[1, 0];
[0.418, 14.667, 8.0, 0.83];[0.472, 20.0, 15.0, 0.724];[0, 1];
[0.414, 14.333, 15.333, 0.685];[0.47, 12.0, 12.333, 0.809];[0, 1];
[0.412, 11.333, 5.667, 0.778];[0.539, 18.667, 8.333, 0.828];[0, 1];
[0.412, 12.333, 12.333, 0.769];[0.466, 11.333, 9.667, 0.835];[0, 1];
[0.457, 16.0, 12.667, 0.826];[0.49, 14.667, 9.333, 0.851];[1, 0];
[0.401, 13.0, 9.333, 0.775];[0.468, 16.333, 10.333, 0.835];[0, 1];
[0.497, 15.667, 9.667, 0.707];[0.428, 16.667, 12.667, 0.732];[0, 1];
[0.466, 12.667, 9.667, 0.885];[0.458, 11.0, 10.333, 0.711];[1, 0];
[0.531, 12.0, 10.667, 0.826];[0.467, 17.333, 10.667, 0.603];[1, 0];
[0.458, 15.0, 10.333, 0.794];[0.409, 13.667, 12.333, 0.753];[1, 0];
[0.473, 14.667, 10.333, 0.756];[0.381, 17.333, 7.667, 0.777];[1, 0];
[0.41, 13.333, 13.333, 0.814];[0.443, 15.667, 10.333, 0.766];[0, 1];
[0.46, 19.333, 9.333, 0.805];[0.525, 13.667, 5.667, 0.733];[0, 1];
[0.507, 12.667, 6.667, 0.807];[0.457, 13.333, 10.667, 0.764];[0, 1];
[0.396, 15.667, 9.333, 0.699];[0.451, 12.0, 6.333, 0.858];[0, 1];
[0.452, 14.667, 9.667, 0.713];[0.445, 15.0, 9.0, 0.829];[1, 0];
[0.457, 12.667, 8.333, 0.715];[0.548, 12.333, 10.333, 0.759];[1, 0];
[0.501, 8.333, 6.667, 0.833];[0.422, 11.0, 11.333, 0.833];[1, 0];
[0.481, 19.333, 11.333, 0.779];[0.447, 14.0, 10.667, 0.822];[0, 1];
[0.41, 12.333, 9.667, 0.779];[0.527, 12.667, 9.0, 0.712];[1, 0];
[0.482, 10.0, 9.0, 0.826];[0.455, 14.0, 9.667, 0.788];[1, 0];
[0.495, 15.333, 7.333, 0.776];[0.452, 12.0, 10.333, 0.802];[0, 1];
[0.455, 9.667, 10.333, 0.767];[0.411, 13.333, 7.333, 0.822];[1, 0];
[0.449, 11.0, 11.0, 0.851];[0.363, 14.333, 7.667, 0.682];[0, 1];
[0.422, 14.333, 12.333, 0.65];[0.465, 18.333, 11.667, 0.743];[0, 1];
[0.434, 13.667, 12.667, 0.779];[0.497, 12.667, 5.0, 0.882];[0, 1];
[0.398, 12.333, 12.333, 0.625];[0.458, 18.667, 14.667, 0.692];[0, 1];
[0.444, 18.667, 12.333, 0.766];[0.421, 14.667, 12.667, 0.733];[0, 1];
[0.511, 10.333, 9.0, 0.864];[0.488, 14.667, 13.0, 0.83];[0, 1];
[0.41, 12.0, 9.333, 0.727];[0.468, 13.333, 12.667, 0.757];[0, 1];
[0.437, 16.0, 12.0, 0.85];[0.391, 12.0, 18.0, 0.733];[0, 1];
[0.4, 15.0, 6.0, 0.842];[0.47, 13.0, 12.0, 0.652];[1, 0];
[0.452, 11.667, 12.667, 0.733];[0.5, 9.0, 9.0, 0.773];[0, 1];
[0.474, 14.0, 7.0, 0.809];[0.465, 12.333, 11.667, 0.81];[0, 1];
[0.437, 16.0, 10.0, 0.788];[0.495, 14.333, 5.667, 0.86];[0, 1];
[0.461, 11.333, 7.0, 0.737];[0.49, 13.667, 13.0, 0.812];[0, 1];
[0.416, 10.333, 14.0, 0.662];[0.38, 17.0, 17.333, 0.768];[1, 0];
[0.474, 10.333, 11.667, 0.837];[0.416, 17.667, 11.667, 0.851];[1, 0];
[0.448, 9.667, 9.0, 0.744];[0.45, 19.0, 9.667, 0.807];[1, 0];
[0.47, 16.0, 10.0, 0.717];[0.461, 13.333, 14.667, 0.789];[0, 1];
[0.426, 10.333, 10.0, 0.869];[0.426, 12.667, 11.667, 0.754];[0, 1];
[0.482, 11.333, 5.667, 0.713];[0.451, 13.333, 7.333, 0.721];[1, 0];
[0.418, 16.0, 15.0, 0.762];[0.448, 14.0, 9.333, 0.786];[1, 0];
[0.439, 17.0, 8.667, 0.854];[0.488, 15.0, 10.667, 0.72];[1, 0];
[0.403, 13.333, 18.333, 0.712];[0.425, 16.667, 13.0, 0.76];[1, 0];
[0.518, 14.333, 6.0, 0.661];[0.408, 11.333, 8.333, 0.778];[0, 1];
[0.421, 12.667, 9.333, 0.753];[0.486, 19.0, 7.667, 0.754];[1, 0];
[0.442, 14.333, 6.0, 0.702];[0.458, 9.333, 6.667, 0.747];[1, 0];
[0.476, 16.333, 9.667, 0.82];[0.444, 19.333, 10.667, 0.822];[1, 0];
[0.403, 13.0, 9.667, 0.856];[0.418, 13.667, 7.667, 0.842];[1, 0];
[0.459, 15.0, 5.0, 0.714];[0.484, 14.0, 9.0, 0.893];[1, 0];
[0.442, 16.667, 6.667, 0.748];[0.483, 9.333, 7.667, 0.803];[1, 0];
[0.452, 13.0, 6.667, 0.786];[0.49, 10.667, 8.333, 0.772];[1, 0];
[0.439, 11.667, 9.0, 0.787];[0.482, 10.333, 11.333, 0.826];[1, 0];
[0.48, 14.667, 9.0, 0.764];[0.49, 16.667, 10.667, 0.755];[0, 1];
[0.438, 12.0, 11.0, 0.762];[0.453, 11.0, 8.333, 0.815];[0, 1];
[0.448, 11.667, 11.0, 0.651];[0.481, 9.333, 12.667, 0.766];[0, 1];
[0.503, 15.0, 12.667, 0.79];[0.449, 12.0, 11.667, 0.824];[1, 0];
[0.477, 13.333, 12.0, 0.815];[0.526, 17.667, 7.0, 0.832];[1, 0];
[0.5, 14.0, 12.667, 0.702];[0.525, 11.667, 8.0, 0.732];[0, 1];
[0.492, 15.667, 9.667, 0.718];[0.504, 16.333, 12.667, 0.804];[0, 1];
[0.486, 13.0, 10.667, 0.76];[0.444, 13.333, 9.0, 0.676];[1, 0];
[0.492, 10.0, 7.667, 0.787];[0.401, 12.667, 16.0, 0.657];[0, 1];
[0.468, 15.667, 13.667, 0.789];[0.456, 14.333, 7.667, 0.799];[1, 0];
[0.461, 11.333, 10.333, 0.723];[0.509, 15.333, 13.333, 0.738];[1, 0];
[0.462, 11.667, 11.333, 0.71];[0.493, 17.0, 9.667, 0.797];[0, 1];
[0.43, 11.667, 8.0, 0.816];[0.449, 11.333, 11.333, 0.674];[0, 1];
[0.431, 13.0, 11.667, 0.766];[0.485, 15.0, 5.667, 0.779];[1, 0];
[0.459, 8.667, 5.667, 0.747];[0.449, 15.333, 15.667, 0.686];[0, 1];
[0.43, 17.333, 13.0, 0.83];[0.518, 11.0, 10.333, 0.745];[0, 1];
[0.428, 9.667, 10.333, 0.848];[0.456, 14.0, 13.333, 0.765];[1, 0];
[0.508, 14.333, 9.667, 0.794];[0.44, 8.667, 11.333, 0.808];[0, 1];
[0.381, 15.0, 10.667, 0.737];[0.453, 13.667, 6.0, 0.774];[1, 0];
[0.484, 12.667, 10.333, 0.804];[0.468, 12.0, 7.667, 0.831];[1, 0];
[0.471, 13.333, 11.667, 0.829];[0.472, 11.0, 11.333, 0.696];[0, 1];
[0.462, 11.0, 11.667, 0.738];[0.441, 14.667, 15.0, 0.737];[0, 1];
[0.445, 10.0, 11.333, 0.888];[0.449, 10.667, 13.0, 0.858];[0, 1];
[0.495, 12.667, 8.0, 0.849];[0.453, 15.0, 10.667, 0.756];[1, 0];
[0.478, 12.0, 10.0, 0.8];[0.468, 15.667, 9.0, 0.754];[0, 1];
[0.448, 14.333, 11.667, 0.719];[0.485, 14.667, 11.667, 0.807];[0, 1];
[0.45, 16.667, 10.667, 0.798];[0.473, 14.667, 11.0, 0.68];[1, 0];
[0.433, 14.333, 8.667, 0.823];[0.432, 16.333, 10.667, 0.753];[1, 0];
[0.461, 17.667, 12.0, 0.872];[0.435, 12.0, 9.667, 0.817];[0, 1];
[0.413, 11.667, 11.333, 0.711];[0.499, 14.667, 11.0, 0.673];[0, 1];
[0.488, 15.0, 11.0, 0.774];[0.481, 13.333, 10.667, 0.688];[0, 1];
[0.434, 12.333, 11.0, 0.715];[0.517, 11.667, 11.333, 0.866];[0, 1];
[0.465, 15.333, 11.667, 0.745];[0.512, 14.0, 9.333, 0.82];[1, 0];
[0.446, 13.0, 10.667, 0.787];[0.422, 13.333, 11.333, 0.754];[0, 1];
[0.417, 10.333, 14.667, 0.592];[0.459, 13.667, 10.333, 0.741];[1, 0];
[0.435, 13.667, 12.333, 0.746];[0.489, 14.333, 9.0, 0.715];[1, 0];
[0.461, 16.0, 8.667, 0.69];[0.459, 12.667, 14.0, 0.718];[1, 0];
[0.472, 12.667, 14.0, 0.779];[0.477, 11.667, 7.0, 0.691];[1, 0];
[0.398, 10.667, 7.667, 0.726];[0.441, 13.333, 11.0, 0.724];[0, 1];
[0.503, 12.333, 9.0, 0.775];[0.471, 18.0, 9.667, 0.705];[1, 0];
[0.498, 15.667, 10.0, 0.865];[0.445, 14.0, 9.0, 0.699];[1, 0];
[0.507, 15.0, 7.333, 0.759];[0.441, 16.0, 8.0, 0.744];[1, 0];
[0.457, 16.333, 12.333, 0.813];[0.44, 16.333, 11.0, 0.752];[0, 1];
[0.473, 9.667, 9.667, 0.717];[0.411, 11.333, 12.0, 0.66];[1, 0];
[0.428, 13.333, 15.333, 0.777];[0.418, 13.333, 10.667, 0.778];[1, 0];
[0.373, 12.333, 19.333, 0.746];[0.49, 15.333, 10.333, 0.687];[0, 1];
[0.515, 10.0, 9.667, 0.771];[0.46, 16.0, 11.0, 0.819];[1, 0];
[0.412, 14.333, 11.0, 0.739];[0.469, 11.667, 11.333, 0.742];[1, 0];
[0.444, 12.0, 10.667, 0.762];[0.416, 14.333, 8.333, 0.717];[1, 0];
[0.428, 13.333, 8.0, 0.731];[0.523, 12.333, 7.667, 0.796];[0, 1];
[0.45, 12.333, 10.0, 0.689];[0.44, 12.333, 9.667, 0.858];[0, 1];
[0.439, 14.667, 14.333, 0.778];[0.509, 15.0, 9.0, 0.815];[0, 1];
[0.503, 12.333, 11.0, 0.792];[0.502, 14.667, 13.667, 0.738];[1, 0];
[0.4, 9.667, 14.0, 0.715];[0.493, 14.333, 11.667, 0.751];[1, 0];
[0.428, 18.333, 11.667, 0.809];[0.43, 14.333, 12.0, 0.687];[0, 1];
[0.431, 14.0, 11.333, 0.885];[0.495, 15.0, 8.0, 0.847];[0, 1];
[0.43, 15.333, 13.333, 0.782];[0.498, 11.0, 9.667, 0.805];[0, 1];
[0.49, 11.667, 8.333, 0.767];[0.425, 7.0, 7.667, 0.844];[1, 0];
[0.481, 14.0, 8.667, 0.848];[0.449, 14.0, 10.667, 0.783];[1, 0];
[0.44, 13.0, 13.0, 0.858];[0.468, 13.667, 9.667, 0.704];[1, 0];
[0.458, 13.333, 8.667, 0.751];[0.427, 11.333, 15.0, 0.731];[0, 1];
[0.484, 11.667, 9.0, 0.826];[0.488, 16.0, 11.333, 0.818];[0, 1];
[0.453, 15.333, 8.333, 0.768];[0.488, 11.333, 11.0, 0.793];[1, 0];
[0.494, 13.0, 8.0, 0.841];[0.44, 12.667, 8.333, 0.735];[1, 0];
[0.467, 10.667, 9.0, 0.67];[0.419, 13.0, 12.333, 0.844];[1, 0];
[0.459, 17.333, 9.333, 0.868];[0.465, 11.333, 11.0, 0.846];[1, 0];
[0.439, 11.667, 11.667, 0.74];[0.481, 11.0, 7.667, 0.851];[0, 1];
[0.459, 12.667, 9.0, 0.662];[0.414, 13.667, 13.333, 0.738];[1, 0];
[0.482, 12.333, 10.667, 0.738];[0.446, 16.0, 9.667, 0.735];[1, 0];
[0.45, 13.333, 9.0, 0.744];[0.473, 14.667, 8.333, 0.757];[1, 0];
[0.437, 16.667, 8.0, 0.795];[0.47, 15.0, 11.333, 0.773];[0, 1];
[0.446, 12.667, 8.333, 0.719];[0.458, 16.333, 10.0, 0.767];[0, 1];
[0.445, 16.333, 12.333, 0.815];[0.448, 16.667, 9.667, 0.784];[1, 0];
[0.44, 10.333, 10.0, 0.796];[0.417, 13.667, 10.667, 0.708];[0, 1];
[0.451, 10.0, 8.333, 0.862];[0.443, 12.0, 11.333, 0.855];[1, 0];
[0.461, 16.333, 12.333, 0.789];[0.498, 16.0, 12.0, 0.707];[0, 1];
[0.428, 11.667, 10.333, 0.745];[0.44, 7.333, 13.667, 0.772];[0, 1];
[0.499, 15.0, 9.0, 0.784];[0.483, 11.0, 11.333, 0.787];[1, 0];
[0.44, 12.667, 8.0, 0.814];[0.453, 19.667, 11.333, 0.77];[1, 0];
[0.462, 14.333, 13.667, 0.742];[0.444, 11.333, 12.333, 0.745];[1, 0];
[0.492, 8.667, 6.333, 0.813];[0.472, 16.333, 10.667, 0.703];[0, 1];
[0.446, 11.0, 10.333, 0.828];[0.492, 15.667, 9.0, 0.645];[1, 0];
[0.481, 14.333, 6.0, 0.762];[0.428, 13.667, 11.667, 0.719];[0, 1];
[0.431, 11.667, 9.333, 0.727];[0.446, 13.0, 9.667, 0.832];[0, 1];
[0.438, 15.0, 10.667, 0.871];[0.457, 10.333, 8.667, 0.844];[1, 0];
[0.516, 11.333, 11.333, 0.795];[0.448, 10.0, 10.333, 0.824];[0, 1];
[0.483, 12.667, 9.667, 0.816];[0.489, 14.0, 11.667, 0.729];[0, 1];
[0.486, 11.667, 13.667, 0.719];[0.531, 13.333, 9.667, 0.722];[0, 1];
[0.479, 13.0, 8.0, 0.596];[0.453, 10.0, 8.667, 0.808];[0, 1];
[0.403, 12.667, 6.667, 0.762];[0.41, 14.667, 10.0, 0.719];[0, 1];
[0.504, 15.667, 10.667, 0.672];[0.45, 12.0, 11.667, 0.827];[0, 1];
[0.515, 11.0, 6.333, 0.718];[0.495, 10.333, 5.667, 0.68];[0, 1];
[0.428, 18.333, 15.667, 0.779];[0.413, 13.0, 12.333, 0.711];[0, 1];
[0.454, 13.667, 7.667, 0.742];[0.497, 10.0, 4.333, 0.725];[1, 0];
[0.462, 13.333, 9.667, 0.765];[0.467, 12.667, 6.333, 0.837];[0, 1];
[0.535, 15.0, 12.667, 0.792];[0.453, 19.333, 11.667, 0.768];[1, 0];
[0.479, 9.667, 9.667, 0.682];[0.487, 13.333, 6.667, 0.778];[0, 1];
[0.435, 15.667, 18.0, 0.77];[0.473, 15.333, 11.333, 0.749];[0, 1];
[0.455, 13.0, 7.0, 0.733];[0.536, 17.333, 9.333, 0.721];[0, 1];
[0.488, 18.0, 8.333, 0.825];[0.452, 12.0, 9.667, 0.718];[1, 0];
[0.454, 14.0, 11.667, 0.718];[0.501, 13.333, 9.0, 0.796];[1, 0];
[0.483, 12.0, 6.667, 0.774];[0.509, 11.333, 5.667, 0.666];[0, 1];
[0.491, 11.333, 9.0, 0.725];[0.416, 16.667, 12.0, 0.845];[1, 0];
[0.447, 15.0, 7.0, 0.656];[0.494, 12.0, 6.0, 0.652];[1, 0];
[0.425, 7.333, 13.0, 0.782];[0.41, 14.667, 14.333, 0.836];[0, 1];
[0.454, 12.667, 9.667, 0.82];[0.484, 14.333, 9.333, 0.599];[1, 0];
[0.385, 16.0, 15.333, 0.734];[0.409, 14.667, 12.0, 0.742];[0, 1];
[0.485, 12.333, 12.333, 0.809];[0.462, 11.333, 9.333, 0.735];[0, 1];
[0.479, 9.667, 5.0, 0.782];[0.442, 12.333, 10.333, 0.762];[1, 0];
[0.478, 11.667, 8.333, 0.83];[0.449, 11.0, 9.333, 0.853];[0, 1];
[0.468, 17.667, 12.333, 0.859];[0.466, 17.333, 9.0, 0.741];[1, 0];
[0.474, 13.667, 8.333, 0.757];[0.398, 7.0, 13.667, 0.723];[1, 0];
[0.425, 15.333, 7.333, 0.95];[0.458, 16.667, 11.333, 0.795];[1, 0];
[0.436, 10.333, 10.333, 0.821];[0.461, 12.667, 10.667, 0.74];[0, 1];
[0.435, 11.333, 12.0, 0.859];[0.483, 14.0, 13.0, 0.746];[0, 1];
[0.447, 11.0, 10.667, 0.701];[0.45, 16.333, 11.333, 0.699];[1, 0];
[0.497, 14.667, 10.667, 0.709];[0.449, 11.667, 9.333, 0.793];[1, 0];
[0.456, 13.0, 12.667, 0.76];[0.468, 11.0, 12.667, 0.902];[0, 1];
[0.466, 13.0, 10.0, 0.758];[0.497, 13.667, 12.0, 0.768];[0, 1];
[0.465, 15.333, 11.0, 0.771];[0.476, 13.0, 7.0, 0.777];[1, 0];
[0.423, 8.667, 7.0, 0.68];[0.427, 10.333, 9.667, 0.729];[0, 1];
[0.437, 12.667, 8.667, 0.753];[0.445, 12.333, 8.333, 0.836];[0, 1];
[0.429, 14.333, 10.667, 0.658];[0.445, 11.667, 10.667, 0.715];[0, 1];
[0.452, 12.333, 8.667, 0.791];[0.479, 12.667, 6.667, 0.842];[0, 1];
[0.454, 15.333, 12.333, 0.642];[0.422, 14.667, 14.667, 0.784];[1, 0];
[0.481, 12.0, 10.0, 0.724];[0.466, 15.667, 12.0, 0.802];[1, 0];
[0.382, 11.0, 9.667, 0.782];[0.476, 16.667, 10.333, 0.827];[0, 1];
[0.429, 13.333, 9.0, 0.742];[0.456, 11.667, 6.667, 0.833];[0, 1];
[0.438, 13.667, 6.667, 0.762];[0.392, 15.667, 12.333, 0.657];[0, 1];
[0.474, 10.0, 9.333, 0.763];[0.417, 17.0, 10.0, 0.696];[1, 0];
[0.463, 11.333, 9.333, 0.862];[0.433, 19.0, 13.0, 0.743];[1, 0];
[0.418, 13.0, 8.667, 0.831];[0.459, 11.0, 9.333, 0.851];[1, 0];
[0.462, 11.667, 10.667, 0.741];[0.451, 13.0, 8.667, 0.751];[0, 1];
[0.484, 14.667, 6.333, 0.677];[0.432, 12.333, 11.0, 0.759];[0, 1];
[0.457, 13.667, 7.667, 0.886];[0.488, 11.333, 10.667, 0.873];[1, 0];
[0.45, 11.0, 6.333, 0.766];[0.515, 16.667, 10.667, 0.783];[0, 1];
[0.533, 13.667, 11.667, 0.794];[0.484, 11.333, 10.667, 0.82];[1, 0];
[0.458, 15.0, 11.0, 0.665];[0.471, 13.0, 12.667, 0.744];[0, 1];
[0.456, 13.0, 12.667, 0.811];[0.446, 11.667, 9.0, 0.802];[1, 0];
[0.423, 11.667, 11.0, 0.848];[0.446, 15.667, 13.333, 0.826];[0, 1];
[0.515, 11.0, 6.667, 0.859];[0.434, 12.667, 12.0, 0.757];[1, 0];
[0.465, 13.667, 7.0, 0.868];[0.425, 12.667, 9.0, 0.817];[0, 1];
[0.515, 13.0, 10.333, 0.797];[0.458, 14.667, 10.667, 0.812];[1, 0];
[0.45, 14.667, 9.333, 0.755];[0.442, 16.0, 13.333, 0.756];[1, 0];
[0.464, 11.0, 6.667, 0.63];[0.461, 14.0, 9.667, 0.774];[1, 0];
[0.425, 14.0, 9.333, 0.793];[0.455, 13.667, 8.667, 0.773];[0, 1];
[0.402, 13.667, 10.333, 0.796];[0.468, 15.333, 10.333, 0.786];[0, 1];
[0.419, 12.333, 13.333, 0.809];[0.478, 14.333, 13.0, 0.815];[0, 1];
[0.513, 17.0, 9.333, 0.825];[0.448, 16.667, 8.333, 0.737];[1, 0];
[0.466, 12.333, 10.0, 0.738];[0.484, 13.0, 7.667, 0.85];[0, 1];
[0.483, 16.0, 10.667, 0.805];[0.482, 17.0, 8.333, 0.758];[0, 1];
[0.427, 11.333, 12.333, 0.744];[0.462, 15.333, 9.0, 0.653];[0, 1];
[0.438, 14.333, 7.667, 0.826];[0.456, 13.0, 9.0, 0.763];[1, 0];
[0.489, 14.0, 10.0, 0.641];[0.486, 11.333, 5.0, 0.798];[1, 0];
[0.469, 13.333, 9.333, 0.835];[0.523, 12.0, 13.0, 0.905];[1, 0];
[0.477, 13.667, 7.333, 0.824];[0.504, 16.0, 12.333, 0.743];[1, 0];
[0.476, 14.667, 12.0, 0.658];[0.451, 12.0, 11.667, 0.736];[1, 0];
[0.446, 15.333, 7.333, 0.749];[0.463, 10.0, 7.667, 0.778];[1, 0];
[0.464, 13.333, 8.0, 0.893];[0.481, 14.0, 10.333, 0.79];[0, 1];
[0.459, 13.0, 9.667, 0.809];[0.451, 12.333, 7.333, 0.767];[0, 1];
[0.455, 10.333, 10.333, 0.841];[0.423, 11.333, 12.667, 0.756];[0, 1];
[0.468, 14.0, 13.0, 0.781];[0.517, 12.0, 9.0, 0.655];[0, 1];
[0.459, 15.0, 14.0, 0.826];[0.491, 11.0, 6.0, 0.79];[1, 0];
[0.456, 10.667, 9.333, 0.82];[0.481, 14.667, 8.667, 0.801];[0, 1];
[0.458, 12.0, 7.667, 0.827];[0.464, 11.667, 10.333, 0.769];[0, 1];
[0.397, 10.667, 14.667, 0.817];[0.449, 16.667, 9.333, 0.729];[0, 1];
[0.42, 10.333, 17.0, 0.643];[0.493, 17.333, 12.333, 0.755];[1, 0];
[0.504, 18.333, 5.667, 0.806];[0.461, 13.667, 6.333, 0.776];[0, 1];
[0.477, 9.333, 9.333, 0.717];[0.504, 15.0, 5.667, 0.891];[0, 1];
[0.525, 13.0, 6.667, 0.792];[0.417, 22.0, 14.0, 0.737];[1, 0];
[0.459, 15.0, 9.667, 0.724];[0.47, 15.0, 8.667, 0.813];[1, 0];
[0.455, 15.667, 11.0, 0.808];[0.47, 13.333, 13.0, 0.692];[0, 1];
[0.475, 8.667, 7.667, 0.769];[0.487, 11.333, 5.667, 0.778];[1, 0];
[0.466, 10.333, 9.333, 0.734];[0.434, 16.333, 14.667, 0.739];[0, 1];
[0.431, 13.333, 8.667, 0.787];[0.448, 13.667, 11.0, 0.741];[0, 1];
[0.463, 11.0, 8.667, 0.747];[0.531, 12.0, 6.333, 0.864];[0, 1];
[0.426, 11.333, 12.667, 0.757];[0.482, 13.333, 5.667, 0.748];[1, 0];
[0.421, 16.667, 11.333, 0.731];[0.488, 18.0, 14.667, 0.765];[0, 1];
[0.475, 15.333, 7.667, 0.823];[0.406, 12.667, 19.333, 0.799];[0, 1];
[0.449, 12.667, 14.0, 0.797];[0.467, 12.667, 8.0, 0.686];[1, 0];
[0.432, 13.333, 8.667, 0.765];[0.413, 17.333, 13.333, 0.637];[0, 1];
[0.546, 13.333, 8.333, 0.833];[0.441, 14.667, 9.333, 0.766];[1, 0];
[0.392, 14.667, 8.667, 0.681];[0.434, 13.667, 9.0, 0.76];[1, 0];
[0.47, 13.333, 6.333, 0.839];[0.425, 12.667, 13.0, 0.847];[1, 0];
[0.372, 19.0, 11.0, 0.65];[0.466, 14.0, 8.0, 0.833];[1, 0];
[0.503, 19.667, 9.333, 0.801];[0.5, 15.333, 8.0, 0.829];[0, 1];
[0.457, 13.667, 7.667, 0.828];[0.442, 14.333, 9.333, 0.846];[1, 0];
[0.519, 11.0, 11.0, 0.674];[0.439, 11.667, 10.0, 0.868];[1, 0];
[0.493, 14.667, 7.0, 0.828];[0.489, 12.333, 7.333, 0.753];[0, 1];
[0.455, 14.0, 11.333, 0.765];[0.483, 11.0, 8.333, 0.791];[1, 0];
[0.48, 14.667, 9.333, 0.75];[0.436, 12.0, 11.333, 0.745];[1, 0];
[0.456, 14.333, 13.667, 0.711];[0.474, 13.0, 8.667, 0.853];[0, 1];
[0.445, 11.667, 10.667, 0.795];[0.473, 15.667, 9.667, 0.722];[0, 1];
[0.432, 13.333, 11.0, 0.735];[0.492, 12.667, 5.333, 0.846];[1, 0];
[0.484, 10.0, 9.667, 0.791];[0.439, 12.667, 10.667, 0.705];[0, 1];
[0.503, 12.667, 6.667, 0.838];[0.451, 16.333, 11.333, 0.731];[1, 0];
[0.378, 13.333, 13.667, 0.807];[0.475, 19.333, 11.333, 0.754];[1, 0];
[0.443, 15.0, 9.333, 0.626];[0.447, 15.0, 9.333, 0.748];[1, 0];
[0.481, 17.667, 9.667, 0.749];[0.466, 18.333, 7.667, 0.852];[0, 1];
[0.46, 12.333, 12.333, 0.757];[0.492, 14.667, 9.333, 0.797];[0, 1];
[0.422, 10.667, 7.333, 0.68];[0.478, 10.333, 11.333, 0.753];[1, 0];
[0.418, 10.333, 9.0, 0.743];[0.413, 16.667, 9.0, 0.765];[0, 1];
[0.476, 15.0, 12.333, 0.727];[0.437, 11.667, 6.333, 0.759];[1, 0];
[0.446, 16.0, 13.0, 0.769];[0.453, 15.333, 6.667, 0.735];[1, 0];
[0.497, 13.667, 7.0, 0.783];[0.49, 14.0, 10.333, 0.812];[0, 1];
[0.411, 15.333, 10.0, 0.766];[0.484, 17.667, 8.667, 0.756];[1, 0];
[0.418, 12.667, 8.667, 0.797];[0.477, 17.333, 15.333, 0.748];[0, 1];
[0.467, 17.667, 10.0, 0.754];[0.439, 15.0, 10.667, 0.547];[1, 0];
[0.432, 11.0, 6.667, 0.833];[0.429, 13.0, 8.667, 0.869];[0, 1];
[0.452, 15.667, 10.333, 0.681];[0.478, 16.667, 13.667, 0.723];[0, 1];
[0.433, 12.0, 9.333, 0.788];[0.431, 16.667, 13.333, 0.681];[0, 1];
[0.46, 12.667, 10.0, 0.855];[0.483, 12.333, 9.0, 0.885];[1, 0];
[0.486, 15.333, 13.667, 0.745];[0.539, 17.667, 8.333, 0.77];[0, 1];
[0.518, 11.333, 6.667, 0.814];[0.386, 15.667, 13.0, 0.82];[0, 1];
[0.459, 15.0, 8.333, 0.764];[0.512, 16.667, 8.0, 0.872];[1, 0];
[0.529, 15.0, 10.667, 0.849];[0.47, 11.333, 10.667, 0.682];[0, 1];
[0.497, 14.667, 14.667, 0.789];[0.46, 15.0, 11.0, 0.827];[1, 0];
[0.4, 14.0, 10.0, 0.755];[0.474, 18.333, 11.0, 0.763];[1, 0];
[0.452, 15.667, 9.0, 0.813];[0.473, 11.667, 8.0, 0.68];[1, 0];
[0.455, 10.667, 13.0, 0.561];[0.499, 11.333, 10.333, 0.81];[1, 0];
[0.488, 13.0, 10.333, 0.734];[0.476, 12.333, 9.333, 0.653];[0, 1];
[0.498, 9.667, 8.333, 0.828];[0.49, 10.667, 9.0, 0.741];[1, 0];
[0.41, 11.667, 11.333, 0.834];[0.451, 12.0, 6.667, 0.776];[0, 1];
[0.432, 16.333, 15.0, 0.699];[0.491, 16.333, 7.667, 0.821];[0, 1];
[0.483, 13.0, 8.333, 0.804];[0.515, 14.0, 11.333, 0.842];[0, 1];
[0.514, 16.0, 11.333, 0.781];[0.472, 12.333, 13.333, 0.715];[1, 0];
[0.432, 14.333, 12.333, 0.845];[0.41, 10.0, 10.333, 0.788];[0, 1];
[0.467, 11.667, 10.667, 0.765];[0.461, 12.333, 9.667, 0.754];[1, 0];
[0.482, 9.333, 12.0, 0.677];[0.41, 13.667, 9.333, 0.783];[0, 1];
[0.459, 11.0, 13.0, 0.805];[0.435, 17.667, 14.667, 0.81];[1, 0];
[0.502, 16.667, 9.333, 0.763];[0.421, 13.333, 17.333, 0.691];[0, 1];
[0.487, 10.667, 9.667, 0.735];[0.532, 16.667, 8.0, 0.773];[1, 0];
[0.441, 13.0, 9.333, 0.646];[0.414, 12.0, 11.0, 0.843];[1, 0];
[0.446, 17.0, 10.0, 0.692];[0.477, 14.0, 7.0, 0.764];[1, 0];
[0.475, 15.0, 8.667, 0.683];[0.445, 16.333, 8.667, 0.785];[0, 1];
[0.449, 12.0, 9.0, 0.736];[0.544, 12.0, 7.667, 0.75];[0, 1];
[0.504, 11.667, 11.667, 0.85];[0.443, 15.667, 8.667, 0.801];[1, 0];
[0.489, 12.0, 9.333, 0.813];[0.413, 12.667, 11.667, 0.744];[1, 0];
[0.478, 15.0, 4.333, 0.785];[0.47, 12.333, 9.667, 0.73];[1, 0];
[0.414, 12.333, 9.667, 0.818];[0.503, 13.0, 9.667, 0.727];[0, 1];
[0.436, 12.333, 11.333, 0.908];[0.471, 10.667, 9.333, 0.74];[1, 0];
[0.485, 13.333, 9.333, 0.763];[0.466, 11.333, 7.0, 0.881];[1, 0];
[0.399, 10.333, 5.667, 0.645];[0.478, 14.333, 9.333, 0.731];[1, 0];
[0.407, 11.0, 10.0, 0.745];[0.467, 11.667, 9.333, 0.702];[0, 1];
[0.48, 11.333, 11.0, 0.854];[0.431, 9.333, 6.0, 0.77];[0, 1];
[0.471, 12.667, 10.0, 0.762];[0.468, 13.333, 7.667, 0.711];[0, 1];
[0.448, 10.667, 8.0, 0.817];[0.44, 10.0, 9.0, 0.692];[0, 1];
[0.481, 10.0, 9.333, 0.835];[0.445, 16.667, 8.333, 0.767];[1, 0];
[0.459, 13.667, 10.333, 0.695];[0.5, 18.0, 6.0, 0.783];[0, 1];
[0.455, 13.333, 11.333, 0.882];[0.488, 14.333, 5.667, 0.82];[1, 0];
[0.456, 12.667, 9.0, 0.716];[0.499, 11.667, 10.333, 0.802];[1, 0];
[0.473, 9.333, 10.0, 0.796];[0.494, 12.0, 7.333, 0.909];[0, 1];
[0.506, 16.0, 9.333, 0.674];[0.456, 13.333, 11.333, 0.762];[0, 1];
[0.424, 14.333, 11.333, 0.773];[0.497, 15.667, 8.667, 0.764];[1, 0];
[0.436, 10.333, 11.0, 0.715];[0.461, 8.0, 12.0, 0.653];[0, 1];
[0.436, 11.667, 15.333, 0.783];[0.447, 15.333, 13.0, 0.721];[0, 1];
[0.467, 16.0, 12.667, 0.879];[0.474, 13.333, 11.667, 0.753];[0, 1];
[0.413, 13.0, 11.0, 0.753];[0.454, 11.333, 10.667, 0.724];[1, 0];
[0.443, 11.333, 9.667, 0.688];[0.465, 17.667, 8.0, 0.758];[1, 0];
[0.443, 13.0, 12.0, 0.621];[0.462, 13.333, 11.0, 0.777];[1, 0];
[0.49, 16.667, 11.333, 0.778];[0.471, 17.667, 13.667, 0.823];[0, 1];
[0.428, 10.667, 12.667, 0.71];[0.479, 17.333, 13.0, 0.757];[1, 0];
[0.347, 9.0, 14.0, 0.667];[0.505, 12.0, 9.0, 0.833];[1, 0];
[0.442, 8.0, 4.667, 0.708];[0.432, 14.333, 14.0, 0.718];[1, 0];
[0.407, 12.333, 10.333, 0.83];[0.462, 15.667, 11.667, 0.787];[1, 0];
[0.485, 13.333, 11.0, 0.811];[0.424, 15.0, 17.0, 0.775];[0, 1];
[0.486, 10.333, 8.667, 0.866];[0.506, 13.333, 8.333, 0.669];[0, 1];
[0.509, 10.0, 10.667, 0.819];[0.505, 12.667, 8.0, 0.831];[1, 0];
[0.422, 10.667, 11.333, 0.713];[0.449, 15.667, 8.0, 0.663];[1, 0];
[0.497, 18.0, 9.333, 0.754];[0.391, 18.333, 8.0, 0.747];[1, 0];
[0.432, 16.333, 12.667, 0.795];[0.458, 11.667, 7.333, 0.663];[1, 0];
[0.492, 15.667, 11.0, 0.678];[0.435, 15.667, 13.667, 0.72];[1, 0];
[0.463, 14.0, 12.333, 0.744];[0.429, 14.333, 9.0, 0.712];[0, 1];
[0.42, 8.0, 12.0, 0.616];[0.423, 13.0, 11.667, 0.785];[1, 0];
[0.524, 16.667, 9.333, 0.675];[0.496, 11.667, 11.333, 0.759];[1, 0];
[0.509, 16.0, 14.0, 0.736];[0.401, 13.667, 11.667, 0.817];[1, 0];
[0.447, 13.0, 9.667, 0.807];[0.431, 13.333, 10.333, 0.689];[0, 1];
[0.476, 12.333, 10.0, 0.803];[0.522, 13.0, 8.667, 0.815];[0, 1];
[0.467, 12.333, 8.333, 0.773];[0.446, 14.667, 14.0, 0.761];[0, 1];
[0.475, 11.667, 11.333, 0.795];[0.403, 13.667, 12.0, 0.708];[1, 0];
[0.468, 10.667, 14.0, 0.784];[0.429, 14.0, 14.667, 0.815];[0, 1];
[0.447, 16.333, 9.0, 0.79];[0.471, 17.0, 12.667, 0.731];[1, 0];
[0.465, 15.333, 10.333, 0.823];[0.471, 16.0, 12.333, 0.709];[1, 0];
[0.432, 9.667, 9.0, 0.721];[0.433, 12.667, 14.0, 0.798];[1, 0];
[0.472, 19.0, 7.667, 0.729];[0.462, 15.333, 9.0, 0.811];[1, 0];
[0.449, 14.333, 8.0, 0.803];[0.481, 14.667, 12.0, 0.72];[0, 1];
[0.408, 15.667, 12.333, 0.72];[0.417, 12.333, 8.667, 0.728];[1, 0];
[0.423, 14.0, 14.333, 0.828];[0.424, 11.333, 9.0, 0.628];[1, 0];
[0.462, 15.667, 7.333, 0.809];[0.495, 11.0, 7.667, 0.827];[1, 0];
[0.471, 12.333, 12.333, 0.716];[0.496, 16.0, 9.667, 0.814];[1, 0];
[0.466, 14.0, 7.0, 0.716];[0.484, 17.333, 10.333, 0.804];[0, 1];
[0.498, 16.0, 11.667, 0.776];[0.425, 14.333, 10.0, 0.792];[1, 0];
[0.454, 16.667, 9.333, 0.675];[0.409, 14.333, 9.667, 0.792];[0, 1];
[0.457, 8.333, 7.0, 0.859];[0.437, 14.667, 9.667, 0.681];[0, 1];
[0.458, 13.667, 11.667, 0.659];[0.428, 9.333, 10.667, 0.866];[1, 0];
[0.499, 12.333, 8.0, 0.836];[0.474, 12.0, 10.0, 0.795];[1, 0];
[0.424, 13.333, 12.0, 0.611];[0.426, 11.0, 11.0, 0.81];[0, 1];
[0.391, 12.0, 18.0, 0.733];[0.442, 14.0, 8.0, 0.88];[1, 0];
[0.449, 12.0, 6.667, 0.821];[0.433, 15.0, 8.667, 0.782];[1, 0];
[0.479, 12.667, 8.0, 0.882];[0.473, 12.667, 10.667, 0.797];[1, 0];
[0.451, 12.333, 6.667, 0.743];[0.426, 13.333, 10.0, 0.722];[0, 1];
[0.461, 15.333, 10.667, 0.742];[0.509, 14.667, 9.0, 0.778];[0, 1];
[0.439, 13.667, 9.333, 0.831];[0.461, 9.333, 8.667, 0.81];[1, 0];
[0.518, 14.0, 8.667, 0.721];[0.461, 14.667, 12.0, 0.69];[1, 0];
[0.46, 10.667, 10.333, 0.84];[0.427, 11.0, 9.667, 0.821];[1, 0];
[0.416, 12.0, 14.0, 0.851];[0.477, 13.667, 11.333, 0.716];[0, 1];
[0.421, 14.333, 9.0, 0.835];[0.442, 12.667, 10.333, 0.813];[1, 0];
[0.414, 13.667, 12.0, 0.779];[0.457, 15.333, 12.667, 0.843];[1, 0];
[0.432, 14.333, 12.0, 0.718];[0.453, 15.0, 8.667, 0.756];[1, 0];
[0.455, 13.667, 10.333, 0.801];[0.438, 16.333, 10.667, 0.708];[1, 0];
[0.419, 15.0, 10.667, 0.741];[0.463, 15.0, 9.667, 0.787];[0, 1];
[0.486, 13.0, 11.667, 0.79];[0.414, 14.333, 12.333, 0.858];[0, 1];
[0.481, 11.667, 9.667, 0.715];[0.434, 10.333, 11.333, 0.825];[0, 1];
[0.417, 11.667, 9.333, 0.721];[0.414, 15.0, 12.0, 0.822];[0, 1];
[0.504, 16.0, 5.667, 0.84];[0.388, 13.333, 10.333, 0.826];[0, 1];
[0.467, 14.333, 9.667, 0.784];[0.454, 14.667, 7.667, 0.683];[1, 0];
[0.441, 11.667, 13.0, 0.848];[0.521, 13.0, 13.667, 0.789];[1, 0];
[0.487, 11.667, 12.0, 0.676];[0.46, 15.0, 9.667, 0.808];[1, 0];
[0.451, 11.667, 8.667, 0.624];[0.512, 9.667, 9.333, 0.749];[0, 1];
[0.446, 13.667, 11.0, 0.777];[0.456, 12.667, 10.667, 0.78];[0, 1];
[0.443, 8.0, 8.0, 0.867];[0.45, 10.0, 10.0, 0.739];[0, 1];
[0.508, 12.667, 7.333, 0.755];[0.471, 13.333, 8.333, 0.869];[1, 0];
[0.489, 15.0, 10.333, 0.671];[0.421, 14.667, 11.333, 0.85];[0, 1];
[0.449, 15.667, 11.0, 0.813];[0.528, 17.667, 7.667, 0.795];[1, 0];
[0.394, 11.333, 10.333, 0.833];[0.43, 19.667, 10.333, 0.706];[0, 1];
[0.463, 15.0, 11.0, 0.892];[0.417, 13.0, 13.0, 0.806];[0, 1];
[0.478, 12.333, 9.0, 0.729];[0.481, 12.333, 10.0, 0.656];[0, 1];
[0.445, 13.333, 9.0, 0.799];[0.479, 11.333, 7.667, 0.815];[0, 1];
[0.452, 10.667, 13.667, 0.751];[0.444, 13.333, 9.333, 0.788];[0, 1];
[0.446, 12.667, 13.667, 0.797];[0.435, 11.667, 9.333, 0.594];[0, 1];
[0.444, 13.667, 12.333, 0.763];[0.457, 13.0, 9.0, 0.683];[0, 1];
[0.461, 14.333, 9.667, 0.847];[0.39, 15.667, 12.0, 0.728];[1, 0];
[0.419, 12.667, 10.333, 0.818];[0.46, 15.0, 11.333, 0.796];[1, 0];
[0.474, 13.0, 10.0, 0.804];[0.485, 11.0, 11.667, 0.783];[1, 0];
[0.425, 13.667, 8.333, 0.73];[0.494, 15.0, 5.333, 0.795];[0, 1];
[0.467, 13.333, 8.0, 0.831];[0.488, 13.333, 9.333, 0.809];[0, 1];
[0.414, 16.333, 12.667, 0.871];[0.471, 13.0, 13.0, 0.78];[1, 0];
[0.461, 14.333, 11.0, 0.742];[0.428, 15.667, 13.333, 0.777];[0, 1];
[0.472, 10.667, 11.0, 0.715];[0.482, 13.333, 9.667, 0.78];[0, 1];
[0.482, 14.333, 8.667, 0.8];[0.423, 9.333, 4.0, 0.865];[1, 0];
[0.405, 13.0, 11.667, 0.833];[0.486, 14.667, 9.0, 0.771];[1, 0];
[0.504, 15.667, 10.0, 0.846];[0.434, 13.0, 11.0, 0.776];[1, 0];
[0.468, 11.0, 10.667, 0.704];[0.479, 13.0, 9.0, 0.818];[1, 0];
[0.449, 14.0, 10.0, 0.839];[0.443, 14.0, 12.0, 0.708];[1, 0];
[0.413, 11.333, 14.333, 0.598];[0.511, 13.333, 8.667, 0.817];[1, 0];
[0.416, 13.667, 10.333, 0.857];[0.459, 16.333, 11.0, 0.741];[0, 1];
[0.467, 13.667, 6.333, 0.737];[0.425, 13.333, 10.333, 0.866];[1, 0];
[0.502, 10.0, 6.333, 0.793];[0.46, 15.0, 12.0, 0.759];[1, 0];
[0.46, 17.0, 12.667, 0.771];[0.447, 15.333, 11.333, 0.733];[1, 0];
[0.429, 12.333, 11.0, 0.885];[0.434, 14.0, 8.333, 0.804];[0, 1];
[0.458, 11.667, 11.667, 0.778];[0.417, 13.0, 10.333, 0.752];[1, 0];
[0.453, 9.333, 10.0, 0.774];[0.403, 11.333, 8.667, 0.824];[0, 1];
[0.453, 15.333, 10.333, 0.763];[0.484, 14.667, 9.667, 0.782];[0, 1];
[0.449, 13.0, 12.667, 0.745];[0.453, 10.667, 8.667, 0.82];[0, 1];
[0.479, 14.667, 10.667, 0.679];[0.436, 10.667, 8.667, 0.879];[0, 1];
[0.461, 11.667, 10.667, 0.662];[0.499, 11.0, 9.333, 0.708];[0, 1];
[0.509, 12.0, 9.333, 0.823];[0.417, 9.667, 10.0, 0.756];[0, 1];
[0.434, 12.0, 10.0, 0.851];[0.513, 12.667, 5.0, 0.784];[0, 1];
[0.475, 12.0, 10.333, 0.793];[0.452, 13.667, 9.333, 0.829];[0, 1];
[0.468, 9.667, 5.0, 0.838];[0.437, 12.333, 6.333, 0.84];[0, 1];
[0.481, 11.333, 11.667, 0.837];[0.496, 13.667, 10.333, 0.764];[1, 0];
[0.447, 15.0, 7.0, 0.656];[0.438, 9.0, 6.0, 0.833];[0, 1];
[0.463, 17.333, 11.333, 0.752];[0.386, 12.333, 14.333, 0.683];[1, 0];
[0.462, 11.0, 8.0, 0.808];[0.462, 13.0, 11.333, 0.797];[0, 1];
[0.401, 12.0, 9.333, 0.723];[0.449, 12.667, 10.0, 0.715];[0, 1];
[0.437, 8.333, 8.667, 0.808];[0.385, 10.333, 14.667, 0.773];[0, 1];
[0.459, 15.0, 5.0, 0.714];[0.42, 15.667, 10.0, 0.785];[1, 0];
[0.506, 10.667, 7.667, 0.728];[0.457, 12.333, 13.667, 0.822];[1, 0];
[0.429, 12.333, 6.0, 0.806];[0.444, 12.0, 9.0, 0.756];[1, 0];
[0.49, 12.667, 9.667, 0.724];[0.504, 13.0, 7.667, 0.724];[0, 1];
[0.432, 11.667, 11.667, 0.762];[0.457, 13.667, 10.0, 0.753];[0, 1];
[0.45, 15.0, 8.667, 0.792];[0.446, 13.333, 8.0, 0.772];[1, 0];
[0.424, 11.333, 8.667, 0.802];[0.452, 12.0, 11.333, 0.788];[1, 0];
[0.464, 11.667, 9.667, 0.803];[0.461, 18.667, 10.333, 0.767];[1, 0];
[0.494, 16.333, 8.667, 0.798];[0.481, 18.333, 6.667, 0.798];[0, 1];
[0.482, 12.667, 11.0, 0.714];[0.425, 14.0, 11.333, 0.822];[1, 0];
[0.48, 13.667, 8.0, 0.836];[0.445, 10.0, 9.667, 0.775];[0, 1];
[0.466, 9.0, 8.333, 0.884];[0.486, 14.333, 10.667, 0.902];[1, 0];
[0.472, 13.667, 9.333, 0.815];[0.52, 16.667, 9.667, 0.8];[1, 0];
[0.443, 8.0, 6.0, 0.63];[0.454, 14.333, 10.0, 0.74];[1, 0];
[0.443, 14.0, 6.667, 0.811];[0.499, 14.333, 12.667, 0.744];[0, 1];
[0.501, 13.667, 9.667, 0.787];[0.482, 14.0, 11.333, 0.783];[0, 1];
[0.482, 12.667, 9.0, 0.754];[0.457, 13.333, 9.0, 0.778];[0, 1];
[0.468, 11.667, 10.333, 0.801];[0.477, 11.667, 8.667, 0.741];[1, 0];
[0.497, 13.0, 5.333, 0.854];[0.463, 11.333, 11.0, 0.828];[0, 1];
[0.468, 9.333, 10.667, 0.649];[0.432, 11.667, 11.333, 0.696];[1, 0];
[0.503, 12.667, 13.667, 0.773];[0.495, 10.333, 7.0, 0.676];[1, 0];
[0.48, 14.0, 10.0, 0.781];[0.418, 13.333, 14.0, 0.794];[0, 1];
[0.422, 17.333, 10.333, 0.613];[0.425, 18.333, 9.333, 0.721];[1, 0];
[0.51, 12.333, 7.0, 0.77];[0.453, 13.667, 12.333, 0.797];[0, 1];
[0.493, 10.667, 7.333, 0.781];[0.455, 13.333, 8.333, 0.689];[1, 0];
[0.491, 8.0, 8.0, 0.789];[0.48, 14.0, 9.667, 0.689];[0, 1];
[0.431, 10.667, 11.667, 0.623];[0.45, 8.667, 6.333, 0.639];[1, 0];
[0.431, 13.333, 10.0, 0.73];[0.369, 17.333, 8.0, 0.776];[0, 1];
[0.46, 13.0, 11.667, 0.779];[0.429, 11.333, 11.333, 0.857];[0, 1];
[0.424, 10.0, 12.333, 0.744];[0.485, 10.333, 8.667, 0.788];[0, 1];
[0.421, 13.0, 14.0, 0.798];[0.469, 12.333, 9.333, 0.702];[1, 0];
[0.478, 12.667, 12.667, 0.863];[0.414, 14.0, 11.333, 0.872];[1, 0];
[0.479, 15.0, 8.667, 0.798];[0.505, 11.333, 13.0, 0.732];[0, 1];
[0.467, 11.0, 7.333, 0.805];[0.393, 17.333, 7.0, 0.67];[0, 1];
[0.478, 12.0, 8.667, 0.743];[0.429, 16.333, 11.0, 0.818];[0, 1];
[0.497, 12.667, 11.333, 0.745];[0.485, 11.333, 9.667, 0.752];[1, 0];
[0.451, 9.667, 14.0, 0.775];[0.464, 11.0, 10.667, 0.799];[0, 1];
[0.512, 10.667, 12.333, 0.791];[0.449, 16.333, 10.667, 0.779];[1, 0];
[0.464, 16.333, 7.0, 0.746];[0.432, 15.667, 10.667, 0.802];[1, 0];
[0.467, 11.667, 7.333, 0.699];[0.473, 14.333, 9.0, 0.702];[0, 1];
[0.467, 15.0, 13.0, 0.847];[0.443, 16.667, 9.333, 0.686];[1, 0];
[0.473, 11.667, 11.0, 0.77];[0.492, 14.333, 9.667, 0.811];[1, 0];
[0.458, 17.0, 9.667, 0.726];[0.459, 13.667, 5.333, 0.781];[1, 0];
[0.481, 15.0, 8.0, 0.862];[0.482, 13.0, 10.333, 0.797];[1, 0];
[0.463, 17.333, 11.333, 0.806];[0.405, 20.333, 17.333, 0.723];[1, 0];
[0.465, 16.333, 11.0, 0.893];[0.47, 12.333, 9.333, 0.771];[0, 1];
[0.454, 10.333, 6.667, 0.796];[0.503, 11.667, 7.667, 0.868];[0, 1];
[0.478, 15.0, 9.667, 0.905];[0.44, 14.0, 9.333, 0.792];[0, 1];
[0.492, 12.333, 11.667, 0.833];[0.467, 12.0, 13.0, 0.768];[1, 0];
[0.444, 7.0, 12.0, 0.676];[0.479, 12.333, 8.0, 0.794];[0, 1];
[0.433, 14.333, 12.0, 0.81];[0.506, 10.667, 10.667, 0.84];[1, 0];
[0.471, 11.667, 10.0, 0.814];[0.433, 14.667, 8.667, 0.776];[0, 1];
[0.476, 10.667, 8.333, 0.707];[0.475, 13.333, 11.333, 0.766];[0, 1];
[0.426, 13.667, 11.0, 0.898];[0.434, 13.0, 10.0, 0.785];[0, 1];
[0.482, 9.667, 11.333, 0.693];[0.442, 11.333, 13.0, 0.768];[1, 0];
[0.434, 13.667, 9.0, 0.73];[0.441, 13.0, 11.0, 0.748];[1, 0];
[0.458, 12.333, 5.667, 0.733];[0.484, 7.667, 11.0, 0.838];[1, 0];
[0.421, 13.0, 13.667, 0.779];[0.461, 15.667, 9.0, 0.768];[0, 1];
[0.479, 12.333, 10.333, 0.794];[0.4, 8.333, 6.667, 0.852];[0, 1];
[0.427, 10.667, 10.0, 0.801];[0.454, 14.667, 13.333, 0.766];[1, 0];
[0.515, 14.667, 8.333, 0.709];[0.403, 12.667, 11.0, 0.772];[1, 0];
[0.492, 16.333, 10.333, 0.748];[0.381, 14.0, 11.0, 0.762];[1, 0];
[0.452, 16.333, 9.667, 0.848];[0.475, 10.0, 9.0, 0.749];[1, 0];
[0.477, 15.667, 8.667, 0.8];[0.468, 14.667, 8.0, 0.778];[1, 0];
[0.468, 14.0, 11.0, 0.715];[0.441, 12.667, 12.0, 0.726];[0, 1];
[0.477, 13.667, 8.333, 0.79];[0.477, 15.333, 7.333, 0.808];[1, 0];
[0.454, 11.333, 8.667, 0.753];[0.437, 16.333, 7.333, 0.783];[1, 0];
[0.43, 15.667, 10.0, 0.795];[0.464, 16.667, 12.0, 0.8];[1, 0];
[0.38, 8.0, 13.0, 0.833];[0.463, 10.667, 9.667, 0.909];[1, 0];
[0.486, 15.0, 10.333, 0.806];[0.375, 12.333, 14.0, 0.813];[1, 0];
[0.429, 13.333, 9.333, 0.771];[0.505, 12.0, 8.667, 0.734];[0, 1];
[0.418, 17.0, 9.0, 0.727];[0.466, 14.0, 8.0, 0.833];[1, 0];
[0.418, 14.0, 11.667, 0.78];[0.454, 14.333, 9.0, 0.826];[0, 1];
[0.424, 13.0, 8.0, 0.819];[0.445, 11.0, 8.667, 0.727];[0, 1];
[0.425, 14.0, 10.667, 0.659];[0.399, 14.333, 10.333, 0.757];[0, 1];
[0.457, 10.333, 6.667, 0.779];[0.459, 10.333, 11.667, 0.736];[0, 1];
[0.455, 10.0, 10.667, 0.784];[0.522, 10.667, 7.333, 0.793];[1, 0];
[0.501, 16.333, 10.0, 0.723];[0.517, 15.333, 8.667, 0.819];[1, 0];
[0.447, 12.667, 10.667, 0.793];[0.459, 14.0, 11.333, 0.714];[1, 0];
[0.465, 15.0, 10.0, 0.8];[0.427, 12.667, 11.667, 0.77];[1, 0];
[0.472, 14.333, 11.0, 0.792];[0.395, 12.667, 9.667, 0.87];[1, 0];
[0.449, 11.667, 7.333, 0.765];[0.498, 13.667, 9.333, 0.846];[0, 1];
[0.467, 13.667, 11.0, 0.818];[0.474, 12.667, 6.333, 0.776];[1, 0];
[0.462, 11.667, 9.667, 0.683];[0.5, 10.333, 8.0, 0.712];[1, 0];
[0.471, 11.667, 10.0, 0.827];[0.491, 12.333, 9.667, 0.762];[1, 0];
[0.453, 14.667, 12.333, 0.734];[0.461, 17.0, 9.0, 0.715];[1, 0];
[0.454, 15.333, 11.333, 0.837];[0.455, 14.0, 11.667, 0.749];[1, 0];
[0.472, 18.0, 9.0, 0.799];[0.413, 15.667, 15.667, 0.685];[1, 0];
[0.5, 12.0, 9.0, 0.81];[0.449, 14.667, 10.333, 0.779];[0, 1];
[0.473, 13.0, 10.333, 0.742];[0.473, 13.0, 7.667, 0.781];[0, 1];
[0.465, 15.0, 9.667, 0.861];[0.389, 11.667, 14.0, 0.822];[0, 1];
[0.498, 15.667, 12.333, 0.765];[0.469, 14.667, 9.333, 0.755];[1, 0];
[0.421, 12.667, 6.667, 0.806];[0.466, 14.333, 12.0, 0.714];[0, 1];
[0.493, 12.667, 9.667, 0.674];[0.492, 15.667, 12.333, 0.754];[1, 0];
[0.471, 18.0, 5.0, 0.806];[0.437, 11.667, 7.333, 0.754];[1, 0];
[0.431, 14.667, 13.0, 0.708];[0.499, 10.667, 12.0, 0.674];[0, 1];
[0.433, 13.667, 11.333, 0.791];[0.403, 12.333, 10.667, 0.797];[1, 0];
[0.419, 9.333, 13.667, 0.783];[0.468, 10.333, 7.0, 0.792];[0, 1];
[0.476, 14.333, 10.0, 0.668];[0.429, 15.0, 13.667, 0.828];[1, 0];
[0.436, 13.0, 9.667, 0.821];[0.456, 16.0, 8.0, 0.7];[1, 0];
[0.475, 13.667, 13.333, 0.819];[0.491, 18.0, 12.667, 0.736];[1, 0];
[0.443, 11.0, 7.333, 0.781];[0.467, 13.667, 11.333, 0.789];[1, 0];
[0.449, 13.667, 13.0, 0.653];[0.456, 10.0, 11.667, 0.761];[1, 0];
[0.453, 16.333, 11.333, 0.784];[0.468, 13.0, 11.333, 0.681];[1, 0];
[0.518, 15.333, 7.333, 0.635];[0.461, 11.667, 12.333, 0.779];[0, 1];
[0.442, 12.333, 10.0, 0.711];[0.488, 12.0, 7.0, 0.794];[0, 1];
[0.432, 14.333, 11.0, 0.727];[0.411, 17.333, 14.333, 0.775];[0, 1];
[0.46, 12.0, 11.333, 0.813];[0.491, 13.333, 11.667, 0.865];[1, 0];
[0.442, 10.667, 9.0, 0.818];[0.406, 12.0, 11.333, 0.654];[1, 0];
[0.438, 14.333, 8.667, 0.74];[0.43, 7.667, 6.667, 0.772];[1, 0];
[0.429, 13.667, 7.667, 0.832];[0.409, 13.667, 10.667, 0.817];[1, 0];
[0.464, 13.667, 13.0, 0.78];[0.498, 13.667, 12.0, 0.769];[0, 1];
[0.397, 8.667, 11.667, 0.756];[0.485, 13.0, 12.0, 0.728];[1, 0];
[0.511, 14.667, 8.0, 0.776];[0.452, 16.667, 9.0, 0.676];[0, 1];
[0.435, 14.667, 8.667, 0.806];[0.48, 13.667, 8.0, 0.739];[1, 0];
[0.423, 14.333, 9.667, 0.755];[0.467, 11.667, 11.333, 0.778];[0, 1];
[0.474, 12.667, 10.0, 0.806];[0.558, 16.0, 9.333, 0.775];[1, 0];
[0.511, 11.667, 8.667, 0.774];[0.483, 10.333, 9.0, 0.68];[1, 0];
[0.498, 8.667, 9.0, 0.791];[0.492, 15.0, 11.0, 0.815];[0, 1];
[0.449, 13.667, 11.0, 0.738];[0.425, 14.667, 13.667, 0.818];[0, 1];
[0.415, 18.333, 12.0, 0.647];[0.476, 17.667, 11.333, 0.791];[0, 1];
[0.49, 12.0, 9.0, 0.727];[0.453, 13.333, 9.0, 0.773];[1, 0];
[0.492, 12.667, 10.667, 0.786];[0.486, 13.0, 6.333, 0.862];[1, 0];
[0.44, 14.333, 15.333, 0.84];[0.436, 17.333, 12.667, 0.841];[1, 0];
[0.421, 12.333, 10.0, 0.759];[0.395, 14.333, 13.667, 0.82];[1, 0];
[0.449, 15.0, 7.667, 0.799];[0.445, 14.0, 12.333, 0.778];[0, 1];
[0.381, 13.333, 9.333, 0.825];[0.46, 15.0, 8.0, 0.79];[1, 0];
[0.467, 8.333, 7.667, 0.686];[0.521, 7.667, 8.667, 0.793];[1, 0];
[0.454, 12.333, 14.667, 0.752];[0.434, 15.667, 9.0, 0.795];[1, 0];
[0.474, 10.0, 7.333, 0.815];[0.453, 9.333, 5.667, 0.793];[1, 0];
[0.505, 14.667, 10.0, 0.677];[0.382, 13.0, 9.0, 0.886];[1, 0];
[0.455, 12.333, 8.333, 0.667];[0.447, 8.0, 7.667, 0.761];[1, 0];
[0.438, 12.0, 11.667, 0.752];[0.443, 13.0, 9.333, 0.778];[1, 0];
[0.446, 12.333, 8.667, 0.817];[0.466, 13.0, 8.0, 0.823];[1, 0];
[0.458, 11.0, 9.0, 0.722];[0.46, 15.333, 10.333, 0.766];[1, 0];
[0.432, 15.0, 8.667, 0.813];[0.485, 19.0, 8.667, 0.743];[0, 1];
[0.483, 12.0, 8.667, 0.74];[0.514, 12.667, 9.333, 0.76];[0, 1];
[0.457, 11.0, 12.0, 0.811];[0.444, 13.667, 11.667, 0.714];[0, 1];
[0.448, 15.0, 15.333, 0.761];[0.493, 14.333, 8.0, 0.804];[1, 0];
[0.489, 12.0, 8.333, 0.794];[0.467, 13.667, 7.333, 0.776];[0, 1];
[0.472, 15.333, 6.0, 0.767];[0.532, 13.667, 13.667, 0.867];[0, 1];
[0.462, 13.333, 8.667, 0.743];[0.5, 11.667, 13.333, 0.832];[0, 1];
[0.458, 14.333, 10.0, 0.805];[0.484, 17.667, 12.667, 0.797];[0, 1];
[0.418, 18.0, 10.333, 0.848];[0.494, 16.667, 10.0, 0.791];[0, 1];
[0.531, 15.333, 8.333, 0.821];[0.455, 12.333, 6.667, 0.835];[1, 0];
[0.448, 15.0, 6.667, 0.833];[0.464, 13.667, 8.667, 0.78];[0, 1];
[0.457, 15.667, 8.667, 0.746];[0.435, 12.333, 14.667, 0.699];[1, 0];
[0.439, 9.667, 10.667, 0.761];[0.463, 11.333, 11.333, 0.801];[0, 1];
[0.526, 12.0, 6.0, 0.641];[0.389, 18.0, 18.0, 0.944];[0, 1];
[0.516, 16.0, 6.667, 0.793];[0.454, 12.667, 8.0, 0.756];[0, 1];
[0.477, 15.0, 8.333, 0.758];[0.469, 11.0, 8.333, 0.811];[0, 1];
[0.377, 15.667, 10.0, 0.852];[0.451, 9.333, 9.0, 0.818];[0, 1];
[0.454, 16.667, 10.0, 0.686];[0.488, 14.0, 10.0, 0.785];[1, 0];
[0.479, 9.667, 9.667, 0.784];[0.46, 11.333, 9.0, 0.824];[0, 1];
[0.423, 11.333, 11.667, 0.807];[0.443, 13.667, 5.333, 0.814];[0, 1];
[0.466, 13.333, 12.0, 0.803];[0.477, 12.0, 8.333, 0.808];[0, 1];
[0.467, 11.0, 6.667, 0.807];[0.517, 11.0, 11.0, 0.671];[0, 1];
[0.476, 14.667, 8.0, 0.732];[0.478, 15.333, 11.333, 0.722];[1, 0];
[0.474, 12.667, 8.0, 0.84];[0.457, 12.333, 13.333, 0.766];[0, 1];
[0.515, 11.333, 8.333, 0.836];[0.486, 13.333, 7.0, 0.768];[0, 1];
[0.519, 11.333, 6.0, 0.784];[0.467, 13.667, 8.667, 0.812];[1, 0];
[0.497, 10.667, 8.667, 0.77];[0.458, 14.667, 9.667, 0.791];[1, 0];
[0.474, 13.0, 13.667, 0.686];[0.44, 13.667, 8.667, 0.756];[1, 0];
[0.499, 12.333, 9.667, 0.841];[0.499, 16.333, 7.667, 0.791];[0, 1];
[0.415, 13.667, 11.667, 0.886];[0.403, 12.667, 13.667, 0.797];[0, 1];
[0.437, 17.0, 8.333, 0.641];[0.411, 18.0, 11.0, 0.811];[1, 0];
[0.447, 9.0, 9.0, 0.784];[0.476, 13.0, 9.667, 0.817];[0, 1];
[0.451, 16.667, 12.333, 0.786];[0.496, 17.667, 12.0, 0.764];[1, 0];
[0.461, 13.0, 7.667, 0.758];[0.467, 18.0, 11.0, 0.764];[0, 1];
[0.517, 9.333, 5.667, 0.849];[0.445, 11.0, 13.0, 0.721];[0, 1];
[0.455, 10.333, 9.0, 0.711];[0.476, 9.0, 10.667, 0.822];[1, 0];
[0.404, 14.333, 12.0, 0.788];[0.437, 11.333, 10.333, 0.724];[0, 1];
[0.473, 16.0, 8.667, 0.748];[0.454, 12.333, 7.333, 0.81];[0, 1];
[0.527, 14.333, 9.0, 0.746];[0.456, 13.333, 8.333, 0.75];[1, 0];
[0.478, 17.0, 11.333, 0.783];[0.438, 14.0, 13.667, 0.77];[1, 0];
[0.413, 14.0, 13.0, 0.7];[0.41, 13.0, 14.0, 0.7];[1, 0];
[0.471, 18.0, 5.0, 0.806];[0.378, 13.0, 14.0, 0.65];[0, 1];
[0.425, 11.0, 8.667, 0.815];[0.504, 14.0, 9.0, 0.792];[0, 1];
[0.456, 11.0, 8.333, 0.836];[0.406, 15.333, 11.0, 0.709];[1, 0];
[0.459, 14.667, 7.667, 0.834];[0.387, 13.667, 9.333, 0.744];[1, 0];
[0.504, 14.333, 9.0, 0.629];[0.439, 13.0, 7.333, 0.709];[1, 0];
[0.439, 9.667, 11.667, 0.784];[0.505, 13.667, 7.333, 0.838];[0, 1];
[0.431, 14.667, 7.667, 0.842];[0.47, 11.0, 10.667, 0.762];[1, 0];
[0.423, 13.667, 16.667, 0.849];[0.449, 14.333, 11.333, 0.74];[1, 0];
[0.512, 18.0, 7.667, 0.764];[0.449, 9.667, 9.333, 0.821];[0, 1];
[0.474, 13.0, 10.667, 0.834];[0.368, 15.0, 15.0, 0.762];[1, 0];
[0.479, 13.667, 10.0, 0.865];[0.457, 17.667, 10.667, 0.796];[1, 0];
[0.45, 14.333, 12.0, 0.657];[0.446, 12.0, 14.667, 0.836];[1, 0];
[0.441, 16.667, 9.0, 0.675];[0.45, 17.0, 11.667, 0.67];[1, 0];
[0.465, 11.333, 10.333, 0.746];[0.459, 11.333, 11.667, 0.823];[1, 0];
[0.505, 12.333, 5.0, 0.653];[0.482, 11.333, 9.667, 0.841];[1, 0];
[0.441, 11.333, 6.0, 0.805];[0.386, 15.333, 11.667, 0.808];[0, 1];
[0.477, 13.667, 9.667, 0.851];[0.45, 11.667, 8.667, 0.64];[1, 0];
[0.432, 14.667, 9.333, 0.784];[0.454, 12.0, 11.0, 0.843];[1, 0];
[0.432, 13.333, 8.333, 0.905];[0.452, 12.333, 10.333, 0.832];[0, 1];
[0.415, 15.667, 9.0, 0.857];[0.402, 16.0, 11.0, 0.743];[1, 0];
[0.455, 13.0, 8.0, 0.776];[0.438, 14.333, 7.333, 0.839];[0, 1];
[0.469, 11.333, 12.333, 0.81];[0.469, 8.0, 14.333, 0.742];[1, 0];
[0.432, 10.667, 9.667, 0.755];[0.472, 10.333, 9.0, 0.828];[0, 1];
[0.474, 14.0, 8.0, 0.732];[0.428, 9.667, 15.667, 0.766];[1, 0];
[0.44, 12.667, 10.667, 0.839];[0.445, 16.0, 11.333, 0.761];[1, 0];
[0.417, 11.333, 10.333, 0.733];[0.41, 10.0, 12.0, 0.743];[1, 0];
[0.448, 12.333, 10.667, 0.718];[0.482, 17.0, 7.333, 0.717];[0, 1];
[0.455, 16.333, 10.333, 0.724];[0.483, 17.333, 11.333, 0.707];[1, 0];
[0.507, 13.667, 10.667, 0.786];[0.473, 13.0, 14.0, 0.762];[1, 0];
[0.498, 16.667, 6.667, 0.704];[0.449, 9.667, 10.333, 0.814];[0, 1];
[0.529, 15.0, 8.333, 0.825];[0.433, 10.667, 14.0, 0.79];[0, 1];
[0.503, 11.0, 11.333, 0.76];[0.418, 12.667, 7.667, 0.961];[0, 1];
[0.473, 11.667, 9.333, 0.662];[0.492, 13.0, 10.0, 0.831];[1, 0];
[0.52, 16.667, 9.0, 0.854];[0.48, 15.667, 7.0, 0.737];[1, 0];
[0.462, 15.333, 9.333, 0.857];[0.441, 13.0, 9.0, 0.705];[1, 0];
[0.42, 13.333, 13.333, 0.694];[0.538, 16.667, 8.0, 0.701];[0, 1];
[0.464, 10.0, 10.667, 0.794];[0.415, 14.667, 9.667, 0.844];[0, 1];
[0.433, 13.333, 9.0, 0.782];[0.485, 11.667, 9.0, 0.725];[0, 1];
[0.404, 12.333, 9.0, 0.768];[0.48, 15.667, 9.333, 0.801];[0, 1];
[0.433, 14.333, 11.0, 0.792];[0.458, 14.333, 10.0, 0.718];[1, 0];
[0.408, 10.333, 11.333, 0.77];[0.426, 13.333, 8.333, 0.682];[0, 1];
[0.429, 6.667, 14.0, 0.723];[0.456, 10.333, 8.667, 0.745];[1, 0];
[0.429, 13.0, 6.0, 0.75];[0.442, 12.333, 8.333, 0.768];[1, 0];
[0.444, 13.333, 11.333, 0.771];[0.47, 12.333, 9.0, 0.765];[0, 1];
[0.445, 7.333, 6.333, 0.733];[0.462, 16.0, 12.333, 0.642];[1, 0];
[0.397, 11.333, 13.333, 0.812];[0.424, 10.667, 6.0, 0.737];[0, 1];
[0.44, 11.0, 9.0, 0.737];[0.476, 13.333, 10.333, 0.784];[1, 0];
[0.457, 14.0, 10.667, 0.749];[0.432, 15.0, 16.667, 0.833];[0, 1];
[0.428, 12.0, 11.667, 0.741];[0.491, 12.667, 12.333, 0.716];[1, 0];
[0.444, 9.667, 6.667, 0.734];[0.46, 12.333, 8.333, 0.835];[0, 1];
[0.422, 12.0, 7.667, 0.716];[0.453, 15.0, 9.0, 0.777];[1, 0];
[0.405, 14.0, 11.333, 0.752];[0.406, 12.333, 9.0, 0.824];[1, 0];
[0.473, 10.667, 10.333, 0.797];[0.474, 14.667, 7.333, 0.795];[0, 1];
[0.481, 8.0, 10.333, 0.813];[0.504, 10.333, 9.0, 0.904];[0, 1];
[0.447, 11.667, 8.333, 0.708];[0.432, 14.667, 13.0, 0.817];[0, 1];
[0.412, 15.0, 13.0, 0.793];[0.469, 15.667, 9.667, 0.601];[0, 1];
[0.462, 9.667, 9.667, 0.826];[0.5, 10.667, 11.333, 0.728];[1, 0];
[0.468, 15.0, 10.333, 0.798];[0.507, 13.333, 9.667, 0.852];[1, 0];
[0.431, 13.333, 6.667, 0.782];[0.484, 12.667, 8.667, 0.755];[1, 0];
[0.463, 12.667, 7.0, 0.739];[0.45, 16.0, 8.0, 0.796];[1, 0];
[0.453, 15.667, 11.0, 0.813];[0.453, 14.667, 10.667, 0.761];[0, 1];
[0.433, 17.667, 13.0, 0.731];[0.453, 14.667, 11.333, 0.673];[0, 1];
[0.477, 15.333, 10.333, 0.905];[0.439, 14.333, 9.0, 0.736];[1, 0];
[0.495, 18.667, 9.667, 0.863];[0.433, 15.333, 14.667, 0.819];[0, 1];
[0.428, 13.0, 8.333, 0.776];[0.395, 12.0, 9.0, 0.818];[1, 0];
[0.469, 15.0, 12.0, 0.773];[0.431, 12.333, 11.667, 0.687];[1, 0];
[0.51, 13.667, 9.0, 0.885];[0.498, 20.333, 5.667, 0.82];[1, 0];
[0.457, 15.667, 10.0, 0.842];[0.45, 13.333, 12.0, 0.81];[1, 0];
[0.473, 15.667, 12.667, 0.799];[0.414, 13.667, 6.0, 0.766];[0, 1];
[0.426, 13.333, 8.0, 0.694];[0.417, 14.0, 13.0, 0.722];[1, 0];
[0.443, 9.333, 9.333, 0.748];[0.47, 11.0, 10.333, 0.67];[0, 1];
[0.473, 10.333, 10.667, 0.768];[0.423, 12.667, 11.667, 0.724];[1, 0];
[0.462, 17.333, 10.333, 0.92];[0.482, 14.333, 9.0, 0.868];[0, 1];
[0.494, 14.667, 7.333, 0.725];[0.498, 13.667, 8.667, 0.826];[1, 0];
[0.38, 8.0, 13.0, 0.833];[0.347, 9.0, 14.0, 0.667];[1, 0];
[0.444, 12.0, 8.0, 0.773];[0.436, 14.0, 10.0, 0.722];[1, 0];
[0.473, 17.0, 11.0, 0.678];[0.474, 17.0, 10.667, 0.798];[1, 0];
[0.482, 14.667, 8.0, 0.809];[0.446, 13.667, 12.0, 0.733];[1, 0];
[0.423, 11.333, 12.0, 0.708];[0.43, 15.0, 10.667, 0.744];[0, 1];
[0.507, 13.333, 10.667, 0.811];[0.463, 12.333, 9.333, 0.712];[0, 1];
[0.452, 16.0, 8.333, 0.738];[0.486, 14.333, 10.0, 0.674];[0, 1];
[0.482, 14.0, 6.667, 0.889];[0.465, 13.667, 12.667, 0.795];[0, 1];
[0.476, 10.667, 10.333, 0.666];[0.485, 13.0, 8.0, 0.814];[1, 0];
[0.441, 12.0, 12.0, 0.812];[0.465, 8.0, 10.0, 0.821];[1, 0];
[0.466, 14.333, 9.0, 0.75];[0.497, 14.333, 10.333, 0.759];[1, 0];
[0.442, 13.0, 15.0, 0.744];[0.513, 9.667, 8.667, 0.839];[1, 0];
[0.467, 16.0, 11.667, 0.802];[0.454, 16.333, 8.0, 0.694];[0, 1];
[0.491, 9.667, 10.0, 0.775];[0.456, 13.667, 10.333, 0.781];[1, 0];
[0.401, 12.333, 13.333, 0.796];[0.454, 18.667, 8.667, 0.731];[0, 1];
[0.45, 12.333, 10.0, 0.689];[0.485, 14.0, 12.0, 0.775];[1, 0];
[0.491, 17.0, 9.667, 0.847];[0.522, 13.667, 12.0, 0.807];[0, 1];
[0.425, 12.333, 10.0, 0.742];[0.448, 16.333, 10.0, 0.802];[1, 0];
[0.48, 13.333, 9.667, 0.788];[0.44, 14.0, 7.667, 0.818];[1, 0];
[0.466, 14.667, 9.333, 0.745];[0.452, 13.667, 10.667, 0.798];[1, 0];
[0.462, 15.667, 10.333, 0.789];[0.423, 13.0, 13.333, 0.837];[1, 0];
[0.451, 13.667, 8.333, 0.837];[0.468, 17.333, 7.667, 0.745];[1, 0];
[0.464, 12.0, 11.333, 0.738];[0.508, 15.0, 9.333, 0.795];[0, 1];
[0.478, 9.667, 5.667, 0.818];[0.443, 12.667, 7.667, 0.763];[1, 0];
[0.434, 9.333, 8.667, 0.744];[0.451, 12.333, 12.0, 0.789];[0, 1];
[0.502, 10.0, 8.667, 0.694];[0.439, 12.0, 12.667, 0.793];[0, 1];
[0.413, 10.667, 11.0, 0.649];[0.464, 11.333, 8.333, 0.726];[1, 0];
[0.427, 15.333, 16.333, 0.802];[0.417, 17.667, 11.333, 0.811];[1, 0];
[0.476, 13.333, 8.333, 0.789];[0.433, 12.333, 13.0, 0.839];[1, 0];
[0.453, 13.333, 12.333, 0.743];[0.507, 8.667, 10.0, 0.819];[1, 0];
[0.487, 17.667, 9.0, 0.796];[0.452, 10.667, 11.667, 0.673];[1, 0];
[0.453, 12.0, 10.333, 0.724];[0.493, 13.0, 7.333, 0.664];[0, 1];
[0.497, 15.667, 9.0, 0.824];[0.478, 12.0, 12.0, 0.821];[1, 0];
[0.44, 13.333, 9.333, 0.871];[0.491, 14.0, 6.333, 0.75];[0, 1];
[0.449, 13.333, 10.0, 0.794];[0.443, 19.0, 8.333, 0.696];[0, 1];
[0.464, 17.667, 9.667, 0.746];[0.428, 14.333, 8.667, 0.864];[0, 1];
[0.522, 12.0, 8.333, 0.735];[0.462, 9.0, 8.333, 0.759];[1, 0];
[0.458, 18.333, 9.333, 0.76];[0.474, 19.0, 11.333, 0.746];[0, 1];
[0.372, 19.0, 11.0, 0.65];[0.468, 15.333, 9.667, 0.784];[0, 1];
[0.427, 16.0, 11.0, 0.756];[0.442, 14.0, 7.667, 0.812];[1, 0];
[0.442, 11.333, 11.0, 0.779];[0.455, 12.0, 6.667, 0.819];[0, 1];
[0.465, 14.0, 8.333, 0.72];[0.395, 13.0, 9.667, 0.746];[1, 0];
[0.453, 13.667, 11.0, 0.791];[0.483, 15.333, 11.0, 0.78];[0, 1];
[0.481, 11.0, 14.333, 0.624];[0.454, 17.667, 11.667, 0.821];[1, 0];
[0.437, 13.0, 11.667, 0.755];[0.443, 13.667, 10.667, 0.801];[0, 1];
[0.457, 14.0, 9.667, 0.785];[0.483, 14.667, 8.333, 0.552];[1, 0];
[0.417, 12.0, 12.667, 0.693];[0.511, 16.667, 11.0, 0.754];[1, 0];
[0.485, 13.667, 6.667, 0.706];[0.427, 9.333, 7.667, 0.735];[1, 0];
[0.47, 13.667, 11.333, 0.773];[0.53, 15.333, 7.333, 0.713];[0, 1];
[0.372, 13.667, 12.333, 0.683];[0.491, 17.0, 8.333, 0.788];[0, 1];
[0.471, 11.333, 11.0, 0.741];[0.452, 9.333, 10.0, 0.759];[1, 0];
[0.462, 13.667, 6.667, 0.535];[0.393, 13.667, 11.333, 0.739];[1, 0];
[0.455, 10.667, 12.0, 0.85];[0.465, 13.667, 10.0, 0.741];[1, 0];
[0.475, 12.0, 10.0, 0.76];[0.431, 14.0, 11.333, 0.868];[0, 1];
[0.443, 11.333, 11.0, 0.881];[0.435, 14.0, 10.333, 0.822];[0, 1];
[0.507, 12.0, 8.333, 0.84];[0.487, 12.0, 5.0, 0.729];[0, 1];
[0.495, 16.0, 10.667, 0.71];[0.421, 11.333, 10.667, 0.754];[1, 0];
[0.419, 15.0, 9.667, 0.801];[0.434, 14.667, 10.667, 0.767];[0, 1];
[0.447, 13.333, 11.333, 0.777];[0.455, 16.0, 12.0, 0.835];[1, 0];
[0.435, 12.333, 11.667, 0.745];[0.507, 14.667, 8.333, 0.792];[1, 0];
[0.44, 13.333, 9.0, 0.775];[0.424, 9.333, 10.333, 0.736];[1, 0];
[0.429, 13.0, 8.667, 0.772];[0.459, 15.333, 12.0, 0.777];[0, 1];
[0.411, 15.333, 10.667, 0.745];[0.441, 13.0, 7.0, 0.845];[0, 1];
[0.437, 11.333, 11.333, 0.735];[0.397, 9.0, 11.333, 0.747];[1, 0];
[0.485, 16.333, 5.0, 0.865];[0.446, 14.0, 14.0, 0.687];[1, 0];
[0.435, 15.0, 11.667, 0.768];[0.475, 13.667, 11.667, 0.87];[1, 0];
[0.419, 12.0, 12.0, 0.81];[0.395, 12.0, 14.0, 0.704];[0, 1];
[0.453, 10.0, 8.667, 0.733];[0.409, 11.667, 10.0, 0.866];[1, 0];
[0.474, 13.667, 10.333, 0.871];[0.445, 11.0, 9.0, 0.758];[1, 0];
[0.438, 13.333, 10.667, 0.655];[0.389, 13.333, 11.0, 0.732];[0, 1];
[0.426, 7.667, 13.667, 0.787];[0.518, 13.333, 5.667, 0.842];[0, 1];
[0.426, 12.333, 15.0, 0.669];[0.433, 15.333, 10.0, 0.815];[1, 0];
[0.374, 14.0, 14.0, 0.616];[0.449, 20.0, 10.667, 0.667];[1, 0];
[0.463, 11.0, 13.333, 0.6];[0.469, 15.333, 13.667, 0.8];[0, 1];
[0.441, 10.667, 11.0, 0.681];[0.409, 14.333, 11.667, 0.779];[1, 0];
[0.523, 15.0, 11.0, 0.781];[0.454, 10.667, 16.0, 0.694];[0, 1];
[0.432, 13.0, 13.0, 0.787];[0.402, 16.667, 12.0, 0.689];[0, 1];
[0.517, 17.333, 8.667, 0.813];[0.456, 15.667, 12.333, 0.65];[1, 0];
[0.432, 14.667, 10.0, 0.688];[0.432, 14.667, 12.333, 0.825];[0, 1];
[0.422, 15.0, 12.667, 0.882];[0.474, 11.333, 12.0, 0.855];[0, 1];
[0.447, 14.333, 9.333, 0.854];[0.481, 10.333, 8.333, 0.736];[1, 0];
[0.476, 13.667, 10.0, 0.785];[0.455, 16.333, 12.667, 0.794];[1, 0];
[0.503, 14.0, 9.333, 0.722];[0.447, 14.667, 10.333, 0.841];[0, 1];
[0.457, 11.0, 7.333, 0.73];[0.438, 15.333, 10.333, 0.908];[1, 0];
[0.49, 14.333, 7.333, 0.716];[0.412, 15.0, 8.333, 0.841];[1, 0];
[0.459, 13.0, 11.0, 0.76];[0.43, 12.0, 11.0, 0.808];[0, 1];
[0.4, 15.0, 6.0, 0.842];[0.43, 12.0, 11.0, 0.808];[1, 0];
[0.468, 15.0, 8.0, 0.688];[0.427, 18.0, 11.667, 0.696];[1, 0];
[0.449, 15.667, 13.333, 0.718];[0.423, 13.667, 8.333, 0.814];[0, 1];
[0.388, 12.667, 11.0, 0.777];[0.45, 14.0, 11.0, 0.763];[0, 1];
[0.472, 13.333, 6.0, 0.707];[0.443, 20.0, 8.0, 0.732];[0, 1];
[0.459, 13.0, 11.0, 0.76];[0.472, 13.667, 11.0, 0.734];[0, 1];
[0.367, 14.667, 14.667, 0.757];[0.488, 12.667, 10.333, 0.753];[0, 1];
[0.467, 15.667, 9.333, 0.831];[0.468, 15.333, 15.0, 0.677];[1, 0];
[0.401, 11.667, 9.667, 0.754];[0.46, 10.667, 7.667, 0.824];[0, 1];
[0.478, 12.667, 10.0, 0.845];[0.454, 16.0, 12.333, 0.751];[1, 0];
[0.457, 10.0, 11.0, 0.752];[0.448, 16.0, 14.0, 0.438];[0, 1];
[0.502, 16.667, 7.0, 0.745];[0.498, 10.667, 6.667, 0.812];[0, 1];
[0.406, 13.667, 10.667, 0.775];[0.488, 13.333, 9.0, 0.827];[1, 0];
[0.452, 17.667, 11.333, 0.85];[0.447, 15.0, 8.667, 0.771];[0, 1];
[0.452, 11.333, 14.333, 0.823];[0.452, 15.333, 8.0, 0.851];[0, 1];
[0.457, 16.0, 13.333, 0.599];[0.463, 16.333, 9.667, 0.842];[1, 0];
[0.481, 8.333, 11.333, 0.648];[0.44, 10.0, 12.0, 0.759];[1, 0];
[0.465, 14.0, 9.667, 0.733];[0.469, 11.0, 11.667, 0.824];[1, 0];
[0.491, 10.333, 8.667, 0.789];[0.409, 13.667, 13.333, 0.702];[1, 0];
[0.449, 14.333, 8.0, 0.852];[0.475, 12.0, 10.333, 0.689];[1, 0];
[0.408, 14.333, 16.0, 0.743];[0.492, 14.667, 5.667, 0.7];[0, 1];
[0.44, 9.0, 8.333, 0.669];[0.51, 10.667, 6.667, 0.702];[0, 1];
[0.422, 15.667, 10.333, 0.808];[0.438, 16.667, 9.667, 0.696];[0, 1];
[0.435, 11.0, 11.0, 0.785];[0.457, 15.333, 13.667, 0.709];[1, 0];
[0.459, 14.0, 9.0, 0.75];[0.47, 13.0, 12.0, 0.652];[0, 1];
[0.451, 11.0, 8.0, 0.806];[0.5, 9.0, 6.0, 0.858];[1, 0];
[0.489, 10.667, 10.333, 0.617];[0.422, 10.333, 8.333, 0.814];[0, 1];
[0.484, 12.667, 14.0, 0.807];[0.498, 12.333, 10.667, 0.733];[1, 0];
[0.473, 12.667, 11.667, 0.671];[0.485, 11.333, 9.667, 0.735];[0, 1];
[0.473, 11.667, 8.667, 0.781];[0.483, 9.333, 10.0, 0.789];[0, 1];
[0.42, 13.0, 16.333, 0.75];[0.473, 16.0, 10.333, 0.741];[0, 1];
[0.457, 12.0, 10.0, 0.737];[0.498, 13.0, 9.667, 0.846];[1, 0];
[0.479, 12.333, 5.0, 0.838];[0.438, 14.0, 10.333, 0.789];[1, 0];
[0.508, 11.667, 7.333, 0.757];[0.518, 15.333, 6.0, 0.75];[0, 1];
[0.506, 14.0, 11.333, 0.774];[0.464, 9.333, 10.333, 0.699];[0, 1];
[0.492, 10.667, 10.667, 0.872];[0.484, 13.667, 12.0, 0.855];[1, 0];
[0.47, 14.333, 12.0, 0.683];[0.45, 9.0, 12.0, 0.777];[1, 0];
[0.455, 13.333, 13.0, 0.856];[0.475, 11.667, 8.667, 0.665];[1, 0];
[0.384, 11.333, 5.667, 0.755];[0.379, 13.667, 7.667, 0.705];[0, 1];
[0.454, 13.0, 8.333, 0.792];[0.46, 11.667, 11.333, 0.781];[0, 1];
[0.48, 12.333, 9.333, 0.693];[0.449, 13.667, 10.333, 0.847];[1, 0];
[0.459, 12.0, 12.0, 0.663];[0.438, 12.0, 11.0, 0.74];[0, 1];
[0.4, 11.667, 12.0, 0.683];[0.417, 12.667, 9.667, 0.728];[0, 1];
[0.481, 14.333, 8.0, 0.767];[0.459, 17.333, 9.333, 0.842];[1, 0];
[0.454, 16.333, 10.667, 0.702];[0.496, 18.0, 10.667, 0.74];[1, 0];
[0.449, 16.667, 11.0, 0.771];[0.456, 14.0, 10.333, 0.859];[1, 0];
[0.487, 13.0, 9.333, 0.717];[0.414, 12.333, 14.0, 0.797];[1, 0];
[0.476, 13.0, 11.0, 0.754];[0.493, 13.667, 10.667, 0.632];[0, 1];
[0.387, 14.0, 12.667, 0.812];[0.475, 13.667, 8.667, 0.693];[0, 1];
[0.489, 14.667, 10.0, 0.666];[0.446, 8.667, 12.0, 0.843];[0, 1];
[0.456, 9.0, 9.0, 0.889];[0.501, 9.0, 9.667, 0.755];[0, 1];
[0.481, 12.667, 10.0, 0.748];[0.456, 18.0, 7.333, 0.81];[1, 0];
[0.458, 11.333, 7.333, 0.821];[0.424, 11.667, 8.333, 0.75];[1, 0];
[0.473, 12.0, 7.667, 0.812];[0.488, 11.0, 12.0, 0.703];[1, 0];
[0.417, 13.667, 9.667, 0.783];[0.486, 11.0, 10.667, 0.774];[1, 0];
[0.461, 13.667, 10.667, 0.741];[0.55, 13.667, 8.333, 0.699];[0, 1];
[0.398, 10.333, 8.333, 0.669];[0.457, 14.333, 10.0, 0.779];[1, 0];
[0.434, 11.667, 11.667, 0.738];[0.455, 11.667, 7.667, 0.757];[0, 1];
[0.457, 12.333, 9.0, 0.807];[0.481, 14.0, 8.667, 0.752];[0, 1];
[0.479, 16.333, 11.667, 0.837];[0.485, 15.333, 7.333, 0.787];[1, 0];
[0.437, 16.0, 12.0, 0.85];[0.467, 13.333, 15.0, 0.836];[0, 1];
[0.474, 11.667, 7.667, 0.803];[0.423, 13.333, 13.667, 0.838];[0, 1];
