[0.468, 12.333, 8.667, 0.792];[0.489, 14.333, 10.667, 0.754];[0, 1];
[0.473, 12.0, 9.333, 0.783];[0.486, 11.667, 6.667, 0.754];[1, 0];
[0.467, 14.333, 12.0, 0.794];[0.455, 14.0, 10.667, 0.699];[0, 1];
[0.436, 13.667, 10.0, 0.83];[0.487, 12.333, 9.333, 0.716];[0, 1];
[0.403, 13.667, 10.333, 0.743];[0.351, 11.0, 12.667, 0.75];[0, 1];
[0.464, 10.667, 14.333, 0.646];[0.438, 16.0, 12.667, 0.867];[1, 0];
[0.461, 14.0, 12.0, 0.795];[0.431, 13.333, 11.333, 0.759];[0, 1];
[0.44, 13.0, 9.333, 0.792];[0.478, 13.0, 11.333, 0.686];[1, 0];
[0.465, 12.667, 13.333, 0.698];[0.435, 12.0, 15.0, 0.714];[1, 0];
[0.454, 10.333, 9.667, 0.762];[0.444, 11.0, 10.333, 0.668];[1, 0];
[0.501, 11.667, 9.333, 0.635];[0.422, 14.0, 12.667, 0.854];[1, 0];
[0.451, 17.0, 9.667, 0.77];[0.481, 15.333, 10.333, 0.734];[0, 1];
[0.469, 13.0, 12.333, 0.891];[0.472, 18.333, 9.0, 0.791];[1, 0];
[0.398, 11.667, 16.333, 0.861];[0.389, 13.667, 16.0, 0.796];[1, 0];
[0.481, 14.0, 8.0, 0.804];[0.471, 12.333, 15.333, 0.85];[1, 0];
[0.443, 13.0, 6.0, 0.688];[0.457, 12.0, 12.0, 0.643];[1, 0];
[0.47, 16.0, 7.667, 0.808];[0.402, 12.667, 16.667, 0.761];[0, 1];
[0.458, 11.0, 8.333, 0.819];[0.495, 14.667, 10.333, 0.867];[1, 0];
[0.485, 14.0, 11.333, 0.792];[0.411, 14.333, 7.0, 0.683];[1, 0];
[0.421, 13.667, 11.333, 0.739];[0.476, 11.0, 11.667, 0.778];[1, 0];
[0.48, 12.667, 8.0, 0.727];[0.441, 11.333, 10.0, 0.794];[1, 0];
[0.445, 14.667, 14.0, 0.743];[0.429, 14.667, 16.0, 0.783];[1, 0];
[0.416, 14.0, 16.333, 0.724];[0.431, 11.667, 13.333, 0.782];[1, 0];
[0.458, 14.333, 10.0, 0.792];[0.411, 12.333, 12.0, 0.712];[1, 0];
[0.48, 15.667, 11.0, 0.805];[0.437, 13.0, 16.0, 0.692];[0, 1];
[0.429, 12.667, 13.0, 0.77];[0.467, 13.0, 12.0, 0.804];[1, 0];
[0.494, 11.0, 9.333, 0.7];[0.475, 12.667, 10.667, 0.747];[0, 1];
[0.472, 13.333, 12.333, 0.72];[0.488, 14.667, 9.333, 0.696];[0, 1];
[0.398, 14.0, 11.333, 0.729];[0.448, 12.0, 9.333, 0.851];[0, 1];
[0.503, 14.667, 11.0, 0.821];[0.464, 15.0, 10.0, 0.791];[0, 1];
[0.493, 18.333, 11.0, 0.658];[0.428, 15.0, 8.667, 0.753];[1, 0];
[0.508, 15.667, 9.0, 0.825];[0.423, 16.667, 11.0, 0.88];[1, 0];
[0.48, 12.0, 9.333, 0.742];[0.452, 13.0, 8.0, 0.684];[0, 1];
[0.416, 15.0, 12.333, 0.774];[0.431, 14.0, 10.333, 0.857];[1, 0];
[0.42, 14.333, 12.667, 0.766];[0.438, 11.667, 9.0, 0.803];[1, 0];
[0.443, 12.0, 11.0, 0.825];[0.423, 17.333, 11.0, 0.759];[0, 1];
[0.462, 15.333, 12.667, 0.668];[0.418, 11.0, 10.0, 0.658];[0, 1];
[0.471, 13.0, 8.333, 0.774];[0.478, 16.667, 11.333, 0.775];[1, 0];
[0.496, 15.0, 8.333, 0.729];[0.441, 14.0, 12.667, 0.741];[1, 0];
[0.458, 16.333, 12.0, 0.725];[0.548, 12.667, 7.333, 0.674];[1, 0];
[0.476, 13.667, 13.0, 0.597];[0.407, 12.333, 14.667, 0.808];[0, 1];
[0.466, 15.0, 12.333, 0.785];[0.46, 14.0, 10.0, 0.754];[0, 1];
[0.424, 15.0, 12.333, 0.765];[0.438, 16.667, 9.333, 0.808];[1, 0];
[0.375, 14.667, 14.0, 0.694];[0.529, 14.667, 11.667, 0.951];[0, 1];
[0.425, 15.333, 13.667, 0.834];[0.444, 15.333, 11.0, 0.678];[0, 1];
[0.406, 16.333, 9.0, 0.76];[0.434, 17.333, 14.667, 0.81];[0, 1];
[0.441, 14.333, 15.0, 0.743];[0.452, 14.0, 11.0, 0.721];[1, 0];
[0.506, 13.333, 9.333, 0.828];[0.426, 13.0, 8.667, 0.684];[0, 1];
[0.414, 10.333, 14.0, 0.663];[0.431, 17.0, 13.0, 0.685];[0, 1];
[0.425, 13.667, 14.333, 0.821];[0.408, 13.667, 8.667, 0.768];[0, 1];
[0.449, 13.0, 13.667, 0.819];[0.445, 12.667, 11.0, 0.803];[1, 0];
[0.465, 18.0, 11.0, 0.917];[0.506, 14.0, 8.0, 0.611];[1, 0];
[0.423, 10.667, 15.667, 0.739];[0.487, 15.0, 13.333, 0.717];[0, 1];
[0.465, 13.0, 9.333, 0.846];[0.547, 17.333, 9.0, 0.68];[0, 1];
[0.47, 12.667, 10.667, 0.726];[0.439, 12.0, 9.333, 0.718];[0, 1];
[0.44, 15.0, 10.667, 0.867];[0.487, 12.0, 8.333, 0.702];[0, 1];
[0.548, 16.667, 5.667, 0.783];[0.478, 16.0, 9.667, 0.654];[1, 0];
[0.431, 15.0, 14.667, 0.733];[0.479, 13.667, 9.667, 0.825];[1, 0];
[0.464, 14.0, 13.0, 0.709];[0.477, 12.667, 9.0, 0.67];[0, 1];
[0.41, 13.0, 12.667, 0.74];[0.476, 15.333, 8.667, 0.829];[1, 0];
[0.434, 11.0, 7.333, 0.735];[0.456, 15.0, 10.0, 0.706];[1, 0];
[0.437, 10.0, 10.333, 0.735];[0.476, 15.333, 7.0, 0.606];[1, 0];
[0.489, 16.333, 12.0, 0.778];[0.391, 11.0, 11.0, 0.713];[1, 0];
[0.481, 19.0, 10.667, 0.763];[0.449, 15.0, 15.667, 0.766];[0, 1];
[0.433, 13.333, 14.0, 0.789];[0.408, 12.0, 13.0, 0.752];[0, 1];
[0.468, 10.667, 7.667, 0.81];[0.466, 11.0, 11.0, 0.732];[1, 0];
[0.478, 12.0, 10.0, 0.697];[0.452, 13.667, 8.667, 0.707];[0, 1];
[0.473, 13.333, 9.0, 0.797];[0.46, 10.667, 12.333, 0.718];[0, 1];
[0.449, 14.333, 11.667, 0.733];[0.484, 17.0, 15.333, 0.796];[0, 1];
[0.431, 12.667, 12.333, 0.675];[0.527, 13.667, 7.667, 0.827];[1, 0];
[0.517, 14.667, 10.0, 0.774];[0.39, 12.333, 17.0, 0.734];[0, 1];
[0.401, 13.0, 12.0, 0.694];[0.436, 14.0, 9.667, 0.699];[1, 0];
[0.431, 13.333, 10.667, 0.756];[0.405, 10.667, 12.333, 0.861];[0, 1];
[0.497, 12.0, 8.333, 0.714];[0.437, 12.667, 12.0, 0.778];[1, 0];
[0.394, 14.333, 10.0, 0.841];[0.482, 18.667, 9.0, 0.828];[0, 1];
[0.439, 16.333, 12.333, 0.757];[0.433, 14.333, 10.667, 0.882];[0, 1];
[0.438, 13.667, 11.0, 0.742];[0.485, 11.667, 9.333, 0.593];[1, 0];
[0.467, 12.333, 10.667, 0.631];[0.485, 13.667, 8.333, 0.645];[1, 0];
[0.449, 13.0, 10.0, 0.741];[0.412, 13.667, 11.333, 0.702];[0, 1];
[0.421, 16.667, 9.0, 0.744];[0.489, 15.333, 9.0, 0.801];[0, 1];
[0.492, 16.667, 8.333, 0.854];[0.467, 16.0, 10.333, 0.653];[1, 0];
[0.526, 15.667, 12.0, 0.74];[0.473, 13.333, 10.333, 0.676];[1, 0];
[0.454, 15.667, 11.0, 0.805];[0.493, 17.333, 10.0, 0.826];[1, 0];
[0.45, 16.333, 10.333, 0.731];[0.439, 14.0, 10.333, 0.768];[1, 0];
[0.638, 17.0, 5.0, 0.767];[0.429, 10.0, 15.0, 0.75];[0, 1];
[0.421, 13.0, 12.333, 0.712];[0.444, 14.667, 15.0, 0.701];[1, 0];
[0.475, 13.333, 16.0, 0.817];[0.502, 12.667, 9.667, 0.776];[1, 0];
[0.463, 12.0, 13.0, 0.695];[0.419, 14.333, 20.667, 0.608];[0, 1];
[0.42, 18.333, 11.667, 0.768];[0.461, 14.667, 12.667, 0.728];[0, 1];
[0.453, 16.333, 13.0, 0.789];[0.389, 16.333, 12.0, 0.809];[0, 1];
[0.386, 14.0, 13.667, 0.798];[0.405, 11.0, 16.0, 0.683];[0, 1];
[0.414, 11.667, 14.667, 0.672];[0.465, 12.0, 6.333, 0.714];[1, 0];
[0.424, 9.667, 8.333, 0.7];[0.484, 14.667, 12.333, 0.695];[0, 1];
[0.452, 12.0, 10.333, 0.659];[0.424, 16.0, 11.0, 0.77];[1, 0];
[0.41, 11.0, 11.333, 0.686];[0.445, 13.0, 9.0, 0.712];[1, 0];
[0.497, 13.0, 8.333, 0.702];[0.498, 11.667, 9.667, 0.835];[0, 1];
[0.376, 15.333, 12.667, 0.809];[0.444, 11.0, 16.0, 0.882];[0, 1];
[0.48, 16.667, 11.0, 0.843];[0.414, 12.667, 13.667, 0.681];[1, 0];
[0.482, 14.333, 11.333, 0.757];[0.457, 9.667, 13.333, 0.696];[0, 1];
[0.438, 12.333, 11.0, 0.767];[0.428, 15.667, 15.0, 0.785];[1, 0];
[0.498, 19.333, 12.333, 0.638];[0.36, 11.0, 11.0, 0.792];[0, 1];
[0.382, 16.333, 14.333, 0.7];[0.448, 12.333, 13.0, 0.651];[0, 1];
[0.447, 14.0, 8.667, 0.783];[0.442, 15.333, 6.333, 0.716];[1, 0];
[0.483, 14.667, 8.667, 0.834];[0.468, 14.667, 11.667, 0.75];[1, 0];
[0.458, 19.0, 11.333, 0.832];[0.472, 15.667, 10.667, 0.708];[0, 1];
[0.439, 12.667, 4.0, 0.676];[0.388, 14.0, 11.333, 0.752];[0, 1];
[0.475, 10.667, 14.667, 0.678];[0.451, 14.333, 13.333, 0.649];[0, 1];
[0.442, 13.333, 12.667, 0.617];[0.469, 13.667, 13.667, 0.726];[0, 1];
[0.475, 16.333, 7.667, 0.734];[0.448, 13.667, 7.333, 0.778];[1, 0];
[0.446, 13.0, 13.333, 0.779];[0.491, 17.667, 11.0, 0.941];[1, 0];
[0.469, 12.0, 8.0, 0.757];[0.422, 11.333, 13.667, 0.725];[0, 1];
[0.494, 17.0, 11.667, 0.711];[0.429, 17.667, 12.0, 0.759];[1, 0];
[0.483, 11.333, 10.0, 0.745];[0.448, 15.333, 10.667, 0.717];[1, 0];
[0.513, 16.667, 9.667, 0.719];[0.436, 13.667, 14.333, 0.792];[1, 0];
[0.455, 10.0, 14.0, 0.674];[0.488, 17.0, 10.0, 0.867];[1, 0];
[0.488, 12.0, 12.667, 0.663];[0.443, 16.667, 12.0, 0.77];[1, 0];
[0.469, 10.667, 14.0, 0.79];[0.438, 12.333, 9.667, 0.831];[0, 1];
[0.473, 15.333, 10.667, 0.881];[0.48, 10.667, 11.333, 0.836];[0, 1];
[0.414, 15.333, 14.333, 0.697];[0.446, 11.667, 11.667, 0.741];[1, 0];
[0.448, 17.667, 14.333, 0.825];[0.404, 13.333, 13.333, 0.785];[0, 1];
[0.487, 10.0, 10.0, 0.617];[0.474, 13.667, 11.667, 0.748];[1, 0];
[0.484, 12.0, 7.333, 0.78];[0.42, 15.667, 9.333, 0.804];[1, 0];
[0.448, 13.667, 13.333, 0.825];[0.417, 15.333, 10.333, 0.788];[1, 0];
[0.433, 15.0, 7.333, 0.713];[0.395, 11.667, 12.667, 0.758];[0, 1];
[0.401, 12.0, 11.333, 0.829];[0.459, 13.333, 9.667, 0.704];[0, 1];
[0.505, 11.667, 12.333, 0.713];[0.466, 12.667, 16.667, 0.743];[1, 0];
[0.414, 18.0, 14.667, 0.675];[0.468, 17.0, 8.667, 0.842];[1, 0];
[0.434, 11.0, 10.333, 0.751];[0.457, 14.333, 11.667, 0.856];[0, 1];
[0.417, 15.667, 10.667, 0.795];[0.439, 13.333, 9.0, 0.756];[0, 1];
[0.481, 12.0, 10.333, 0.811];[0.393, 14.667, 13.0, 0.685];[1, 0];
[0.481, 13.333, 10.333, 0.732];[0.447, 16.0, 9.667, 0.837];[1, 0];
[0.475, 12.333, 14.333, 0.654];[0.452, 15.667, 10.667, 0.751];[0, 1];
[0.403, 13.333, 9.333, 0.64];[0.491, 17.0, 13.0, 0.772];[0, 1];
[0.391, 12.333, 16.0, 0.747];[0.446, 12.0, 13.667, 0.708];[0, 1];
[0.49, 15.0, 10.667, 0.757];[0.457, 13.0, 9.667, 0.863];[1, 0];
[0.465, 10.333, 11.0, 0.818];[0.481, 16.333, 13.667, 0.754];[1, 0];
[0.56, 11.333, 7.333, 0.773];[0.466, 11.333, 11.0, 0.728];[0, 1];
[0.404, 9.0, 8.667, 0.769];[0.434, 14.333, 8.667, 0.735];[1, 0];
[0.48, 16.667, 10.0, 0.814];[0.397, 14.0, 12.333, 0.67];[1, 0];
[0.499, 16.0, 6.333, 0.812];[0.409, 11.667, 12.333, 0.703];[1, 0];
[0.459, 12.667, 12.333, 0.713];[0.458, 13.0, 11.667, 0.798];[1, 0];
[0.493, 12.0, 6.333, 0.886];[0.476, 14.333, 10.333, 0.667];[1, 0];
[0.463, 13.0, 13.333, 0.702];[0.478, 13.667, 12.667, 0.794];[1, 0];
[0.457, 12.667, 12.667, 0.796];[0.483, 15.333, 12.0, 0.73];[0, 1];
[0.487, 13.0, 11.667, 0.791];[0.447, 9.333, 12.333, 0.909];[0, 1];
[0.384, 14.333, 15.0, 0.75];[0.435, 15.333, 14.0, 0.712];[0, 1];
[0.478, 14.333, 8.0, 0.701];[0.43, 18.0, 10.0, 0.8];[0, 1];
[0.418, 11.667, 11.667, 0.823];[0.497, 12.333, 11.0, 0.784];[0, 1];
[0.469, 13.333, 13.0, 0.777];[0.386, 13.0, 16.333, 0.784];[0, 1];
[0.396, 13.667, 14.667, 0.784];[0.449, 14.0, 9.0, 0.761];[0, 1];
[0.493, 16.0, 11.667, 0.828];[0.491, 13.0, 10.0, 0.809];[1, 0];
[0.501, 13.667, 6.333, 0.778];[0.46, 15.0, 12.667, 0.856];[1, 0];
[0.447, 16.333, 8.667, 0.837];[0.464, 9.333, 8.667, 0.78];[1, 0];
[0.469, 15.333, 10.0, 0.788];[0.43, 14.333, 10.0, 0.793];[1, 0];
[0.42, 14.667, 13.333, 0.829];[0.499, 15.0, 8.333, 0.71];[0, 1];
[0.449, 12.333, 15.0, 0.808];[0.506, 16.333, 12.667, 0.786];[0, 1];
[0.489, 14.0, 10.0, 0.682];[0.404, 14.667, 8.667, 0.708];[1, 0];
[0.421, 13.667, 10.667, 0.691];[0.397, 15.667, 12.333, 0.644];[0, 1];
[0.456, 13.333, 13.0, 0.837];[0.472, 11.667, 9.333, 0.852];[0, 1];
[0.434, 14.667, 13.667, 0.722];[0.5, 19.0, 8.0, 0.854];[0, 1];
[0.457, 12.0, 11.0, 0.663];[0.41, 12.667, 13.0, 0.65];[1, 0];
[0.505, 15.0, 10.333, 0.855];[0.458, 13.667, 12.667, 0.707];[1, 0];
[0.431, 15.0, 12.667, 0.713];[0.502, 15.333, 12.333, 0.591];[1, 0];
[0.411, 14.0, 9.0, 0.753];[0.427, 12.0, 9.0, 0.816];[0, 1];
[0.468, 15.667, 11.667, 0.736];[0.5, 11.333, 10.0, 0.796];[0, 1];
[0.525, 13.667, 8.667, 0.813];[0.448, 14.333, 13.667, 0.68];[0, 1];
[0.48, 15.333, 10.333, 0.691];[0.458, 12.0, 14.0, 0.685];[1, 0];
[0.442, 16.667, 11.0, 0.75];[0.513, 15.667, 12.0, 0.635];[1, 0];
[0.434, 13.333, 11.0, 0.824];[0.454, 14.333, 13.0, 0.716];[0, 1];
[0.448, 13.333, 10.667, 0.777];[0.438, 16.333, 7.0, 0.803];[1, 0];
[0.36, 11.0, 11.0, 0.813];[0.405, 17.0, 11.0, 0.519];[0, 1];
[0.421, 10.0, 10.333, 0.729];[0.431, 12.667, 15.0, 0.775];[0, 1];
[0.474, 16.333, 11.667, 0.747];[0.429, 14.333, 9.333, 0.709];[1, 0];
[0.456, 16.333, 11.0, 0.858];[0.42, 13.333, 11.667, 0.702];[1, 0];
[0.44, 13.333, 8.333, 0.744];[0.384, 12.667, 11.667, 0.884];[1, 0];
[0.465, 15.0, 10.333, 0.824];[0.475, 17.667, 9.0, 0.85];[0, 1];
[0.479, 18.333, 9.333, 0.646];[0.389, 14.0, 11.333, 0.817];[0, 1];
[0.424, 12.667, 12.0, 0.727];[0.503, 17.667, 9.667, 0.815];[1, 0];
[0.412, 13.333, 11.667, 0.788];[0.384, 15.0, 12.667, 0.807];[0, 1];
[0.474, 10.333, 14.0, 0.669];[0.456, 12.333, 12.0, 0.771];[1, 0];
[0.517, 12.667, 8.333, 0.686];[0.409, 13.333, 8.333, 0.681];[1, 0];
[0.504, 10.0, 10.0, 0.836];[0.438, 10.333, 11.333, 0.741];[1, 0];
[0.425, 15.0, 10.333, 0.698];[0.464, 13.0, 9.333, 0.729];[0, 1];
[0.446, 13.333, 13.0, 0.76];[0.493, 12.667, 9.333, 0.826];[0, 1];
[0.462, 12.667, 12.0, 0.749];[0.501, 16.667, 12.333, 0.71];[0, 1];
[0.425, 11.667, 6.333, 0.651];[0.412, 15.667, 7.333, 0.835];[0, 1];
[0.447, 16.667, 12.667, 0.795];[0.442, 12.667, 12.0, 0.83];[1, 0];
[0.419, 15.333, 10.0, 0.839];[0.452, 10.333, 8.667, 0.707];[0, 1];
[0.405, 12.0, 9.667, 0.795];[0.456, 8.667, 10.667, 0.836];[0, 1];
[0.481, 13.333, 8.333, 0.86];[0.457, 16.0, 12.667, 0.769];[1, 0];
[0.436, 15.0, 17.0, 0.719];[0.447, 13.0, 14.667, 0.81];[1, 0];
[0.435, 11.667, 5.667, 0.796];[0.472, 11.333, 13.333, 0.751];[0, 1];
[0.428, 17.667, 14.333, 0.738];[0.465, 20.0, 7.0, 0.909];[1, 0];
[0.416, 13.667, 13.0, 0.8];[0.452, 16.667, 13.0, 0.619];[1, 0];
[0.499, 10.333, 8.333, 0.715];[0.55, 15.333, 6.667, 0.647];[1, 0];
[0.446, 18.0, 8.333, 0.605];[0.423, 11.667, 13.667, 0.68];[0, 1];
[0.506, 15.333, 8.333, 0.613];[0.468, 15.0, 11.667, 0.777];[1, 0];
[0.498, 13.0, 9.0, 0.695];[0.454, 16.667, 17.333, 0.636];[1, 0];
[0.426, 13.333, 9.0, 0.816];[0.44, 12.667, 9.333, 0.926];[1, 0];
[0.461, 13.0, 12.667, 0.821];[0.471, 11.0, 12.0, 0.759];[1, 0];
[0.442, 11.667, 12.667, 0.737];[0.435, 15.667, 10.333, 0.748];[1, 0];
[0.493, 15.0, 10.333, 0.667];[0.462, 14.333, 11.333, 0.747];[0, 1];
[0.435, 11.333, 10.333, 0.799];[0.506, 19.333, 10.667, 0.809];[0, 1];
[0.445, 12.333, 10.667, 0.667];[0.466, 12.667, 9.0, 0.808];[0, 1];
[0.445, 15.0, 10.0, 0.873];[0.428, 12.333, 15.0, 0.749];[0, 1];
[0.45, 16.667, 12.667, 0.792];[0.47, 10.333, 9.333, 0.785];[1, 0];
[0.47, 13.0, 9.0, 0.733];[0.45, 14.333, 8.0, 0.729];[1, 0];
[0.418, 9.333, 11.0, 0.747];[0.47, 16.667, 12.0, 0.624];[1, 0];
[0.447, 15.0, 9.333, 0.706];[0.392, 16.333, 15.333, 0.669];[1, 0];
[0.447, 15.667, 10.333, 0.778];[0.465, 18.667, 14.333, 0.805];[0, 1];
[0.466, 15.333, 10.667, 0.783];[0.474, 12.667, 13.667, 0.757];[0, 1];
[0.381, 14.0, 15.0, 0.667];[0.43, 18.0, 10.0, 0.8];[0, 1];
[0.47, 11.667, 13.0, 0.753];[0.422, 12.333, 13.667, 0.718];[0, 1];
[0.478, 13.0, 9.667, 0.817];[0.475, 13.333, 7.0, 0.755];[1, 0];
[0.463, 12.0, 12.333, 0.639];[0.496, 16.0, 11.667, 0.799];[0, 1];
[0.47, 16.667, 11.667, 0.724];[0.449, 13.0, 13.667, 0.812];[1, 0];
[0.437, 15.0, 9.667, 0.72];[0.435, 15.333, 14.0, 0.651];[0, 1];
[0.393, 14.333, 9.667, 0.734];[0.415, 15.0, 11.333, 0.743];[0, 1];
[0.428, 9.333, 12.333, 0.788];[0.453, 9.667, 13.0, 0.74];[1, 0];
[0.474, 13.333, 8.667, 0.742];[0.459, 15.0, 8.333, 0.861];[0, 1];
[0.454, 14.667, 9.0, 0.769];[0.461, 14.333, 10.667, 0.764];[1, 0];
[0.413, 13.667, 13.0, 0.779];[0.413, 9.0, 10.333, 0.767];[1, 0];
[0.43, 19.0, 17.667, 0.758];[0.386, 8.667, 15.333, 0.748];[0, 1];
[0.459, 15.0, 10.333, 0.693];[0.458, 13.667, 14.0, 0.775];[0, 1];
[0.554, 11.0, 7.0, 0.761];[0.419, 11.0, 13.0, 0.815];[1, 0];
[0.46, 16.0, 12.667, 0.791];[0.49, 17.333, 13.0, 0.687];[0, 1];
[0.521, 12.0, 6.333, 0.679];[0.388, 14.333, 16.0, 0.709];[1, 0];
[0.388, 10.0, 9.0, 0.748];[0.399, 14.333, 12.0, 0.679];[1, 0];
[0.488, 14.333, 11.333, 0.761];[0.426, 17.333, 10.333, 0.667];[1, 0];
[0.498, 11.667, 9.0, 0.836];[0.449, 13.333, 13.667, 0.719];[1, 0];
[0.478, 16.667, 11.667, 0.779];[0.483, 16.333, 12.0, 0.845];[1, 0];
[0.516, 13.0, 12.667, 0.799];[0.468, 18.0, 14.0, 0.631];[1, 0];
[0.422, 13.0, 11.333, 0.783];[0.414, 17.667, 13.667, 0.781];[0, 1];
[0.453, 14.667, 14.667, 0.772];[0.478, 13.0, 13.0, 0.81];[0, 1];
[0.489, 14.667, 8.333, 0.682];[0.462, 18.0, 15.333, 0.763];[0, 1];
[0.43, 14.0, 9.667, 0.715];[0.484, 12.0, 13.667, 0.746];[0, 1];
[0.462, 14.0, 6.333, 0.767];[0.431, 12.667, 11.0, 0.826];[0, 1];
[0.442, 12.667, 10.667, 0.699];[0.392, 14.333, 14.333, 0.629];[1, 0];
[0.379, 11.667, 15.333, 0.784];[0.453, 12.333, 8.667, 0.843];[1, 0];
[0.454, 15.667, 7.333, 0.812];[0.448, 16.0, 11.0, 0.752];[0, 1];
[0.46, 12.667, 9.333, 0.892];[0.406, 15.0, 13.333, 0.762];[1, 0];
[0.478, 13.333, 12.0, 0.753];[0.401, 13.667, 13.333, 0.717];[0, 1];
[0.433, 13.667, 15.0, 0.85];[0.405, 14.0, 14.0, 0.837];[1, 0];
[0.484, 14.333, 12.0, 0.816];[0.453, 16.667, 11.0, 0.719];[0, 1];
[0.423, 15.667, 11.0, 0.763];[0.426, 16.667, 12.333, 0.733];[0, 1];
[0.492, 15.333, 8.333, 0.792];[0.378, 13.0, 16.0, 0.677];[1, 0];
[0.492, 12.0, 11.0, 0.757];[0.508, 11.667, 7.0, 0.828];[0, 1];
[0.482, 16.333, 13.0, 0.739];[0.421, 13.667, 13.0, 0.891];[1, 0];
[0.41, 15.333, 15.667, 0.883];[0.444, 14.333, 10.667, 0.799];[0, 1];
[0.499, 15.333, 12.667, 0.723];[0.524, 16.667, 13.333, 0.804];[0, 1];
[0.447, 11.667, 16.0, 0.816];[0.444, 13.0, 9.333, 0.721];[0, 1];
[0.468, 13.0, 6.333, 0.868];[0.453, 15.333, 9.0, 0.843];[1, 0];
[0.421, 17.667, 8.667, 0.692];[0.478, 15.333, 11.667, 0.801];[0, 1];
[0.457, 16.667, 11.333, 0.648];[0.435, 13.667, 12.0, 0.688];[0, 1];
[0.412, 14.667, 11.667, 0.764];[0.495, 16.333, 8.0, 0.756];[1, 0];
[0.467, 16.333, 13.667, 0.707];[0.47, 11.667, 9.333, 0.701];[0, 1];
[0.461, 13.333, 14.0, 0.839];[0.482, 11.667, 9.0, 0.711];[0, 1];
[0.458, 15.667, 11.667, 0.782];[0.423, 10.333, 10.333, 0.777];[0, 1];
[0.493, 17.0, 11.0, 0.788];[0.468, 13.0, 9.0, 0.857];[1, 0];
[0.418, 17.0, 10.333, 0.778];[0.418, 13.333, 6.333, 0.798];[1, 0];
[0.435, 12.667, 13.667, 0.903];[0.497, 12.667, 12.333, 0.723];[1, 0];
[0.447, 12.0, 8.667, 0.684];[0.408, 11.0, 9.0, 0.757];[1, 0];
[0.446, 12.333, 13.0, 0.805];[0.48, 13.0, 7.667, 0.838];[1, 0];
[0.425, 9.0, 13.667, 0.771];[0.437, 14.333, 12.0, 0.7];[1, 0];
[0.4, 10.667, 14.333, 0.779];[0.413, 12.0, 13.667, 0.732];[0, 1];
[0.486, 12.333, 12.333, 0.795];[0.502, 13.333, 8.667, 0.817];[1, 0];
[0.444, 14.667, 12.0, 0.777];[0.391, 13.333, 13.333, 0.783];[1, 0];
[0.518, 19.0, 9.0, 0.91];[0.536, 10.0, 12.667, 0.761];[0, 1];
[0.513, 13.667, 8.667, 0.744];[0.485, 12.667, 9.667, 0.742];[0, 1];
[0.458, 12.667, 15.333, 0.688];[0.398, 13.667, 10.0, 0.729];[0, 1];
[0.396, 13.667, 12.0, 0.695];[0.459, 23.0, 8.333, 0.781];[0, 1];
[0.434, 14.333, 16.333, 0.64];[0.453, 16.333, 16.0, 0.765];[1, 0];
[0.52, 10.0, 7.667, 0.821];[0.47, 11.667, 8.667, 0.734];[0, 1];
[0.404, 16.0, 9.333, 0.717];[0.425, 13.333, 10.333, 0.633];[0, 1];
[0.405, 14.333, 12.333, 0.855];[0.508, 14.333, 10.0, 0.717];[0, 1];
[0.512, 12.333, 8.667, 0.729];[0.434, 15.667, 14.333, 0.804];[0, 1];
[0.407, 13.667, 12.333, 0.76];[0.461, 13.333, 10.667, 0.748];[0, 1];
[0.481, 14.0, 9.0, 0.734];[0.467, 18.333, 8.0, 0.831];[0, 1];
[0.401, 15.667, 10.333, 0.738];[0.425, 14.333, 10.667, 0.783];[1, 0];
[0.446, 13.667, 13.333, 0.702];[0.464, 11.333, 9.667, 0.835];[0, 1];
[0.498, 11.667, 12.0, 0.754];[0.48, 9.667, 9.667, 0.786];[0, 1];
[0.474, 13.0, 9.667, 0.693];[0.447, 13.333, 12.0, 0.799];[1, 0];
[0.474, 14.667, 10.0, 0.717];[0.483, 9.667, 6.333, 0.79];[1, 0];
[0.423, 15.0, 11.667, 0.752];[0.436, 16.0, 11.333, 0.768];[0, 1];
[0.442, 17.333, 14.667, 0.72];[0.463, 15.0, 9.333, 0.73];[1, 0];
[0.472, 17.0, 11.0, 0.818];[0.466, 14.333, 9.0, 0.724];[0, 1];
[0.487, 11.333, 13.0, 0.83];[0.446, 14.333, 14.0, 0.76];[1, 0];
[0.459, 13.333, 13.0, 0.635];[0.408, 11.667, 14.333, 0.759];[1, 0];
[0.456, 11.0, 9.333, 0.748];[0.47, 16.0, 9.667, 0.775];[0, 1];
[0.45, 11.667, 11.333, 0.79];[0.499, 15.667, 14.667, 0.682];[0, 1];
[0.416, 14.667, 11.333, 0.683];[0.428, 11.333, 8.667, 0.683];[0, 1];
[0.426, 16.333, 11.333, 0.747];[0.419, 15.333, 10.333, 0.748];[1, 0];
[0.45, 14.0, 11.667, 0.65];[0.449, 15.333, 10.333, 0.662];[0, 1];
[0.466, 14.667, 9.0, 0.743];[0.543, 12.0, 13.0, 0.761];[0, 1];
[0.399, 13.333, 11.333, 0.697];[0.454, 16.667, 12.667, 0.79];[1, 0];
[0.498, 10.333, 11.0, 0.831];[0.418, 13.667, 12.0, 0.743];[1, 0];
[0.487, 12.0, 14.0, 0.823];[0.405, 12.667, 17.333, 0.683];[0, 1];
[0.455, 12.333, 14.333, 0.799];[0.438, 11.0, 13.0, 0.704];[0, 1];
[0.497, 12.333, 7.333, 0.632];[0.482, 14.333, 8.667, 0.721];[0, 1];
[0.449, 13.667, 15.667, 0.754];[0.471, 11.0, 11.333, 0.763];[1, 0];
[0.481, 13.0, 7.0, 0.697];[0.429, 17.0, 12.333, 0.681];[0, 1];
[0.43, 12.0, 7.333, 0.693];[0.47, 13.333, 12.667, 0.71];[1, 0];
[0.456, 14.667, 9.0, 0.848];[0.468, 16.0, 13.333, 0.738];[0, 1];
[0.448, 18.0, 11.667, 0.684];[0.471, 9.0, 8.0, 0.717];[1, 0];
[0.414, 12.667, 12.0, 0.699];[0.448, 10.333, 9.667, 0.809];[1, 0];
[0.503, 13.0, 9.667, 0.541];[0.435, 15.667, 14.0, 0.741];[1, 0];
[0.45, 12.667, 9.0, 0.646];[0.399, 16.333, 8.333, 0.716];[1, 0];
[0.442, 12.667, 9.0, 0.78];[0.396, 11.667, 17.0, 0.775];[0, 1];
[0.491, 13.667, 6.333, 0.806];[0.423, 15.333, 12.667, 0.753];[1, 0];
[0.463, 13.667, 11.0, 0.689];[0.427, 14.667, 7.667, 0.734];[1, 0];
[0.445, 13.333, 10.333, 0.774];[0.476, 18.333, 7.333, 0.707];[0, 1];
[0.489, 12.333, 7.0, 0.811];[0.525, 13.333, 8.667, 0.812];[1, 0];
[0.418, 15.333, 11.667, 0.633];[0.407, 14.667, 12.0, 0.777];[0, 1];
[0.451, 12.667, 13.333, 0.685];[0.401, 10.333, 13.0, 0.712];[1, 0];
[0.469, 14.333, 10.0, 0.738];[0.468, 12.333, 10.667, 0.895];[0, 1];
[0.443, 17.0, 8.333, 0.647];[0.478, 15.333, 10.667, 0.697];[1, 0];
[0.42, 12.0, 9.667, 0.76];[0.444, 10.667, 12.333, 0.75];[1, 0];
[0.458, 14.667, 13.333, 0.892];[0.425, 13.333, 7.667, 0.896];[0, 1];
[0.457, 14.333, 12.333, 0.762];[0.444, 15.667, 12.667, 0.706];[1, 0];
[0.456, 11.667, 11.667, 0.791];[0.482, 13.333, 10.667, 0.703];[1, 0];
[0.467, 11.0, 14.333, 0.653];[0.395, 10.0, 9.333, 0.779];[1, 0];
[0.457, 16.333, 8.333, 0.68];[0.486, 12.333, 11.0, 0.859];[0, 1];
[0.438, 17.0, 10.0, 0.762];[0.404, 15.667, 13.0, 0.78];[1, 0];
[0.405, 11.667, 14.0, 0.771];[0.469, 11.667, 7.667, 0.726];[1, 0];
[0.365, 10.333, 11.667, 0.67];[0.468, 16.667, 7.667, 0.851];[0, 1];
[0.469, 14.667, 10.0, 0.742];[0.468, 15.333, 10.667, 0.79];[1, 0];
[0.435, 12.667, 11.333, 0.679];[0.392, 12.667, 14.0, 0.739];[0, 1];
[0.483, 6.667, 8.0, 0.869];[0.401, 14.0, 12.333, 0.861];[1, 0];
[0.492, 12.333, 8.0, 0.69];[0.439, 12.333, 13.667, 0.717];[0, 1];
[0.513, 14.333, 13.0, 0.782];[0.407, 17.0, 10.667, 0.646];[0, 1];
[0.468, 9.333, 6.667, 0.774];[0.433, 12.0, 8.667, 0.822];[1, 0];
[0.424, 14.0, 13.0, 0.724];[0.514, 15.667, 9.0, 0.722];[0, 1];
[0.436, 11.333, 10.333, 0.764];[0.501, 13.667, 9.0, 0.712];[0, 1];
[0.427, 13.333, 17.667, 0.83];[0.496, 15.667, 9.0, 0.847];[1, 0];
[0.47, 8.333, 8.667, 0.662];[0.497, 12.333, 12.0, 0.799];[1, 0];
[0.425, 18.667, 8.0, 0.828];[0.433, 13.667, 16.333, 0.718];[0, 1];
[0.42, 15.0, 11.667, 0.715];[0.421, 15.333, 14.333, 0.699];[0, 1];
[0.495, 13.333, 9.0, 0.714];[0.422, 13.333, 9.0, 0.824];[1, 0];
[0.454, 14.0, 10.0, 0.818];[0.387, 14.333, 16.333, 0.658];[0, 1];
[0.441, 16.0, 12.667, 0.625];[0.523, 17.667, 11.333, 0.827];[1, 0];
[0.45, 14.333, 15.0, 0.769];[0.475, 13.333, 9.0, 0.781];[1, 0];
[0.452, 18.333, 8.0, 0.805];[0.453, 18.0, 10.0, 0.687];[1, 0];
[0.454, 19.0, 13.333, 0.766];[0.507, 16.333, 10.667, 0.866];[1, 0];
[0.461, 19.667, 12.0, 0.752];[0.483, 15.667, 9.333, 0.882];[0, 1];
[0.418, 14.0, 12.333, 0.766];[0.414, 15.333, 14.667, 0.631];[1, 0];
[0.41, 12.333, 15.0, 0.587];[0.442, 16.0, 12.0, 0.686];[0, 1];
[0.493, 13.0, 9.0, 0.757];[0.458, 16.667, 10.333, 0.764];[0, 1];
[0.398, 15.667, 13.0, 0.878];[0.463, 17.0, 10.667, 0.761];[0, 1];
[0.397, 13.333, 14.667, 0.76];[0.477, 11.333, 9.667, 0.813];[0, 1];
[0.46, 10.667, 13.0, 0.597];[0.429, 12.0, 13.667, 0.744];[1, 0];
[0.45, 12.667, 8.0, 0.88];[0.504, 16.333, 8.333, 0.813];[1, 0];
[0.445, 12.333, 11.667, 0.728];[0.436, 13.333, 13.333, 0.697];[1, 0];
[0.49, 12.333, 11.0, 0.704];[0.448, 12.667, 11.0, 0.592];[1, 0];
[0.457, 17.333, 8.333, 0.751];[0.432, 11.667, 8.333, 0.781];[0, 1];
[0.405, 12.333, 7.333, 0.757];[0.422, 14.0, 9.0, 0.805];[0, 1];
[0.461, 16.0, 14.0, 0.789];[0.482, 16.0, 12.667, 0.722];[0, 1];
[0.448, 16.0, 11.333, 0.772];[0.422, 13.0, 13.0, 0.752];[1, 0];
[0.448, 10.0, 12.0, 0.596];[0.443, 13.333, 11.667, 0.587];[0, 1];
[0.523, 12.0, 8.333, 0.917];[0.454, 13.333, 9.0, 0.837];[1, 0];
[0.374, 17.0, 14.333, 0.802];[0.47, 16.667, 10.0, 0.73];[0, 1];
[0.394, 17.0, 16.333, 0.738];[0.419, 16.0, 11.0, 0.649];[1, 0];
[0.456, 16.333, 9.667, 0.8];[0.401, 11.333, 9.667, 0.725];[0, 1];
[0.507, 16.667, 11.333, 0.752];[0.506, 10.667, 11.0, 0.698];[0, 1];
[0.463, 14.0, 12.0, 0.829];[0.479, 15.667, 5.667, 0.86];[0, 1];
[0.482, 13.667, 10.667, 0.779];[0.459, 17.667, 14.0, 0.702];[0, 1];
[0.471, 14.0, 8.0, 0.81];[0.519, 15.0, 3.0, 0.667];[0, 1];
[0.454, 19.333, 10.667, 0.767];[0.503, 16.333, 11.333, 0.752];[0, 1];
[0.412, 14.0, 16.0, 0.5];[0.439, 11.0, 10.333, 0.767];[0, 1];
[0.435, 11.333, 12.0, 0.74];[0.479, 14.0, 9.667, 0.872];[1, 0];
[0.419, 13.667, 12.667, 0.883];[0.449, 15.667, 13.333, 0.718];[1, 0];
[0.399, 11.333, 10.0, 0.787];[0.502, 11.333, 11.333, 0.726];[0, 1];
[0.466, 14.333, 9.333, 0.742];[0.449, 17.667, 12.0, 0.815];[0, 1];
[0.416, 12.667, 10.0, 0.725];[0.478, 13.0, 8.333, 0.769];[0, 1];
[0.507, 19.0, 8.667, 0.678];[0.466, 14.333, 8.667, 0.748];[1, 0];
[0.471, 13.333, 12.333, 0.884];[0.428, 14.667, 12.333, 0.794];[1, 0];
[0.478, 19.333, 11.333, 0.762];[0.452, 10.0, 11.667, 0.759];[1, 0];
[0.431, 15.0, 10.0, 0.76];[0.509, 15.0, 12.0, 0.802];[0, 1];
[0.436, 15.667, 14.0, 0.876];[0.392, 12.667, 9.333, 0.766];[0, 1];
[0.45, 13.667, 11.667, 0.764];[0.429, 11.667, 13.333, 0.732];[1, 0];
[0.482, 13.667, 10.0, 0.804];[0.43, 16.0, 10.667, 0.774];[0, 1];
[0.493, 16.0, 7.667, 0.732];[0.523, 12.333, 9.0, 0.739];[0, 1];
[0.422, 12.667, 10.0, 0.765];[0.473, 12.333, 10.333, 0.871];[0, 1];
[0.459, 15.0, 10.0, 0.721];[0.508, 15.333, 7.0, 0.712];[0, 1];
[0.462, 8.667, 11.0, 0.811];[0.459, 16.667, 12.333, 0.759];[0, 1];
[0.434, 13.0, 10.0, 0.78];[0.397, 15.333, 16.667, 0.68];[0, 1];
[0.439, 14.333, 13.333, 0.886];[0.372, 16.0, 14.333, 0.805];[1, 0];
[0.464, 12.333, 7.667, 0.879];[0.435, 13.0, 15.333, 0.754];[1, 0];
[0.457, 15.667, 12.667, 0.681];[0.522, 13.0, 11.333, 0.787];[1, 0];
[0.453, 16.333, 11.0, 0.741];[0.472, 13.0, 12.333, 0.653];[0, 1];
[0.454, 15.0, 10.0, 0.92];[0.501, 17.0, 7.0, 0.736];[0, 1];
[0.461, 13.333, 13.333, 0.756];[0.424, 12.0, 13.667, 0.646];[0, 1];
[0.455, 10.0, 8.667, 0.738];[0.458, 15.667, 10.667, 0.743];[1, 0];
[0.426, 15.667, 11.333, 0.609];[0.412, 13.667, 9.667, 0.775];[0, 1];
[0.434, 13.667, 13.0, 0.772];[0.477, 17.0, 12.0, 0.787];[0, 1];
[0.476, 11.667, 11.0, 0.831];[0.426, 13.333, 11.333, 0.825];[1, 0];
[0.465, 11.333, 8.333, 0.819];[0.464, 15.0, 11.0, 0.808];[1, 0];
[0.451, 13.0, 10.0, 0.672];[0.476, 15.667, 10.333, 0.734];[0, 1];
[0.436, 15.0, 7.0, 0.706];[0.638, 17.0, 5.0, 0.767];[0, 1];
[0.467, 13.333, 9.667, 0.692];[0.462, 12.0, 11.667, 0.737];[0, 1];
[0.412, 15.333, 11.0, 0.729];[0.46, 16.0, 10.333, 0.791];[1, 0];
[0.468, 14.667, 11.333, 0.756];[0.491, 14.667, 10.0, 0.719];[0, 1];
[0.418, 15.0, 12.333, 0.748];[0.441, 15.0, 12.0, 0.796];[1, 0];
[0.443, 13.333, 14.667, 0.727];[0.454, 15.0, 12.0, 0.76];[1, 0];
[0.518, 15.667, 9.0, 0.824];[0.53, 10.0, 8.333, 0.733];[1, 0];
[0.425, 15.667, 12.333, 0.749];[0.496, 8.333, 7.333, 0.89];[1, 0];
[0.452, 11.0, 9.333, 0.755];[0.444, 11.333, 13.333, 0.918];[1, 0];
[0.448, 13.333, 10.0, 0.822];[0.463, 18.0, 14.667, 0.84];[0, 1];
[0.459, 11.333, 8.0, 0.755];[0.462, 16.333, 10.333, 0.776];[0, 1];
[0.453, 16.0, 14.333, 0.734];[0.381, 14.667, 9.667, 0.657];[1, 0];
[0.454, 16.667, 9.333, 0.766];[0.431, 14.667, 12.667, 0.804];[1, 0];
[0.472, 12.333, 13.667, 0.79];[0.437, 8.667, 11.333, 0.787];[0, 1];
[0.46, 17.0, 9.0, 0.76];[0.448, 15.667, 7.0, 0.751];[0, 1];
[0.482, 16.0, 12.0, 0.768];[0.476, 16.667, 8.0, 0.709];[1, 0];
[0.497, 16.0, 14.0, 0.722];[0.481, 13.333, 7.667, 0.868];[0, 1];
[0.441, 13.667, 11.0, 0.844];[0.456, 13.667, 9.0, 0.82];[0, 1];
[0.487, 10.667, 9.0, 0.773];[0.498, 13.0, 6.333, 0.767];[1, 0];
[0.433, 14.333, 13.667, 0.809];[0.468, 13.667, 14.0, 0.818];[1, 0];
[0.431, 11.0, 12.333, 0.677];[0.446, 13.667, 9.667, 0.774];[0, 1];
[0.437, 12.667, 13.667, 0.689];[0.41, 15.333, 11.333, 0.584];[0, 1];
[0.489, 9.0, 13.0, 0.895];[0.487, 13.333, 9.333, 0.746];[0, 1];
[0.411, 18.333, 11.667, 0.741];[0.418, 9.0, 9.667, 0.848];[1, 0];
[0.439, 14.333, 11.333, 0.821];[0.458, 11.333, 17.333, 0.699];[1, 0];
[0.514, 19.667, 11.333, 0.776];[0.473, 13.667, 11.667, 0.796];[0, 1];
[0.396, 15.0, 15.667, 0.728];[0.483, 16.0, 9.333, 0.841];[0, 1];
[0.485, 18.0, 9.667, 0.805];[0.491, 12.333, 14.667, 0.684];[0, 1];
[0.419, 13.667, 10.667, 0.663];[0.43, 14.667, 12.333, 0.87];[1, 0];
[0.431, 12.667, 11.333, 0.754];[0.454, 11.0, 14.0, 0.695];[0, 1];
[0.431, 12.667, 11.667, 0.742];[0.51, 10.667, 8.333, 0.704];[1, 0];
[0.388, 14.667, 15.0, 0.643];[0.461, 14.333, 13.0, 0.714];[1, 0];
[0.418, 13.0, 17.667, 0.891];[0.494, 12.333, 10.0, 0.745];[1, 0];
[0.485, 11.0, 9.0, 0.798];[0.4, 18.0, 13.667, 0.753];[1, 0];
[0.464, 12.667, 9.667, 0.692];[0.474, 13.333, 10.0, 0.85];[0, 1];
[0.439, 11.333, 8.333, 0.67];[0.492, 14.333, 8.0, 0.698];[1, 0];
[0.479, 13.333, 13.333, 0.717];[0.471, 12.667, 11.0, 0.715];[1, 0];
[0.407, 14.667, 13.0, 0.704];[0.469, 16.333, 9.667, 0.603];[1, 0];
[0.497, 11.0, 9.667, 0.778];[0.492, 14.333, 13.0, 0.711];[0, 1];
[0.436, 12.667, 12.333, 0.722];[0.443, 13.333, 14.0, 0.787];[0, 1];
[0.499, 14.667, 10.667, 0.747];[0.444, 15.0, 11.0, 0.84];[1, 0];
[0.544, 14.0, 6.333, 0.678];[0.435, 15.667, 17.333, 0.725];[1, 0];
[0.451, 11.333, 13.0, 0.684];[0.423, 13.333, 10.333, 0.696];[0, 1];
[0.448, 15.333, 10.0, 0.853];[0.54, 14.333, 11.0, 0.601];[1, 0];
[0.517, 10.667, 6.333, 0.723];[0.482, 15.333, 7.0, 0.764];[1, 0];
[0.446, 13.0, 10.0, 0.745];[0.481, 15.333, 12.333, 0.853];[0, 1];
[0.36, 11.0, 11.0, 0.813];[0.49, 12.0, 13.333, 0.767];[0, 1];
[0.446, 13.333, 13.667, 0.697];[0.486, 12.0, 6.0, 0.78];[1, 0];
[0.419, 12.333, 11.333, 0.809];[0.475, 11.333, 12.0, 0.791];[1, 0];
[0.428, 17.667, 7.667, 0.85];[0.483, 13.333, 7.333, 0.625];[1, 0];
[0.404, 11.333, 12.667, 0.719];[0.515, 16.667, 7.333, 0.781];[1, 0];
[0.478, 14.667, 10.667, 0.626];[0.439, 18.667, 8.333, 0.771];[1, 0];
[0.432, 12.333, 10.667, 0.77];[0.488, 10.667, 9.333, 0.776];[1, 0];
[0.478, 17.667, 9.333, 0.874];[0.425, 14.0, 6.333, 0.735];[0, 1];
[0.441, 14.0, 10.0, 0.77];[0.464, 15.333, 11.667, 0.868];[1, 0];
[0.498, 12.0, 10.0, 0.817];[0.502, 12.333, 8.333, 0.751];[0, 1];
[0.411, 9.0, 10.0, 0.579];[0.524, 16.667, 9.333, 0.771];[0, 1];
[0.461, 16.333, 9.333, 0.653];[0.487, 14.667, 8.667, 0.795];[1, 0];
[0.474, 17.333, 8.333, 0.834];[0.451, 13.333, 12.0, 0.82];[0, 1];
[0.425, 16.667, 11.0, 0.776];[0.414, 10.333, 12.0, 0.752];[0, 1];
[0.505, 11.333, 7.333, 0.657];[0.405, 14.667, 12.0, 0.722];[1, 0];
[0.426, 15.333, 11.667, 0.805];[0.466, 17.333, 9.667, 0.806];[1, 0];
[0.449, 15.0, 10.667, 0.694];[0.487, 8.333, 12.0, 0.746];[0, 1];
[0.417, 13.333, 14.0, 0.77];[0.414, 13.333, 12.333, 0.758];[1, 0];
[0.514, 11.0, 10.0, 0.857];[0.463, 9.0, 13.0, 0.752];[1, 0];
[0.406, 13.0, 16.0, 0.712];[0.496, 11.0, 11.0, 0.818];[1, 0];
[0.463, 21.0, 13.0, 0.653];[0.434, 14.0, 9.667, 0.791];[0, 1];
[0.446, 15.0, 12.333, 0.697];[0.404, 12.333, 8.667, 0.7];[1, 0];
[0.396, 11.333, 15.667, 0.664];[0.41, 13.667, 14.667, 0.712];[1, 0];
[0.376, 16.0, 8.0, 0.731];[0.457, 12.0, 12.0, 0.643];[1, 0];
[0.432, 16.333, 8.333, 0.826];[0.419, 14.667, 11.333, 0.631];[1, 0];
[0.451, 13.0, 14.333, 0.724];[0.387, 13.333, 13.0, 0.735];[1, 0];
[0.485, 13.0, 12.0, 0.759];[0.464, 10.667, 7.0, 0.766];[1, 0];
[0.434, 13.667, 12.667, 0.751];[0.483, 16.667, 8.667, 0.742];[1, 0];
[0.467, 11.667, 8.667, 0.821];[0.452, 14.333, 11.0, 0.797];[0, 1];
[0.413, 11.667, 14.667, 0.772];[0.466, 14.333, 9.0, 0.711];[0, 1];
[0.46, 13.333, 8.667, 0.752];[0.473, 18.333, 14.333, 0.818];[1, 0];
[0.417, 13.0, 12.667, 0.706];[0.459, 14.0, 11.0, 0.583];[1, 0];
[0.466, 12.333, 5.667, 0.688];[0.474, 11.667, 10.667, 0.731];[0, 1];
[0.483, 14.667, 12.333, 0.786];[0.483, 13.0, 10.0, 0.77];[1, 0];
[0.525, 19.333, 9.667, 0.764];[0.527, 17.333, 8.333, 0.745];[0, 1];
[0.521, 17.333, 10.667, 0.69];[0.417, 17.0, 11.333, 0.716];[0, 1];
[0.453, 16.0, 11.333, 0.661];[0.502, 14.667, 13.333, 0.573];[0, 1];
[0.416, 13.0, 15.667, 0.766];[0.475, 19.0, 12.667, 0.725];[1, 0];
[0.427, 11.333, 10.0, 0.77];[0.491, 16.333, 8.333, 0.619];[0, 1];
[0.447, 11.667, 11.333, 0.744];[0.415, 12.667, 10.333, 0.79];[1, 0];
[0.469, 11.333, 9.0, 0.788];[0.542, 19.667, 10.0, 0.777];[1, 0];
[0.509, 11.667, 11.333, 0.838];[0.444, 18.333, 9.333, 0.741];[0, 1];
[0.422, 12.667, 9.333, 0.803];[0.483, 13.333, 11.333, 0.801];[1, 0];
[0.453, 15.0, 15.0, 0.741];[0.447, 12.333, 10.0, 0.815];[1, 0];
[0.397, 13.667, 14.667, 0.754];[0.439, 13.667, 13.0, 0.783];[1, 0];
[0.443, 16.0, 9.333, 0.727];[0.463, 15.667, 14.333, 0.847];[0, 1];
[0.439, 13.667, 12.667, 0.767];[0.484, 17.0, 7.0, 0.851];[0, 1];
[0.401, 15.0, 13.667, 0.716];[0.4, 15.333, 17.667, 0.676];[0, 1];
[0.488, 18.0, 7.667, 0.815];[0.416, 14.0, 13.333, 0.642];[1, 0];
[0.442, 14.0, 11.0, 0.903];[0.507, 15.0, 11.0, 0.768];[0, 1];
[0.422, 17.333, 11.333, 0.6];[0.449, 12.667, 14.333, 0.726];[1, 0];
[0.48, 16.333, 8.333, 0.757];[0.522, 13.667, 12.333, 0.784];[0, 1];
[0.451, 13.333, 14.667, 0.751];[0.511, 11.667, 6.333, 0.741];[0, 1];
[0.447, 15.667, 12.0, 0.713];[0.481, 14.333, 10.667, 0.767];[0, 1];
[0.439, 14.333, 11.667, 0.846];[0.444, 15.0, 12.333, 0.787];[0, 1];
[0.452, 12.667, 9.0, 0.789];[0.454, 15.0, 12.0, 0.845];[1, 0];
[0.44, 10.0, 14.333, 0.548];[0.416, 13.0, 11.333, 0.63];[1, 0];
[0.485, 18.667, 5.333, 0.789];[0.439, 12.333, 10.333, 0.755];[0, 1];
[0.421, 12.667, 9.0, 0.784];[0.467, 17.667, 9.0, 0.845];[0, 1];
[0.427, 11.333, 13.0, 0.732];[0.404, 14.0, 13.333, 0.694];[1, 0];
[0.429, 15.0, 13.333, 0.787];[0.523, 13.667, 11.0, 0.845];[1, 0];
[0.431, 11.333, 14.333, 0.71];[0.453, 15.667, 8.0, 0.917];[1, 0];
[0.419, 15.333, 12.0, 0.908];[0.489, 18.0, 10.333, 0.865];[1, 0];
[0.476, 19.667, 12.667, 0.747];[0.458, 19.333, 10.0, 0.686];[1, 0];
[0.452, 14.333, 11.333, 0.761];[0.456, 12.0, 9.667, 0.751];[1, 0];
[0.422, 15.333, 10.333, 0.786];[0.451, 14.0, 10.0, 0.76];[0, 1];
[0.42, 14.333, 13.667, 0.756];[0.406, 13.667, 14.0, 0.824];[1, 0];
[0.436, 15.333, 12.0, 0.79];[0.47, 15.333, 10.333, 0.803];[0, 1];
[0.445, 10.0, 9.667, 0.739];[0.475, 14.0, 11.667, 0.87];[0, 1];
[0.443, 10.667, 11.333, 0.66];[0.448, 13.0, 11.0, 0.662];[0, 1];
[0.48, 13.667, 11.667, 0.797];[0.474, 14.667, 8.667, 0.742];[0, 1];
[0.435, 15.667, 12.333, 0.753];[0.467, 11.0, 11.0, 0.735];[1, 0];
[0.454, 13.667, 14.0, 0.759];[0.462, 14.0, 11.667, 0.799];[1, 0];
[0.451, 15.333, 12.333, 0.755];[0.415, 15.0, 13.333, 0.717];[1, 0];
[0.516, 10.333, 7.333, 0.79];[0.455, 12.667, 7.333, 0.816];[0, 1];
[0.484, 15.667, 11.333, 0.736];[0.424, 15.333, 9.667, 0.753];[1, 0];
[0.424, 14.0, 9.667, 0.739];[0.448, 14.333, 11.0, 0.732];[1, 0];
[0.392, 13.333, 16.333, 0.712];[0.449, 13.0, 12.0, 0.736];[0, 1];
[0.452, 17.667, 12.667, 0.701];[0.404, 13.333, 14.667, 0.726];[1, 0];
[0.495, 9.333, 9.333, 0.79];[0.41, 11.0, 16.333, 0.78];[1, 0];
[0.426, 15.0, 10.333, 0.723];[0.423, 10.333, 13.0, 0.687];[1, 0];
[0.426, 13.333, 15.0, 0.76];[0.403, 16.333, 13.667, 0.81];[0, 1];
[0.474, 11.0, 5.667, 0.858];[0.488, 15.0, 10.667, 0.671];[0, 1];
[0.504, 16.0, 8.333, 0.808];[0.44, 19.333, 10.333, 0.767];[1, 0];
[0.412, 16.667, 12.667, 0.676];[0.415, 12.333, 8.0, 0.813];[0, 1];
[0.397, 18.667, 15.333, 0.783];[0.389, 15.0, 11.667, 0.777];[1, 0];
[0.453, 13.333, 9.0, 0.735];[0.537, 17.333, 7.333, 0.845];[0, 1];
[0.46, 13.0, 12.0, 0.781];[0.438, 16.667, 12.667, 0.796];[0, 1];
[0.447, 15.667, 14.333, 0.804];[0.45, 12.667, 10.667, 0.812];[0, 1];
[0.447, 14.0, 7.667, 0.733];[0.471, 13.0, 11.667, 0.758];[0, 1];
[0.445, 17.333, 8.0, 0.825];[0.377, 16.0, 14.333, 0.738];[1, 0];
[0.402, 12.333, 11.0, 0.877];[0.482, 12.333, 10.667, 0.738];[1, 0];
[0.376, 16.0, 8.0, 0.731];[0.5, 24.0, 15.0, 0.813];[1, 0];
[0.398, 8.667, 13.0, 0.715];[0.434, 15.333, 8.667, 0.716];[0, 1];
[0.471, 16.333, 12.667, 0.74];[0.486, 12.667, 13.667, 0.677];[0, 1];
[0.463, 13.333, 9.333, 0.719];[0.438, 16.333, 11.0, 0.713];[1, 0];
[0.462, 9.667, 10.333, 0.75];[0.44, 13.0, 10.667, 0.768];[0, 1];
[0.422, 21.0, 23.0, 0.862];[0.513, 12.0, 8.0, 0.719];[1, 0];
[0.365, 10.0, 10.0, 0.875];[0.451, 14.0, 10.0, 0.76];[1, 0];
[0.444, 10.0, 7.333, 0.799];[0.507, 15.333, 11.333, 0.839];[1, 0];
[0.456, 15.0, 13.0, 0.744];[0.396, 12.667, 13.667, 0.691];[1, 0];
[0.486, 15.667, 9.667, 0.716];[0.46, 14.0, 7.0, 0.55];[0, 1];
[0.525, 15.0, 11.0, 0.748];[0.457, 18.333, 10.333, 0.85];[1, 0];
[0.472, 12.667, 10.667, 0.714];[0.472, 15.333, 10.333, 0.693];[1, 0];
[0.478, 18.667, 11.0, 0.686];[0.437, 12.667, 15.667, 0.524];[1, 0];
[0.441, 14.333, 10.333, 0.836];[0.471, 14.0, 11.333, 0.759];[1, 0];
[0.535, 15.667, 6.0, 0.715];[0.43, 13.0, 17.0, 0.674];[1, 0];
[0.476, 13.333, 9.333, 0.698];[0.455, 13.667, 13.667, 0.769];[0, 1];
[0.53, 15.667, 11.0, 0.713];[0.42, 16.333, 13.0, 0.73];[1, 0];
[0.487, 16.0, 7.667, 0.709];[0.471, 15.0, 8.333, 0.735];[1, 0];
[0.451, 16.0, 9.0, 0.655];[0.502, 10.333, 7.667, 0.588];[0, 1];
[0.484, 16.667, 9.667, 0.822];[0.411, 9.667, 10.0, 0.708];[0, 1];
[0.463, 18.0, 10.333, 0.655];[0.474, 14.0, 14.0, 0.845];[0, 1];
[0.427, 13.667, 10.0, 0.75];[0.492, 8.333, 10.667, 0.739];[0, 1];
[0.429, 17.0, 9.333, 0.757];[0.482, 18.0, 7.0, 0.873];[0, 1];
[0.423, 12.0, 13.0, 0.694];[0.493, 8.667, 11.333, 0.691];[0, 1];
[0.487, 16.333, 12.333, 0.677];[0.433, 13.333, 11.0, 0.823];[0, 1];
[0.438, 13.667, 11.333, 0.749];[0.43, 15.667, 13.0, 0.601];[1, 0];
[0.443, 14.0, 11.0, 0.751];[0.479, 12.333, 9.333, 0.843];[0, 1];
[0.437, 14.333, 10.667, 0.736];[0.46, 13.333, 11.0, 0.788];[1, 0];
[0.449, 14.333, 17.0, 0.75];[0.479, 16.667, 9.0, 0.761];[0, 1];
[0.484, 16.0, 8.333, 0.786];[0.394, 16.667, 10.0, 0.671];[0, 1];
[0.399, 12.333, 11.0, 0.8];[0.465, 13.0, 11.0, 0.731];[0, 1];
[0.45, 12.333, 10.667, 0.733];[0.494, 12.333, 8.0, 0.72];[1, 0];
[0.447, 14.333, 11.0, 0.792];[0.517, 10.333, 9.333, 0.738];[0, 1];
[0.453, 13.0, 8.667, 0.694];[0.422, 14.333, 12.0, 0.732];[1, 0];
[0.464, 17.0, 13.333, 0.752];[0.464, 16.0, 8.0, 0.762];[1, 0];
[0.505, 18.333, 7.667, 0.76];[0.463, 16.667, 12.667, 0.683];[1, 0];
[0.467, 17.333, 11.333, 0.745];[0.398, 17.0, 12.0, 0.674];[0, 1];
[0.468, 14.0, 12.667, 0.73];[0.421, 9.333, 11.0, 0.655];[1, 0];
[0.393, 15.667, 14.333, 0.737];[0.457, 12.333, 10.333, 0.73];[1, 0];
[0.508, 16.333, 7.0, 0.8];[0.472, 14.0, 12.333, 0.709];[0, 1];
[0.553, 11.0, 9.333, 0.844];[0.454, 14.333, 8.333, 0.707];[1, 0];
[0.469, 11.0, 8.333, 0.694];[0.516, 13.0, 7.0, 0.699];[0, 1];
[0.512, 14.333, 10.667, 0.754];[0.426, 13.0, 13.333, 0.76];[0, 1];
[0.466, 12.0, 12.0, 0.734];[0.491, 12.0, 12.0, 0.69];[1, 0];
[0.449, 13.333, 12.333, 0.769];[0.437, 16.333, 15.0, 0.798];[1, 0];
[0.435, 16.0, 13.667, 0.707];[0.475, 12.667, 10.667, 0.772];[1, 0];
[0.452, 12.667, 11.333, 0.748];[0.432, 11.333, 14.667, 0.705];[1, 0];
[0.455, 14.0, 13.333, 0.84];[0.462, 14.667, 10.333, 0.832];[0, 1];
[0.444, 15.0, 8.0, 0.677];[0.444, 11.0, 16.0, 0.882];[0, 1];
[0.48, 13.667, 10.667, 0.788];[0.408, 12.333, 11.0, 0.682];[1, 0];
[0.491, 13.0, 8.333, 0.772];[0.429, 15.0, 12.333, 0.708];[0, 1];
[0.436, 13.0, 13.0, 0.794];[0.46, 13.0, 12.667, 0.723];[0, 1];
[0.475, 16.667, 13.667, 0.685];[0.497, 16.333, 14.0, 0.823];[1, 0];
[0.497, 9.333, 8.333, 0.844];[0.506, 14.0, 8.0, 0.611];[0, 1];
[0.482, 13.667, 11.0, 0.693];[0.393, 12.667, 12.333, 0.676];[1, 0];
[0.474, 14.333, 7.667, 0.728];[0.434, 15.0, 11.0, 0.868];[1, 0];
[0.41, 16.333, 9.667, 0.744];[0.434, 13.0, 12.667, 0.866];[0, 1];
[0.485, 10.0, 7.333, 0.84];[0.493, 14.333, 9.667, 0.819];[0, 1];
[0.516, 16.0, 8.333, 0.673];[0.411, 12.0, 12.667, 0.819];[0, 1];
[0.467, 13.333, 8.667, 0.734];[0.472, 11.667, 10.667, 0.699];[1, 0];
[0.414, 14.333, 11.333, 0.736];[0.4, 15.0, 13.667, 0.824];[1, 0];
[0.482, 18.333, 8.667, 0.787];[0.439, 14.667, 10.667, 0.686];[1, 0];
[0.475, 10.333, 12.0, 0.799];[0.51, 11.667, 10.333, 0.749];[0, 1];
[0.428, 17.0, 8.333, 0.641];[0.439, 17.333, 11.0, 0.84];[0, 1];
[0.445, 16.333, 14.333, 0.671];[0.414, 17.667, 9.0, 0.819];[0, 1];
[0.494, 16.667, 7.333, 0.769];[0.405, 18.0, 10.333, 0.656];[0, 1];
[0.403, 14.0, 14.333, 0.685];[0.462, 13.333, 10.333, 0.698];[1, 0];
[0.429, 11.0, 8.667, 0.792];[0.473, 10.667, 8.333, 0.767];[1, 0];
[0.468, 13.0, 9.333, 0.726];[0.486, 12.0, 8.667, 0.774];[1, 0];
[0.44, 10.667, 11.667, 0.637];[0.452, 15.0, 14.333, 0.724];[0, 1];
[0.462, 14.0, 10.333, 0.706];[0.502, 13.667, 8.333, 0.875];[0, 1];
[0.436, 17.333, 9.667, 0.735];[0.468, 13.667, 8.333, 0.761];[1, 0];
[0.434, 9.667, 9.667, 0.621];[0.445, 14.667, 11.667, 0.778];[1, 0];
[0.493, 11.333, 8.0, 0.806];[0.413, 15.333, 15.0, 0.731];[1, 0];
[0.47, 15.333, 9.333, 0.686];[0.428, 15.667, 11.0, 0.732];[1, 0];
[0.445, 13.0, 7.667, 0.741];[0.521, 10.0, 9.0, 0.75];[1, 0];
[0.517, 11.667, 10.0, 0.641];[0.489, 10.0, 13.0, 0.842];[1, 0];
[0.464, 17.0, 7.667, 0.735];[0.453, 16.0, 12.0, 0.827];[1, 0];
[0.508, 12.667, 8.0, 0.805];[0.433, 17.0, 14.0, 0.708];[1, 0];
[0.442, 14.667, 14.0, 0.698];[0.535, 14.333, 9.333, 0.768];[1, 0];
[0.44, 12.667, 10.333, 0.759];[0.471, 11.0, 9.333, 0.812];[0, 1];
[0.48, 13.667, 8.0, 0.846];[0.444, 14.667, 10.667, 0.837];[1, 0];
[0.419, 15.0, 16.667, 0.745];[0.425, 13.0, 11.333, 0.759];[1, 0];
[0.445, 12.0, 12.333, 0.756];[0.463, 19.0, 9.333, 0.828];[0, 1];
[0.472, 15.667, 10.0, 0.853];[0.368, 14.667, 12.333, 0.893];[0, 1];
[0.476, 13.333, 14.333, 0.869];[0.487, 12.333, 8.667, 0.72];[0, 1];
[0.519, 15.333, 8.0, 0.724];[0.479, 17.667, 10.333, 0.758];[0, 1];
[0.402, 11.333, 10.333, 0.824];[0.403, 14.667, 12.667, 0.718];[1, 0];
[0.44, 12.667, 10.0, 0.725];[0.447, 17.667, 11.667, 0.604];[1, 0];
[0.422, 15.0, 14.333, 0.867];[0.498, 12.0, 11.667, 0.579];[1, 0];
[0.457, 12.667, 9.667, 0.652];[0.422, 15.667, 13.667, 0.699];[0, 1];
[0.487, 13.0, 11.333, 0.721];[0.459, 13.667, 12.333, 0.829];[0, 1];
[0.447, 11.333, 10.333, 0.724];[0.455, 13.667, 19.333, 0.663];[1, 0];
[0.445, 14.667, 9.333, 0.825];[0.486, 12.0, 10.667, 0.703];[0, 1];
[0.39, 13.667, 13.0, 0.667];[0.443, 12.0, 12.0, 0.766];[0, 1];
[0.483, 16.0, 10.333, 0.739];[0.374, 14.333, 15.0, 0.713];[1, 0];
[0.453, 12.667, 10.333, 0.801];[0.438, 10.333, 14.0, 0.732];[0, 1];
[0.45, 8.333, 10.667, 0.883];[0.499, 13.667, 11.667, 0.724];[0, 1];
[0.414, 15.0, 12.667, 0.726];[0.496, 13.333, 9.667, 0.635];[0, 1];
[0.471, 14.667, 15.0, 0.724];[0.507, 16.667, 10.333, 0.725];[1, 0];
[0.415, 14.333, 10.0, 0.73];[0.421, 15.0, 8.0, 0.712];[1, 0];
[0.462, 13.333, 16.667, 0.732];[0.467, 15.667, 11.333, 0.75];[1, 0];
[0.484, 13.0, 9.333, 0.765];[0.442, 14.333, 9.333, 0.688];[1, 0];
[0.467, 17.667, 10.0, 0.778];[0.389, 14.333, 11.667, 0.772];[0, 1];
[0.406, 15.667, 11.0, 0.749];[0.446, 15.333, 12.0, 0.818];[0, 1];
[0.456, 15.0, 12.667, 0.739];[0.451, 13.0, 11.667, 0.755];[1, 0];
[0.423, 13.667, 12.667, 0.735];[0.475, 14.667, 8.667, 0.754];[0, 1];
[0.498, 12.0, 6.667, 0.861];[0.476, 16.333, 13.333, 0.806];[1, 0];
[0.428, 13.333, 11.667, 0.828];[0.459, 13.0, 8.333, 0.728];[0, 1];
[0.442, 13.333, 10.333, 0.721];[0.474, 10.333, 11.667, 0.729];[1, 0];
[0.496, 13.333, 6.0, 0.737];[0.439, 12.667, 9.667, 0.701];[1, 0];
[0.479, 18.0, 12.667, 0.757];[0.442, 14.333, 10.333, 0.777];[0, 1];
[0.499, 12.333, 8.333, 0.858];[0.481, 16.333, 9.667, 0.703];[0, 1];
[0.517, 16.0, 9.0, 0.785];[0.489, 15.667, 9.667, 0.692];[1, 0];
[0.419, 12.0, 11.667, 0.811];[0.394, 10.333, 15.0, 0.693];[1, 0];
[0.417, 14.333, 11.333, 0.768];[0.42, 11.333, 15.0, 0.681];[0, 1];
[0.419, 17.333, 13.0, 0.769];[0.45, 18.333, 9.667, 0.785];[1, 0];
[0.473, 12.0, 12.0, 0.576];[0.446, 13.0, 9.0, 0.803];[0, 1];
[0.529, 15.0, 11.333, 0.732];[0.465, 11.333, 8.333, 0.766];[1, 0];
[0.383, 18.333, 16.333, 0.881];[0.483, 15.333, 8.0, 0.78];[0, 1];
[0.486, 16.667, 10.333, 0.784];[0.494, 14.333, 8.667, 0.791];[1, 0];
[0.432, 13.333, 9.0, 0.828];[0.445, 14.0, 10.333, 0.757];[0, 1];
[0.424, 10.667, 17.0, 0.708];[0.395, 18.333, 12.0, 0.683];[1, 0];
[0.471, 14.0, 8.667, 0.823];[0.433, 15.0, 8.667, 0.777];[1, 0];
[0.413, 13.0, 9.333, 0.773];[0.429, 15.0, 10.333, 0.827];[0, 1];
[0.416, 15.333, 13.0, 0.761];[0.486, 12.333, 9.667, 0.737];[0, 1];
[0.481, 17.667, 9.667, 0.712];[0.431, 14.333, 11.0, 0.653];[0, 1];
[0.425, 19.0, 14.333, 0.694];[0.463, 15.667, 7.667, 0.787];[0, 1];
[0.474, 13.333, 12.0, 0.769];[0.488, 10.667, 9.667, 0.79];[1, 0];
[0.459, 13.667, 10.333, 0.745];[0.499, 16.333, 10.333, 0.786];[0, 1];
[0.429, 12.667, 14.667, 0.73];[0.421, 11.0, 13.0, 0.745];[1, 0];
[0.418, 13.333, 16.667, 0.628];[0.502, 13.333, 9.333, 0.783];[1, 0];
[0.486, 14.0, 10.667, 0.677];[0.423, 11.0, 10.0, 0.787];[0, 1];
[0.425, 17.333, 13.333, 0.791];[0.516, 12.667, 9.667, 0.704];[0, 1];
[0.423, 13.0, 10.0, 0.8];[0.44, 12.667, 11.333, 0.819];[1, 0];
[0.455, 15.0, 9.0, 0.78];[0.47, 14.0, 12.333, 0.824];[0, 1];
[0.418, 16.333, 10.333, 0.837];[0.401, 12.0, 10.0, 0.79];[1, 0];
[0.418, 16.333, 8.667, 0.807];[0.461, 15.667, 10.333, 0.814];[0, 1];
[0.506, 13.667, 13.333, 0.795];[0.436, 14.667, 12.333, 0.77];[0, 1];
[0.396, 11.0, 14.333, 0.816];[0.43, 17.333, 14.667, 0.776];[0, 1];
[0.51, 13.667, 11.0, 0.569];[0.485, 15.333, 12.667, 0.737];[0, 1];
[0.421, 16.333, 10.667, 0.708];[0.483, 12.333, 7.667, 0.75];[0, 1];
[0.456, 13.333, 9.0, 0.703];[0.461, 15.0, 11.667, 0.671];[1, 0];
[0.484, 13.333, 10.333, 0.751];[0.393, 16.667, 12.333, 0.72];[1, 0];
[0.423, 15.0, 11.333, 0.705];[0.444, 11.333, 15.333, 0.669];[1, 0];
[0.46, 10.667, 12.333, 0.724];[0.419, 12.333, 11.333, 0.738];[0, 1];
[0.507, 14.667, 13.667, 0.674];[0.46, 15.667, 13.333, 0.707];[1, 0];
[0.449, 14.333, 12.333, 0.697];[0.49, 14.333, 8.333, 0.84];[1, 0];
[0.47, 15.0, 13.0, 0.754];[0.424, 11.0, 15.0, 0.777];[0, 1];
[0.486, 13.667, 12.0, 0.723];[0.452, 14.333, 15.0, 0.794];[0, 1];
[0.448, 11.333, 11.333, 0.848];[0.47, 10.333, 8.0, 0.806];[0, 1];
[0.45, 17.333, 10.0, 0.743];[0.47, 16.0, 9.333, 0.798];[0, 1];
[0.395, 13.333, 10.333, 0.756];[0.462, 13.667, 6.0, 0.885];[0, 1];
[0.455, 13.333, 9.333, 0.808];[0.458, 11.0, 9.667, 0.75];[1, 0];
[0.451, 16.333, 14.333, 0.623];[0.438, 10.0, 11.0, 0.692];[0, 1];
[0.42, 12.0, 9.0, 0.749];[0.481, 12.667, 13.333, 0.806];[1, 0];
[0.429, 14.333, 12.333, 0.805];[0.422, 15.667, 10.333, 0.847];[1, 0];
[0.451, 12.667, 8.667, 0.808];[0.455, 11.333, 12.333, 0.727];[0, 1];
[0.407, 9.667, 12.333, 0.698];[0.43, 10.0, 10.667, 0.771];[0, 1];
[0.402, 13.0, 11.333, 0.7];[0.462, 13.333, 8.667, 0.835];[0, 1];
[0.426, 14.333, 12.667, 0.782];[0.496, 12.0, 10.0, 0.76];[1, 0];
[0.5, 13.0, 9.333, 0.761];[0.429, 11.0, 16.667, 0.677];[1, 0];
[0.521, 13.333, 8.667, 0.759];[0.418, 12.667, 13.333, 0.704];[1, 0];
[0.449, 13.667, 13.333, 0.701];[0.465, 13.0, 10.667, 0.734];[0, 1];
[0.45, 7.0, 10.0, 0.83];[0.504, 12.0, 11.667, 0.789];[1, 0];
[0.448, 11.333, 12.0, 0.801];[0.515, 12.667, 9.333, 0.848];[1, 0];
[0.453, 11.333, 13.333, 0.612];[0.452, 15.667, 10.667, 0.842];[0, 1];
[0.421, 11.667, 12.667, 0.745];[0.519, 12.667, 10.333, 0.727];[1, 0];
[0.413, 11.0, 10.333, 0.685];[0.457, 13.333, 14.333, 0.755];[1, 0];
[0.484, 13.667, 11.0, 0.666];[0.458, 15.0, 11.0, 0.713];[0, 1];
[0.402, 13.667, 12.667, 0.721];[0.392, 17.333, 10.667, 0.589];[0, 1];
[0.429, 13.667, 11.333, 0.67];[0.481, 14.333, 10.0, 0.834];[0, 1];
[0.483, 14.0, 7.0, 0.832];[0.441, 11.0, 12.667, 0.781];[1, 0];
[0.456, 14.0, 11.667, 0.738];[0.52, 14.333, 7.333, 0.856];[0, 1];
[0.467, 11.333, 10.333, 0.74];[0.43, 13.667, 11.333, 0.691];[0, 1];
[0.48, 13.333, 7.333, 0.697];[0.445, 16.333, 9.0, 0.792];[1, 0];
[0.5, 13.667, 13.0, 0.683];[0.439, 11.0, 14.333, 0.822];[1, 0];
[0.468, 11.0, 10.667, 0.66];[0.419, 12.0, 12.667, 0.773];[0, 1];
[0.415, 11.667, 11.667, 0.793];[0.404, 11.667, 13.667, 0.682];[0, 1];
[0.45, 14.0, 10.0, 0.723];[0.451, 16.0, 10.0, 0.697];[0, 1];
[0.459, 13.667, 8.667, 0.691];[0.461, 14.0, 8.333, 0.838];[0, 1];
[0.522, 13.333, 8.667, 0.84];[0.411, 17.333, 11.667, 0.761];[1, 0];
[0.39, 17.0, 10.333, 0.738];[0.487, 14.333, 9.333, 0.711];[0, 1];
[0.528, 11.667, 7.333, 0.818];[0.421, 13.0, 14.0, 0.753];[1, 0];
[0.475, 14.667, 9.333, 0.922];[0.417, 10.333, 8.333, 0.797];[1, 0];
[0.419, 11.333, 15.667, 0.764];[0.487, 11.667, 12.0, 0.837];[1, 0];
[0.425, 13.0, 13.667, 0.753];[0.496, 14.333, 9.333, 0.774];[0, 1];
[0.445, 13.333, 11.0, 0.699];[0.433, 13.0, 13.0, 0.796];[0, 1];
[0.444, 11.333, 14.667, 0.684];[0.463, 10.667, 10.0, 0.738];[0, 1];
[0.448, 10.0, 9.667, 0.77];[0.418, 16.0, 11.667, 0.806];[0, 1];
[0.417, 12.667, 10.667, 0.786];[0.436, 13.0, 9.0, 0.806];[1, 0];
[0.478, 13.333, 9.667, 0.894];[0.47, 15.0, 7.667, 0.747];[0, 1];
[0.443, 13.0, 11.0, 0.806];[0.5, 17.0, 10.0, 0.627];[1, 0];
[0.409, 15.0, 10.0, 0.85];[0.42, 12.0, 12.667, 0.714];[0, 1];
[0.494, 13.0, 8.0, 0.787];[0.441, 13.667, 13.0, 0.748];[1, 0];
[0.447, 19.333, 11.0, 0.709];[0.458, 16.0, 11.333, 0.764];[0, 1];
[0.448, 13.333, 8.333, 0.806];[0.506, 9.0, 12.0, 0.78];[0, 1];
[0.484, 11.667, 8.667, 0.818];[0.493, 10.0, 9.333, 0.781];[0, 1];
[0.527, 13.667, 11.0, 0.756];[0.448, 13.0, 9.0, 0.767];[1, 0];
[0.476, 13.333, 12.333, 0.736];[0.434, 14.333, 13.667, 0.824];[1, 0];
[0.531, 13.333, 6.0, 0.742];[0.439, 13.0, 10.667, 0.757];[1, 0];
[0.405, 11.667, 12.667, 0.75];[0.444, 16.667, 7.667, 0.768];[0, 1];
[0.442, 14.0, 10.667, 0.807];[0.415, 14.0, 14.667, 0.703];[0, 1];
[0.487, 11.667, 11.0, 0.747];[0.44, 16.0, 11.0, 0.879];[1, 0];
[0.482, 14.0, 11.667, 0.789];[0.465, 12.333, 7.333, 0.838];[1, 0];
[0.491, 17.667, 12.0, 0.797];[0.479, 17.667, 10.667, 0.679];[0, 1];
[0.503, 13.667, 9.0, 0.808];[0.489, 14.333, 9.333, 0.659];[1, 0];
[0.474, 11.333, 13.333, 0.765];[0.43, 17.333, 10.667, 0.666];[0, 1];
[0.518, 13.333, 10.0, 0.762];[0.491, 14.667, 12.0, 0.831];[1, 0];
[0.504, 17.667, 7.333, 0.807];[0.436, 10.333, 12.0, 0.741];[0, 1];
[0.4, 16.333, 14.333, 0.761];[0.413, 13.333, 15.667, 0.683];[0, 1];
[0.461, 12.667, 9.333, 0.812];[0.396, 15.333, 11.333, 0.778];[1, 0];
[0.381, 14.0, 15.0, 0.667];[0.455, 13.0, 9.0, 0.824];[1, 0];
[0.484, 12.0, 15.333, 0.787];[0.498, 10.0, 9.667, 0.805];[0, 1];
[0.43, 16.0, 10.333, 0.813];[0.473, 11.667, 10.667, 0.719];[0, 1];
[0.476, 12.0, 11.333, 0.725];[0.476, 13.333, 12.667, 0.824];[1, 0];
[0.431, 14.333, 11.667, 0.661];[0.444, 14.667, 10.0, 0.794];[1, 0];
[0.525, 15.667, 6.667, 0.692];[0.435, 12.0, 9.667, 0.699];[1, 0];
[0.47, 9.333, 11.333, 0.655];[0.513, 15.667, 12.0, 0.755];[0, 1];
[0.445, 14.333, 9.333, 0.712];[0.485, 13.667, 10.0, 0.674];[1, 0];
[0.478, 16.0, 9.0, 0.757];[0.454, 13.667, 11.667, 0.723];[0, 1];
[0.455, 12.667, 10.667, 0.776];[0.404, 12.667, 14.667, 0.747];[1, 0];
[0.411, 13.0, 10.667, 0.748];[0.503, 17.667, 9.0, 0.799];[0, 1];
[0.453, 9.667, 10.0, 0.769];[0.425, 17.0, 15.0, 0.7];[1, 0];
[0.486, 14.0, 12.0, 0.717];[0.483, 14.667, 13.667, 0.669];[1, 0];
[0.462, 11.667, 13.333, 0.633];[0.436, 14.333, 12.667, 0.712];[0, 1];
[0.473, 11.0, 6.333, 0.684];[0.531, 10.667, 8.667, 0.725];[0, 1];
[0.445, 15.667, 11.333, 0.719];[0.45, 11.667, 13.0, 0.927];[0, 1];
[0.388, 12.667, 14.0, 0.764];[0.46, 18.0, 9.0, 0.731];[0, 1];
[0.432, 12.667, 8.0, 0.705];[0.478, 16.333, 8.333, 0.742];[0, 1];
[0.457, 13.333, 11.667, 0.719];[0.436, 16.0, 11.333, 0.825];[1, 0];
[0.403, 14.333, 12.0, 0.778];[0.425, 16.667, 14.333, 0.774];[0, 1];
[0.436, 14.667, 8.333, 0.777];[0.487, 14.667, 13.0, 0.752];[0, 1];
[0.459, 14.667, 10.333, 0.808];[0.476, 13.0, 8.667, 0.766];[0, 1];
[0.417, 11.667, 9.333, 0.75];[0.423, 12.667, 14.0, 0.705];[1, 0];
[0.434, 12.0, 10.667, 0.763];[0.507, 15.0, 8.667, 0.709];[0, 1];
[0.459, 13.0, 10.667, 0.783];[0.387, 15.667, 13.0, 0.742];[0, 1];
[0.43, 17.667, 8.333, 0.873];[0.481, 14.667, 9.667, 0.709];[0, 1];
[0.411, 15.0, 13.333, 0.721];[0.448, 11.333, 9.667, 0.718];[0, 1];
[0.425, 10.667, 14.0, 0.737];[0.454, 11.333, 10.333, 0.725];[1, 0];
[0.508, 12.333, 9.667, 0.81];[0.388, 9.667, 17.667, 0.67];[1, 0];
[0.48, 12.0, 10.333, 0.659];[0.449, 17.0, 11.667, 0.746];[0, 1];
[0.491, 17.333, 6.333, 0.772];[0.506, 14.667, 10.667, 0.765];[0, 1];
[0.405, 17.0, 11.0, 0.519];[0.5, 11.0, 16.0, 0.8];[0, 1];
[0.513, 10.0, 6.333, 0.775];[0.461, 16.667, 11.0, 0.857];[1, 0];
[0.452, 12.333, 9.333, 0.825];[0.49, 11.333, 13.0, 0.88];[1, 0];
[0.427, 15.667, 14.333, 0.764];[0.517, 14.667, 6.667, 0.785];[0, 1];
[0.417, 13.0, 9.667, 0.667];[0.449, 11.667, 15.667, 0.808];[0, 1];
[0.466, 14.0, 11.333, 0.831];[0.454, 11.667, 10.667, 0.717];[0, 1];
[0.502, 15.667, 10.0, 0.772];[0.46, 13.667, 11.667, 0.749];[1, 0];
[0.444, 14.667, 11.667, 0.689];[0.437, 17.0, 10.667, 0.714];[0, 1];
[0.453, 13.0, 10.667, 0.878];[0.426, 14.0, 12.0, 0.688];[0, 1];
[0.564, 14.0, 8.667, 0.691];[0.424, 14.667, 16.333, 0.722];[1, 0];
[0.426, 13.667, 15.0, 0.721];[0.4, 13.0, 13.333, 0.796];[1, 0];
[0.456, 14.0, 11.333, 0.763];[0.437, 13.0, 10.0, 0.792];[1, 0];
[0.42, 15.333, 13.667, 0.734];[0.453, 13.0, 11.333, 0.729];[0, 1];
[0.393, 15.667, 12.0, 0.762];[0.444, 13.0, 12.0, 0.799];[0, 1];
[0.492, 14.0, 9.333, 0.686];[0.469, 10.333, 11.667, 0.826];[0, 1];
[0.5, 24.0, 15.0, 0.813];[0.443, 13.0, 6.0, 0.688];[0, 1];
[0.435, 14.333, 10.0, 0.794];[0.4, 15.333, 8.333, 0.716];[0, 1];
[0.428, 13.0, 9.667, 0.742];[0.441, 14.333, 9.333, 0.697];[1, 0];
[0.447, 11.0, 12.0, 0.797];[0.455, 10.667, 10.667, 0.721];[1, 0];
[0.382, 13.333, 12.333, 0.729];[0.425, 15.667, 11.0, 0.762];[1, 0];
[0.527, 14.333, 8.0, 0.519];[0.397, 12.0, 10.667, 0.734];[1, 0];
[0.432, 15.667, 10.0, 0.832];[0.418, 14.0, 10.333, 0.683];[1, 0];
[0.404, 14.0, 11.0, 0.796];[0.474, 14.667, 11.667, 0.69];[0, 1];
[0.492, 14.333, 13.667, 0.826];[0.404, 11.0, 15.0, 0.731];[1, 0];
[0.425, 16.0, 12.667, 0.702];[0.452, 11.333, 11.0, 0.869];[1, 0];
[0.46, 12.0, 10.333, 0.784];[0.471, 17.0, 11.333, 0.608];[0, 1];
[0.417, 13.0, 11.667, 0.679];[0.449, 13.0, 10.0, 0.816];[1, 0];
[0.423, 17.0, 11.333, 0.771];[0.449, 15.333, 12.667, 0.736];[0, 1];
[0.522, 14.0, 9.333, 0.693];[0.456, 9.667, 14.333, 0.74];[1, 0];
[0.502, 12.0, 10.0, 0.818];[0.492, 15.0, 14.0, 0.72];[0, 1];
[0.469, 14.333, 11.0, 0.69];[0.413, 13.333, 10.0, 0.712];[0, 1];
[0.466, 10.0, 7.0, 0.839];[0.485, 13.667, 14.667, 0.795];[0, 1];
[0.48, 11.333, 11.0, 0.778];[0.469, 15.667, 9.667, 0.714];[1, 0];
[0.45, 18.0, 9.0, 0.706];[0.452, 11.0, 9.0, 0.778];[0, 1];
[0.447, 16.333, 14.0, 0.74];[0.417, 13.0, 15.667, 0.737];[0, 1];
[0.441, 19.0, 10.667, 0.783];[0.397, 13.0, 9.333, 0.665];[0, 1];
[0.509, 14.0, 12.0, 0.707];[0.4, 11.333, 9.0, 0.825];[1, 0];
[0.419, 16.333, 12.333, 0.587];[0.481, 11.333, 8.667, 0.767];[1, 0];
[0.478, 14.667, 8.667, 0.696];[0.445, 10.667, 10.333, 0.681];[0, 1];
[0.44, 13.667, 10.333, 0.713];[0.482, 13.667, 11.667, 0.752];[0, 1];
[0.438, 15.333, 12.0, 0.746];[0.455, 15.0, 7.0, 0.788];[1, 0];
[0.48, 16.667, 9.667, 0.668];[0.448, 15.667, 12.667, 0.752];[1, 0];
[0.459, 16.333, 13.0, 0.767];[0.446, 12.0, 13.0, 0.71];[1, 0];
[0.441, 13.0, 7.667, 0.858];[0.477, 13.333, 12.0, 0.674];[0, 1];
[0.502, 15.667, 12.333, 0.746];[0.409, 12.0, 8.333, 0.849];[1, 0];
[0.461, 12.333, 13.333, 0.774];[0.405, 12.667, 11.667, 0.799];[0, 1];
[0.498, 12.667, 8.333, 0.828];[0.469, 18.333, 9.0, 0.857];[1, 0];
[0.508, 13.333, 9.333, 0.752];[0.529, 9.333, 9.667, 0.774];[1, 0];
[0.446, 16.333, 15.0, 0.79];[0.479, 13.333, 9.667, 0.683];[1, 0];
[0.487, 15.667, 13.0, 0.773];[0.458, 11.333, 16.667, 0.538];[1, 0];
[0.421, 14.667, 6.333, 0.79];[0.481, 18.667, 14.0, 0.69];[1, 0];
[0.501, 11.667, 8.667, 0.833];[0.425, 9.0, 10.0, 0.717];[0, 1];
[0.435, 16.333, 10.667, 0.755];[0.433, 15.667, 8.0, 0.828];[0, 1];
[0.429, 13.667, 14.333, 0.79];[0.519, 13.667, 8.667, 0.771];[1, 0];
[0.415, 11.667, 9.667, 0.733];[0.462, 12.667, 7.667, 0.734];[0, 1];
[0.515, 18.0, 6.0, 0.845];[0.408, 15.333, 9.667, 0.804];[1, 0];
[0.463, 14.333, 10.0, 0.696];[0.469, 16.0, 10.333, 0.709];[0, 1];
[0.436, 14.333, 15.667, 0.717];[0.484, 13.667, 9.333, 0.726];[1, 0];
[0.443, 13.667, 11.0, 0.803];[0.483, 11.667, 12.667, 0.812];[1, 0];
[0.434, 11.0, 13.667, 0.695];[0.527, 14.333, 7.333, 0.872];[0, 1];
[0.404, 15.0, 10.667, 0.75];[0.408, 12.0, 11.333, 0.71];[0, 1];
[0.48, 15.667, 12.333, 0.792];[0.456, 13.667, 12.0, 0.742];[1, 0];
[0.495, 13.333, 7.333, 0.784];[0.435, 16.0, 12.0, 0.629];[1, 0];
[0.498, 11.0, 11.667, 0.65];[0.445, 15.0, 10.333, 0.791];[1, 0];
[0.428, 14.333, 12.333, 0.708];[0.453, 12.0, 9.333, 0.759];[1, 0];
[0.49, 14.333, 15.667, 0.738];[0.441, 15.667, 8.333, 0.692];[1, 0];
[0.472, 13.333, 9.667, 0.802];[0.447, 12.0, 13.0, 0.727];[1, 0];
[0.481, 15.667, 10.667, 0.64];[0.47, 15.333, 9.667, 0.768];[0, 1];
[0.431, 13.0, 11.333, 0.789];[0.46, 13.667, 11.667, 0.701];[1, 0];
[0.461, 14.0, 11.333, 0.784];[0.399, 16.667, 16.0, 0.681];[1, 0];
[0.506, 13.667, 9.333, 0.737];[0.434, 16.0, 11.0, 0.788];[1, 0];
[0.377, 15.333, 13.0, 0.664];[0.51, 10.667, 9.667, 0.786];[1, 0];
[0.49, 11.333, 7.667, 0.834];[0.456, 12.0, 10.333, 0.762];[1, 0];
[0.497, 11.667, 8.333, 0.704];[0.389, 12.333, 10.333, 0.766];[0, 1];
[0.433, 7.667, 13.333, 0.866];[0.454, 16.0, 9.667, 0.821];[1, 0];
[0.422, 13.0, 10.333, 0.765];[0.446, 13.0, 11.667, 0.777];[1, 0];
[0.431, 13.0, 8.333, 0.672];[0.468, 14.667, 9.667, 0.607];[1, 0];
[0.512, 16.0, 9.0, 0.614];[0.469, 9.667, 9.333, 0.752];[0, 1];
[0.514, 12.0, 7.667, 0.83];[0.487, 19.0, 9.0, 0.745];[1, 0];
[0.396, 14.667, 16.667, 0.77];[0.442, 10.0, 10.667, 0.791];[1, 0];
[0.419, 11.333, 8.333, 0.803];[0.422, 15.667, 12.667, 0.677];[0, 1];
[0.45, 11.0, 12.0, 0.896];[0.448, 13.0, 10.333, 0.703];[1, 0];
[0.459, 18.667, 9.0, 0.719];[0.5, 11.0, 16.0, 0.8];[0, 1];
[0.396, 13.0, 13.667, 0.715];[0.488, 12.333, 10.0, 0.696];[0, 1];
[0.434, 18.0, 19.667, 0.769];[0.485, 14.667, 10.0, 0.775];[0, 1];
[0.44, 11.667, 13.333, 0.822];[0.444, 17.333, 12.333, 0.813];[1, 0];
[0.455, 11.667, 8.333, 0.677];[0.442, 16.0, 7.667, 0.728];[0, 1];
[0.452, 12.667, 10.667, 0.782];[0.471, 14.333, 10.667, 0.79];[1, 0];
[0.436, 17.667, 11.0, 0.723];[0.48, 14.333, 14.333, 0.716];[0, 1];
[0.453, 13.333, 13.667, 0.725];[0.514, 13.667, 13.0, 0.631];[0, 1];
[0.396, 14.0, 15.667, 0.917];[0.541, 11.0, 9.333, 0.637];[1, 0];
[0.438, 8.667, 9.667, 0.832];[0.466, 10.0, 15.0, 0.717];[0, 1];
[0.42, 11.0, 12.667, 0.636];[0.492, 9.333, 10.0, 0.695];[0, 1];
[0.417, 13.0, 9.0, 0.711];[0.419, 15.0, 14.667, 0.901];[0, 1];
[0.43, 13.333, 11.0, 0.668];[0.438, 14.333, 9.0, 0.735];[0, 1];
[0.414, 13.0, 10.0, 0.808];[0.453, 13.333, 9.667, 0.838];[0, 1];
[0.367, 16.667, 16.0, 0.876];[0.393, 13.333, 12.333, 0.77];[1, 0];
[0.483, 17.0, 8.667, 0.764];[0.449, 16.333, 9.333, 0.644];[1, 0];
[0.5, 15.667, 10.667, 0.756];[0.479, 17.0, 12.0, 0.852];[1, 0];
[0.467, 13.667, 9.667, 0.724];[0.448, 16.333, 10.667, 0.715];[1, 0];
[0.516, 15.667, 8.333, 0.72];[0.486, 14.333, 11.0, 0.834];[0, 1];
[0.437, 15.667, 9.0, 0.803];[0.419, 15.667, 10.333, 0.585];[0, 1];
[0.434, 11.667, 12.333, 0.706];[0.491, 16.333, 7.333, 0.723];[1, 0];
[0.474, 9.667, 8.333, 0.777];[0.487, 10.333, 8.667, 0.745];[0, 1];
[0.481, 17.0, 12.0, 0.765];[0.461, 16.667, 12.0, 0.674];[1, 0];
[0.481, 12.667, 11.0, 0.659];[0.471, 16.333, 12.333, 0.791];[1, 0];
[0.45, 14.333, 11.0, 0.815];[0.442, 12.0, 10.667, 0.821];[0, 1];
[0.524, 16.333, 8.333, 0.831];[0.435, 12.333, 11.333, 0.677];[0, 1];
[0.422, 12.333, 14.333, 0.83];[0.497, 10.0, 10.333, 0.662];[1, 0];
[0.431, 19.333, 16.333, 0.672];[0.367, 14.0, 16.667, 0.746];[0, 1];
[0.437, 13.333, 12.333, 0.843];[0.504, 14.0, 11.0, 0.799];[0, 1];
[0.478, 16.333, 13.333, 0.832];[0.505, 16.333, 9.333, 0.749];[0, 1];
[0.459, 17.333, 17.0, 0.774];[0.372, 13.667, 6.333, 0.739];[1, 0];
[0.486, 15.0, 14.333, 0.717];[0.53, 17.0, 8.0, 0.74];[0, 1];
[0.424, 12.333, 11.667, 0.769];[0.444, 13.333, 8.667, 0.708];[1, 0];
[0.466, 14.0, 12.667, 0.676];[0.461, 12.333, 10.0, 0.881];[0, 1];
[0.452, 14.0, 10.333, 0.774];[0.505, 12.333, 11.333, 0.851];[0, 1];
[0.461, 16.0, 9.667, 0.705];[0.482, 17.0, 12.333, 0.619];[0, 1];
[0.455, 15.0, 11.667, 0.805];[0.495, 12.0, 12.0, 0.826];[0, 1];
[0.478, 14.0, 14.333, 0.8];[0.484, 15.667, 12.0, 0.682];[1, 0];
[0.478, 17.0, 7.333, 0.805];[0.401, 13.667, 13.667, 0.717];[0, 1];
[0.476, 15.0, 11.333, 0.798];[0.459, 12.667, 12.0, 0.538];[0, 1];
[0.538, 12.333, 5.0, 0.687];[0.426, 15.667, 10.0, 0.811];[1, 0];
[0.498, 15.667, 8.0, 0.82];[0.413, 15.667, 13.333, 0.684];[1, 0];
[0.414, 11.667, 15.667, 0.92];[0.504, 13.667, 13.667, 0.706];[1, 0];
[0.489, 13.667, 7.667, 0.789];[0.395, 14.333, 20.0, 0.8];[1, 0];
[0.516, 18.333, 9.0, 0.851];[0.448, 11.333, 9.0, 0.771];[1, 0];
[0.532, 15.333, 7.0, 0.627];[0.427, 11.333, 11.667, 0.768];[1, 0];
[0.47, 13.0, 12.0, 0.774];[0.484, 13.0, 9.0, 0.813];[0, 1];
[0.5, 13.0, 8.0, 0.901];[0.47, 12.667, 15.333, 0.742];[0, 1];
[0.447, 13.333, 12.0, 0.692];[0.495, 19.667, 12.333, 0.773];[0, 1];
[0.459, 14.667, 8.667, 0.826];[0.422, 18.667, 11.333, 0.707];[1, 0];
[0.428, 18.0, 10.0, 0.624];[0.419, 16.667, 10.667, 0.778];[1, 0];
[0.448, 11.0, 10.333, 0.707];[0.419, 8.667, 9.667, 0.806];[0, 1];
[0.426, 14.667, 11.333, 0.797];[0.451, 10.0, 12.333, 0.829];[1, 0];
[0.442, 14.333, 14.333, 0.732];[0.481, 14.333, 9.0, 0.859];[0, 1];
[0.45, 17.0, 15.0, 0.848];[0.477, 17.0, 15.667, 0.741];[0, 1];
[0.54, 14.667, 9.333, 0.731];[0.447, 15.333, 8.333, 0.782];[1, 0];
[0.42, 11.667, 12.333, 0.831];[0.406, 13.333, 14.0, 0.774];[1, 0];
[0.472, 10.667, 12.0, 0.847];[0.501, 12.0, 11.667, 0.752];[1, 0];
[0.443, 15.667, 8.333, 0.861];[0.441, 14.333, 10.333, 0.772];[1, 0];
[0.416, 13.333, 8.667, 0.787];[0.428, 14.667, 14.0, 0.8];[1, 0];
[0.446, 13.0, 10.667, 0.837];[0.482, 13.667, 8.0, 0.881];[0, 1];
[0.528, 12.0, 10.0, 0.755];[0.473, 11.667, 11.667, 0.689];[0, 1];
[0.495, 15.0, 6.667, 0.675];[0.488, 12.333, 8.333, 0.735];[1, 0];
[0.432, 11.667, 13.0, 0.819];[0.458, 16.0, 9.0, 0.797];[1, 0];
[0.48, 15.0, 14.0, 0.635];[0.466, 14.667, 8.333, 0.797];[1, 0];
[0.433, 14.0, 13.667, 0.762];[0.433, 14.667, 16.0, 0.73];[1, 0];
[0.416, 13.333, 15.333, 0.762];[0.427, 15.0, 14.0, 0.751];[1, 0];
[0.485, 15.667, 11.333, 0.693];[0.495, 13.667, 10.667, 0.691];[0, 1];
[0.454, 12.333, 12.333, 0.766];[0.439, 14.333, 11.333, 0.747];[1, 0];
[0.414, 14.0, 11.667, 0.718];[0.449, 12.667, 8.667, 0.831];[0, 1];
[0.469, 9.667, 12.333, 0.763];[0.442, 14.333, 13.0, 0.713];[0, 1];
[0.471, 14.0, 9.667, 0.792];[0.464, 15.0, 11.333, 0.748];[0, 1];
[0.472, 13.667, 11.667, 0.764];[0.476, 16.333, 12.667, 0.666];[0, 1];
[0.433, 15.0, 11.667, 0.728];[0.44, 14.0, 11.333, 0.744];[0, 1];
[0.467, 12.667, 11.333, 0.81];[0.483, 14.0, 9.0, 0.665];[0, 1];
[0.454, 14.667, 11.333, 0.797];[0.461, 13.667, 12.0, 0.762];[0, 1];
[0.546, 15.667, 3.333, 0.743];[0.413, 15.0, 9.667, 0.854];[1, 0];
[0.467, 17.667, 11.333, 0.787];[0.45, 19.0, 12.0, 0.776];[0, 1];
[0.433, 15.333, 6.0, 0.73];[0.427, 13.0, 10.0, 0.791];[0, 1];
[0.5, 15.333, 9.0, 0.612];[0.444, 12.0, 15.0, 0.849];[1, 0];
[0.481, 14.0, 8.333, 0.761];[0.544, 19.667, 10.333, 0.607];[0, 1];
[0.474, 14.333, 14.0, 0.648];[0.41, 15.667, 14.0, 0.781];[1, 0];
[0.396, 12.333, 11.0, 0.807];[0.536, 17.667, 9.333, 0.761];[1, 0];
[0.489, 15.0, 9.333, 0.608];[0.42, 14.333, 15.0, 0.76];[1, 0];
[0.428, 16.333, 12.667, 0.789];[0.428, 16.0, 11.667, 0.753];[1, 0];
[0.475, 10.667, 10.333, 0.761];[0.466, 18.667, 6.667, 0.836];[1, 0];
[0.405, 15.667, 12.333, 0.747];[0.496, 12.667, 14.0, 0.684];[0, 1];
[0.426, 14.333, 13.667, 0.702];[0.439, 13.667, 12.667, 0.765];[1, 0];
[0.457, 15.667, 12.667, 0.769];[0.51, 16.0, 8.667, 0.735];[0, 1];
[0.493, 16.0, 14.0, 0.78];[0.414, 12.333, 13.333, 0.74];[1, 0];
[0.435, 10.667, 14.333, 0.739];[0.469, 13.333, 11.333, 0.699];[0, 1];
[0.458, 14.667, 9.0, 0.819];[0.441, 12.0, 11.667, 0.668];[0, 1];
[0.49, 11.333, 13.333, 0.869];[0.457, 15.667, 13.0, 0.844];[1, 0];
[0.434, 15.667, 11.667, 0.721];[0.432, 16.333, 10.667, 0.862];[1, 0];
[0.476, 16.333, 10.0, 0.732];[0.431, 12.0, 12.333, 0.783];[1, 0];
[0.421, 16.667, 13.333, 0.762];[0.494, 9.333, 7.667, 0.737];[0, 1];
[0.447, 12.0, 11.667, 0.732];[0.474, 12.0, 11.667, 0.684];[0, 1];
[0.45, 12.667, 13.667, 0.692];[0.441, 12.333, 14.667, 0.701];[0, 1];
[0.406, 15.333, 11.0, 0.815];[0.424, 13.333, 13.333, 0.631];[0, 1];
[0.441, 14.0, 14.0, 0.738];[0.411, 12.667, 13.333, 0.704];[0, 1];
[0.456, 14.667, 13.0, 0.672];[0.405, 14.667, 15.667, 0.817];[1, 0];
[0.427, 14.0, 7.667, 0.817];[0.489, 16.333, 11.333, 0.79];[1, 0];
[0.483, 14.667, 8.333, 0.781];[0.45, 14.667, 8.0, 0.74];[0, 1];
[0.493, 15.0, 10.667, 0.75];[0.456, 8.333, 9.667, 0.621];[1, 0];
[0.482, 14.333, 10.333, 0.82];[0.497, 19.0, 9.0, 0.893];[1, 0];
[0.5, 16.0, 13.333, 0.792];[0.429, 15.333, 10.333, 0.751];[1, 0];
[0.469, 11.333, 10.667, 0.834];[0.478, 13.0, 11.0, 0.804];[0, 1];
[0.501, 14.0, 9.667, 0.727];[0.445, 14.667, 13.667, 0.698];[0, 1];
[0.374, 13.667, 15.333, 0.869];[0.429, 10.0, 15.0, 0.75];[0, 1];
[0.467, 14.0, 8.333, 0.795];[0.394, 14.0, 12.0, 0.892];[0, 1];
[0.495, 14.0, 7.0, 0.751];[0.487, 13.667, 8.333, 0.67];[0, 1];
[0.468, 14.333, 17.0, 0.724];[0.404, 12.333, 14.667, 0.807];[1, 0];
[0.414, 11.0, 8.667, 0.709];[0.487, 12.0, 6.0, 0.738];[0, 1];
[0.409, 13.0, 12.333, 0.759];[0.458, 12.0, 12.333, 0.676];[1, 0];
[0.482, 15.0, 9.0, 0.752];[0.494, 14.0, 7.333, 0.742];[0, 1];
[0.513, 18.0, 9.333, 0.754];[0.442, 14.0, 10.0, 0.83];[0, 1];
[0.521, 14.333, 6.333, 0.701];[0.402, 13.333, 12.0, 0.849];[0, 1];
[0.449, 14.0, 9.333, 0.845];[0.462, 16.333, 10.667, 0.735];[1, 0];
[0.567, 13.333, 7.0, 0.688];[0.478, 9.333, 9.333, 0.779];[1, 0];
[0.437, 13.667, 8.333, 0.759];[0.482, 15.0, 13.667, 0.789];[0, 1];
[0.441, 16.667, 13.667, 0.671];[0.424, 15.667, 9.0, 0.732];[0, 1];
[0.507, 12.667, 10.0, 0.834];[0.44, 16.0, 16.0, 0.758];[0, 1];
[0.483, 11.333, 12.0, 0.762];[0.463, 13.667, 11.0, 0.885];[0, 1];
[0.401, 15.333, 11.667, 0.721];[0.438, 14.333, 7.667, 0.811];[0, 1];
[0.413, 14.333, 12.0, 0.75];[0.462, 15.333, 9.667, 0.75];[0, 1];
[0.408, 13.0, 11.333, 0.705];[0.455, 13.333, 12.667, 0.714];[0, 1];
[0.466, 10.0, 11.0, 0.716];[0.468, 13.667, 10.0, 0.826];[0, 1];
[0.441, 12.0, 15.333, 0.921];[0.457, 13.667, 12.667, 0.811];[1, 0];
[0.425, 13.0, 14.0, 0.701];[0.463, 16.667, 10.333, 0.822];[0, 1];
[0.445, 14.0, 16.0, 0.723];[0.457, 15.667, 9.333, 0.734];[0, 1];
[0.481, 21.667, 13.0, 0.708];[0.445, 16.667, 13.667, 0.821];[1, 0];
[0.455, 10.667, 13.0, 0.738];[0.486, 9.333, 8.333, 0.763];[0, 1];
[0.453, 18.333, 7.667, 0.784];[0.446, 13.667, 6.667, 0.781];[0, 1];
[0.45, 12.0, 10.667, 0.775];[0.479, 11.333, 11.0, 0.779];[0, 1];
[0.428, 11.0, 13.0, 0.861];[0.5, 15.333, 9.333, 0.694];[0, 1];
[0.465, 17.333, 8.333, 0.773];[0.477, 14.667, 8.667, 0.862];[0, 1];
[0.466, 14.667, 9.0, 0.727];[0.461, 14.667, 8.667, 0.732];[0, 1];
[0.457, 13.0, 11.667, 0.807];[0.492, 14.333, 9.0, 0.829];[0, 1];
[0.491, 11.0, 7.667, 0.695];[0.493, 12.667, 8.333, 0.705];[0, 1];
[0.423, 17.333, 12.0, 0.698];[0.422, 14.0, 12.0, 0.775];[0, 1];
[0.473, 12.0, 8.333, 0.732];[0.477, 16.333, 14.333, 0.755];[1, 0];
[0.463, 14.0, 8.667, 0.801];[0.471, 17.0, 12.0, 0.775];[1, 0];
[0.462, 14.333, 17.0, 0.694];[0.47, 12.333, 8.333, 0.763];[1, 0];
[0.529, 15.0, 9.0, 0.575];[0.473, 14.333, 7.333, 0.774];[1, 0];
[0.477, 11.0, 14.667, 0.849];[0.422, 14.0, 11.333, 0.71];[0, 1];
[0.39, 13.667, 11.667, 0.717];[0.485, 18.0, 6.333, 0.798];[0, 1];
[0.469, 14.667, 10.0, 0.816];[0.437, 12.0, 11.667, 0.779];[0, 1];
[0.48, 13.0, 15.0, 0.624];[0.433, 12.667, 10.0, 0.728];[1, 0];
[0.428, 10.667, 8.667, 0.819];[0.423, 14.667, 11.0, 0.76];[0, 1];
[0.424, 13.667, 12.333, 0.829];[0.406, 14.0, 13.0, 0.713];[1, 0];
[0.396, 12.667, 17.0, 0.559];[0.457, 11.0, 13.0, 0.73];[1, 0];
[0.421, 13.0, 14.0, 0.695];[0.465, 10.667, 11.667, 0.776];[0, 1];
[0.454, 12.667, 8.667, 0.819];[0.458, 15.333, 12.0, 0.622];[1, 0];
[0.439, 11.667, 9.667, 0.748];[0.485, 12.0, 10.667, 0.787];[0, 1];
[0.433, 17.0, 12.0, 0.792];[0.428, 16.333, 14.0, 0.81];[1, 0];
[0.458, 14.667, 10.0, 0.806];[0.368, 13.667, 14.333, 0.793];[0, 1];
[0.436, 14.333, 16.667, 0.824];[0.416, 17.333, 11.333, 0.774];[0, 1];
[0.499, 13.667, 14.0, 0.85];[0.351, 15.333, 12.667, 0.807];[1, 0];
[0.474, 14.333, 9.667, 0.739];[0.479, 20.333, 9.333, 0.8];[0, 1];
[0.48, 18.0, 12.667, 0.74];[0.428, 18.0, 11.0, 0.635];[0, 1];
[0.461, 14.667, 15.333, 0.736];[0.485, 13.0, 13.0, 0.744];[0, 1];
[0.44, 13.333, 14.333, 0.643];[0.472, 9.667, 10.333, 0.788];[1, 0];
[0.431, 10.667, 8.0, 0.825];[0.452, 11.333, 11.333, 0.732];[0, 1];
[0.422, 14.0, 10.333, 0.765];[0.471, 18.0, 10.667, 0.69];[1, 0];
[0.447, 13.667, 13.667, 0.691];[0.476, 15.667, 11.0, 0.676];[0, 1];
[0.447, 13.667, 11.667, 0.786];[0.46, 12.667, 13.333, 0.681];[0, 1];
[0.486, 12.667, 12.667, 0.75];[0.475, 8.667, 11.333, 0.794];[1, 0];
[0.423, 12.667, 10.0, 0.638];[0.429, 10.0, 12.0, 0.781];[0, 1];
[0.424, 15.667, 12.0, 0.589];[0.445, 16.0, 13.333, 0.739];[1, 0];
[0.444, 10.0, 15.0, 0.78];[0.436, 15.0, 8.333, 0.715];[0, 1];
[0.401, 14.667, 9.667, 0.738];[0.475, 15.667, 14.333, 0.694];[0, 1];
[0.442, 12.0, 10.0, 0.843];[0.523, 13.0, 9.667, 0.789];[1, 0];
[0.493, 13.333, 10.333, 0.814];[0.446, 15.667, 9.333, 0.758];[1, 0];
[0.464, 12.333, 8.0, 0.784];[0.448, 14.333, 10.667, 0.739];[0, 1];
[0.444, 14.0, 9.667, 0.739];[0.417, 11.0, 13.0, 0.67];[0, 1];
[0.506, 17.333, 8.333, 0.847];[0.453, 13.333, 7.667, 0.801];[1, 0];
[0.49, 15.333, 8.667, 0.607];[0.421, 12.0, 13.333, 0.8];[1, 0];
[0.434, 16.0, 12.333, 0.798];[0.496, 13.667, 9.0, 0.573];[0, 1];
[0.473, 17.0, 11.333, 0.68];[0.423, 14.0, 15.667, 0.719];[1, 0];
[0.477, 15.0, 8.333, 0.832];[0.415, 15.0, 10.667, 0.854];[1, 0];
[0.471, 16.0, 15.0, 0.764];[0.435, 12.667, 16.0, 0.723];[0, 1];
[0.423, 18.333, 10.667, 0.759];[0.436, 9.333, 11.333, 0.767];[1, 0];
[0.436, 17.0, 11.0, 0.674];[0.491, 13.333, 11.667, 0.751];[0, 1];
[0.442, 14.333, 12.667, 0.687];[0.43, 11.0, 14.667, 0.713];[0, 1];
[0.404, 16.333, 9.0, 0.879];[0.481, 14.0, 8.333, 0.789];[1, 0];
[0.426, 13.0, 11.333, 0.884];[0.531, 14.333, 10.333, 0.719];[0, 1];
[0.46, 14.0, 12.0, 0.736];[0.47, 15.333, 11.0, 0.848];[0, 1];
[0.504, 17.333, 11.0, 0.905];[0.446, 15.667, 11.0, 0.79];[1, 0];
[0.46, 17.333, 9.333, 0.808];[0.36, 11.0, 11.0, 0.792];[1, 0];
[0.424, 14.667, 16.0, 0.795];[0.447, 12.333, 13.0, 0.733];[0, 1];
[0.474, 13.0, 10.667, 0.757];[0.447, 15.0, 6.667, 0.681];[0, 1];
[0.416, 13.333, 11.0, 0.839];[0.469, 12.0, 9.0, 0.796];[1, 0];
[0.458, 12.333, 12.667, 0.679];[0.428, 14.667, 11.333, 0.669];[1, 0];
[0.448, 14.0, 13.333, 0.791];[0.468, 14.333, 11.667, 0.825];[0, 1];
[0.426, 12.667, 18.333, 0.61];[0.44, 15.333, 16.0, 0.828];[0, 1];
[0.419, 18.0, 12.0, 0.797];[0.413, 15.667, 11.0, 0.651];[0, 1];
[0.445, 14.333, 11.667, 0.736];[0.484, 13.333, 9.667, 0.767];[1, 0];
[0.534, 16.0, 6.0, 0.715];[0.411, 14.0, 13.333, 0.777];[1, 0];
[0.436, 15.0, 7.0, 0.706];[0.456, 12.667, 12.0, 0.675];[0, 1];
[0.424, 16.0, 15.333, 0.786];[0.445, 12.333, 10.333, 0.867];[0, 1];
[0.472, 14.333, 9.667, 0.81];[0.407, 12.0, 11.0, 0.694];[1, 0];
[0.467, 15.667, 13.667, 0.7];[0.409, 18.0, 11.667, 0.628];[1, 0];
[0.465, 15.667, 8.667, 0.843];[0.419, 13.333, 12.0, 0.802];[1, 0];
[0.476, 15.0, 10.333, 0.832];[0.413, 13.667, 16.333, 0.813];[1, 0];
[0.456, 13.333, 9.333, 0.791];[0.464, 16.667, 12.333, 0.694];[0, 1];
[0.534, 14.0, 9.333, 0.726];[0.547, 13.333, 9.0, 0.735];[1, 0];
[0.432, 14.667, 13.333, 0.833];[0.469, 15.667, 10.667, 0.777];[1, 0];
[0.462, 10.667, 7.667, 0.749];[0.452, 9.667, 10.667, 0.811];[1, 0];
[0.383, 14.667, 16.667, 0.65];[0.452, 11.0, 9.667, 0.738];[0, 1];
[0.462, 12.667, 9.333, 0.71];[0.475, 9.667, 10.333, 0.703];[1, 0];
[0.433, 16.0, 12.0, 0.724];[0.44, 16.0, 10.0, 0.757];[0, 1];
[0.499, 17.0, 8.333, 0.681];[0.451, 14.333, 15.0, 0.772];[0, 1];
[0.416, 13.333, 10.667, 0.807];[0.481, 15.333, 9.667, 0.813];[0, 1];
[0.422, 21.0, 23.0, 0.862];[0.411, 9.0, 10.0, 0.579];[1, 0];
[0.471, 11.333, 13.667, 0.64];[0.413, 13.0, 9.667, 0.77];[1, 0];
[0.427, 12.667, 14.0, 0.724];[0.49, 15.0, 8.0, 0.688];[0, 1];
[0.396, 12.333, 10.667, 0.802];[0.433, 13.0, 13.0, 0.755];[1, 0];
[0.446, 17.333, 12.667, 0.786];[0.413, 20.0, 14.667, 0.813];[1, 0];
[0.452, 16.667, 13.333, 0.756];[0.471, 12.333, 10.333, 0.808];[1, 0];
[0.441, 10.667, 9.667, 0.625];[0.504, 13.333, 12.667, 0.689];[0, 1];
[0.465, 18.0, 11.0, 0.917];[0.429, 12.0, 13.0, 0.867];[0, 1];
[0.511, 15.0, 8.333, 0.779];[0.485, 13.667, 11.333, 0.791];[1, 0];
[0.473, 15.333, 9.333, 0.83];[0.494, 14.0, 7.667, 0.716];[1, 0];
[0.449, 15.0, 10.667, 0.75];[0.489, 10.0, 11.0, 0.852];[0, 1];
[0.445, 14.333, 15.667, 0.765];[0.469, 13.333, 14.0, 0.813];[1, 0];
[0.459, 10.667, 10.0, 0.733];[0.443, 15.333, 9.333, 0.694];[1, 0];
[0.493, 17.0, 10.333, 0.773];[0.432, 13.667, 13.333, 0.664];[0, 1];
[0.456, 18.0, 11.333, 0.65];[0.438, 14.667, 8.333, 0.729];[0, 1];
[0.446, 15.0, 15.333, 0.739];[0.466, 11.667, 13.667, 0.678];[1, 0];
[0.435, 12.333, 12.667, 0.763];[0.446, 14.667, 11.333, 0.731];[0, 1];
[0.41, 16.0, 14.333, 0.762];[0.47, 17.0, 11.0, 0.748];[0, 1];
[0.429, 12.0, 13.0, 0.867];[0.519, 15.0, 3.0, 0.667];[1, 0];
[0.481, 14.667, 8.0, 0.765];[0.405, 13.667, 9.0, 0.671];[1, 0];
[0.449, 13.0, 7.667, 0.785];[0.46, 12.333, 9.333, 0.843];[1, 0];
[0.483, 15.0, 11.333, 0.582];[0.502, 15.0, 12.0, 0.73];[1, 0];
[0.468, 13.667, 10.0, 0.807];[0.46, 16.333, 6.667, 0.762];[0, 1];
[0.427, 13.0, 9.667, 0.771];[0.486, 16.0, 7.667, 0.652];[1, 0];
[0.513, 12.0, 11.0, 0.742];[0.438, 14.333, 11.0, 0.794];[0, 1];
[0.451, 11.0, 10.0, 0.692];[0.431, 15.333, 10.667, 0.776];[0, 1];
[0.47, 12.667, 12.333, 0.819];[0.414, 14.667, 7.667, 0.689];[0, 1];
[0.441, 10.0, 10.333, 0.725];[0.492, 11.667, 11.667, 0.758];[0, 1];
[0.459, 14.0, 7.333, 0.826];[0.47, 16.667, 12.0, 0.778];[1, 0];
[0.436, 12.0, 11.667, 0.757];[0.479, 14.0, 11.0, 0.712];[1, 0];
[0.42, 11.667, 9.667, 0.833];[0.493, 15.667, 8.333, 0.784];[1, 0];
[0.481, 16.667, 9.667, 0.81];[0.447, 15.0, 11.333, 0.828];[1, 0];
[0.468, 11.333, 7.667, 0.841];[0.444, 13.667, 11.667, 0.845];[0, 1];
[0.493, 13.333, 9.667, 0.794];[0.455, 13.0, 8.667, 0.674];[0, 1];
[0.425, 11.333, 15.333, 0.81];[0.519, 13.0, 12.333, 0.79];[0, 1];
[0.477, 16.333, 9.333, 0.729];[0.404, 14.667, 13.667, 0.689];[1, 0];
[0.444, 14.333, 11.0, 0.778];[0.441, 15.667, 13.333, 0.86];[0, 1];
[0.45, 18.0, 9.0, 0.706];[0.452, 11.0, 9.0, 0.778];[1, 0];
[0.416, 14.333, 12.667, 0.706];[0.557, 13.333, 7.667, 0.623];[1, 0];
[0.42, 18.333, 8.667, 0.77];[0.43, 11.667, 13.667, 0.775];[1, 0];
[0.448, 15.0, 11.333, 0.731];[0.447, 9.333, 10.0, 0.724];[0, 1];
[0.419, 16.333, 15.667, 0.713];[0.411, 13.333, 12.333, 0.832];[0, 1];
[0.421, 13.0, 9.333, 0.7];[0.447, 14.333, 13.0, 0.831];[1, 0];
[0.465, 15.0, 12.333, 0.772];[0.428, 12.0, 13.0, 0.73];[0, 1];
[0.375, 14.333, 15.333, 0.728];[0.463, 12.333, 10.667, 0.78];[0, 1];
[0.427, 14.333, 15.0, 0.775];[0.417, 16.667, 10.0, 0.778];[0, 1];
[0.489, 14.667, 7.667, 0.616];[0.445, 12.667, 14.333, 0.658];[1, 0];
[0.481, 14.0, 8.0, 0.8];[0.509, 13.0, 8.667, 0.678];[1, 0];
[0.407, 14.0, 11.667, 0.72];[0.433, 12.0, 15.0, 0.66];[0, 1];
[0.483, 14.667, 7.333, 0.809];[0.513, 12.0, 8.0, 0.719];[1, 0];
[0.434, 14.0, 14.333, 0.732];[0.466, 17.333, 11.333, 0.742];[1, 0];
[0.45, 14.0, 8.667, 0.689];[0.38, 18.333, 11.667, 0.747];[0, 1];
[0.458, 17.333, 13.333, 0.668];[0.461, 12.667, 7.667, 0.756];[1, 0];
[0.476, 16.667, 9.333, 0.598];[0.494, 15.333, 10.667, 0.724];[0, 1];
[0.404, 12.667, 13.0, 0.856];[0.437, 16.667, 11.0, 0.811];[1, 0];
[0.381, 14.333, 10.667, 0.836];[0.458, 12.0, 16.667, 0.68];[0, 1];
[0.481, 16.667, 7.667, 0.732];[0.458, 12.667, 6.667, 0.822];[1, 0];
[0.383, 15.667, 11.667, 0.75];[0.392, 13.667, 10.667, 0.84];[1, 0];
[0.463, 16.0, 10.667, 0.772];[0.426, 17.667, 15.333, 0.864];[1, 0];
[0.4, 13.333, 11.0, 0.82];[0.469, 14.667, 15.0, 0.78];[0, 1];
[0.473, 15.667, 10.333, 0.721];[0.454, 12.333, 10.667, 0.685];[1, 0];
[0.438, 13.667, 9.667, 0.771];[0.401, 16.333, 14.0, 0.773];[0, 1];
[0.421, 15.0, 9.0, 0.779];[0.483, 17.333, 8.333, 0.791];[0, 1];
[0.462, 15.333, 11.667, 0.718];[0.475, 10.667, 10.667, 0.712];[0, 1];
[0.417, 14.0, 15.667, 0.709];[0.489, 10.0, 13.0, 0.842];[0, 1];
[0.44, 11.0, 12.667, 0.718];[0.473, 16.333, 10.667, 0.689];[0, 1];
[0.456, 17.0, 10.0, 0.813];[0.419, 11.667, 14.333, 0.709];[0, 1];
[0.49, 13.0, 10.667, 0.748];[0.412, 13.0, 13.667, 0.754];[0, 1];
[0.504, 15.0, 14.0, 0.736];[0.444, 15.0, 14.333, 0.72];[1, 0];
[0.47, 17.0, 8.0, 0.778];[0.501, 14.333, 13.0, 0.704];[0, 1];
[0.459, 9.667, 11.667, 0.696];[0.471, 11.0, 10.333, 0.767];[0, 1];
[0.441, 13.667, 15.333, 0.8];[0.529, 15.667, 9.0, 0.659];[0, 1];
[0.504, 10.0, 8.667, 0.764];[0.403, 15.333, 15.0, 0.706];[1, 0];
[0.409, 16.0, 12.667, 0.694];[0.409, 10.667, 10.0, 0.738];[1, 0];
[0.461, 15.0, 11.333, 0.672];[0.455, 16.0, 11.333, 0.812];[0, 1];
[0.514, 16.333, 10.667, 0.675];[0.498, 15.667, 6.667, 0.738];[0, 1];
[0.428, 11.667, 11.0, 0.761];[0.477, 15.667, 12.0, 0.702];[0, 1];
[0.42, 14.333, 11.333, 0.719];[0.418, 15.0, 12.667, 0.86];[1, 0];
[0.534, 15.667, 6.667, 0.772];[0.469, 14.667, 8.667, 0.763];[0, 1];
[0.397, 16.667, 13.0, 0.688];[0.551, 14.0, 7.333, 0.766];[0, 1];
[0.434, 15.333, 13.0, 0.754];[0.505, 9.667, 8.667, 0.843];[1, 0];
[0.499, 11.667, 8.0, 0.743];[0.43, 12.667, 10.667, 0.802];[0, 1];
[0.437, 15.0, 12.333, 0.784];[0.405, 14.0, 13.667, 0.798];[1, 0];
[0.491, 13.0, 8.667, 0.703];[0.449, 16.333, 13.0, 0.699];[0, 1];
[0.517, 15.0, 11.0, 0.811];[0.456, 15.667, 12.333, 0.767];[1, 0];
[0.429, 10.333, 13.667, 0.868];[0.509, 11.667, 13.0, 0.797];[1, 0];
[0.456, 14.333, 9.667, 0.742];[0.492, 14.0, 6.333, 0.72];[0, 1];
[0.425, 15.0, 11.667, 0.762];[0.468, 10.333, 16.0, 0.672];[0, 1];
[0.455, 14.667, 12.0, 0.642];[0.412, 14.667, 14.0, 0.78];[1, 0];
[0.464, 12.0, 14.333, 0.668];[0.51, 14.0, 9.667, 0.735];[0, 1];
[0.513, 15.0, 11.0, 0.7];[0.493, 12.0, 9.0, 0.739];[1, 0];
[0.408, 11.333, 9.667, 0.74];[0.462, 10.667, 7.333, 0.757];[1, 0];
[0.446, 12.333, 9.333, 0.835];[0.449, 12.333, 9.0, 0.823];[1, 0];
[0.443, 13.667, 12.333, 0.763];[0.495, 12.333, 11.0, 0.898];[1, 0];
[0.468, 14.667, 8.333, 0.677];[0.418, 13.667, 14.0, 0.579];[0, 1];
[0.385, 14.667, 13.667, 0.742];[0.421, 12.333, 10.667, 0.765];[0, 1];
[0.502, 10.667, 12.0, 0.785];[0.464, 14.667, 12.667, 0.75];[1, 0];
[0.421, 12.667, 13.333, 0.729];[0.432, 13.333, 13.667, 0.738];[0, 1];
[0.481, 13.667, 8.667, 0.841];[0.497, 15.667, 13.0, 0.768];[1, 0];
[0.408, 14.667, 14.0, 0.706];[0.412, 14.667, 11.667, 0.825];[0, 1];
[0.442, 11.333, 10.667, 0.781];[0.426, 14.333, 10.333, 0.749];[0, 1];
[0.394, 13.0, 14.667, 0.729];[0.49, 14.667, 9.333, 0.784];[1, 0];
[0.498, 16.0, 9.333, 0.829];[0.476, 16.333, 12.333, 0.75];[1, 0];
[0.489, 13.667, 11.0, 0.788];[0.421, 13.0, 14.333, 0.793];[0, 1];
[0.428, 9.333, 14.0, 0.681];[0.459, 15.0, 12.0, 0.825];[0, 1];
[0.495, 15.333, 8.667, 0.748];[0.446, 14.333, 9.333, 0.705];[1, 0];
[0.461, 13.667, 8.667, 0.775];[0.448, 13.333, 14.667, 0.798];[1, 0];
[0.417, 12.333, 11.0, 0.716];[0.441, 14.0, 10.333, 0.888];[0, 1];
[0.51, 12.667, 10.333, 0.757];[0.465, 13.667, 9.0, 0.739];[0, 1];
[0.428, 14.0, 10.333, 0.759];[0.458, 17.667, 12.667, 0.607];[0, 1];
[0.443, 12.0, 10.667, 0.82];[0.413, 10.333, 11.333, 0.793];[1, 0];
[0.478, 12.667, 14.333, 0.86];[0.456, 13.0, 10.667, 0.762];[1, 0];
[0.496, 13.667, 13.0, 0.649];[0.448, 13.333, 10.333, 0.625];[0, 1];
[0.488, 13.0, 10.0, 0.836];[0.448, 16.333, 10.333, 0.78];[1, 0];
[0.416, 10.0, 10.0, 0.815];[0.496, 12.0, 9.667, 0.691];[0, 1];
[0.446, 10.667, 11.0, 0.746];[0.477, 15.667, 11.0, 0.824];[1, 0];
[0.474, 13.0, 10.667, 0.681];[0.463, 12.333, 8.333, 0.758];[1, 0];
[0.467, 15.0, 10.333, 0.826];[0.467, 16.667, 13.333, 0.727];[1, 0];
[0.421, 16.667, 15.667, 0.718];[0.457, 15.333, 10.667, 0.832];[1, 0];
[0.463, 12.0, 11.667, 0.744];[0.481, 11.0, 8.0, 0.681];[0, 1];
[0.507, 15.667, 10.333, 0.8];[0.456, 15.667, 12.667, 0.857];[1, 0];
[0.464, 13.0, 13.0, 0.819];[0.435, 16.667, 10.333, 0.77];[0, 1];
[0.475, 14.0, 13.0, 0.762];[0.436, 12.667, 12.667, 0.754];[0, 1];
[0.395, 14.667, 17.333, 0.684];[0.434, 15.667, 11.0, 0.761];[1, 0];
[0.48, 14.333, 6.333, 0.836];[0.433, 18.333, 14.667, 0.748];[1, 0];
[0.465, 14.333, 10.667, 0.7];[0.462, 15.667, 14.333, 0.661];[1, 0];
[0.418, 15.667, 9.333, 0.779];[0.476, 12.333, 8.667, 0.678];[1, 0];
[0.506, 18.333, 8.0, 0.676];[0.461, 15.0, 11.333, 0.669];[1, 0];
[0.444, 18.333, 9.667, 0.744];[0.497, 15.0, 9.0, 0.83];[0, 1];
[0.513, 14.667, 9.667, 0.771];[0.459, 13.667, 9.667, 0.727];[1, 0];
[0.469, 13.333, 14.333, 0.765];[0.442, 11.667, 8.0, 0.711];[1, 0];
[0.455, 13.0, 9.0, 0.824];[0.435, 12.0, 15.0, 0.714];[1, 0];
[0.395, 14.667, 12.333, 0.704];[0.477, 12.667, 11.667, 0.783];[0, 1];
[0.472, 13.333, 9.0, 0.745];[0.447, 16.0, 9.667, 0.745];[1, 0];
[0.461, 11.0, 10.0, 0.773];[0.439, 13.333, 16.0, 0.753];[1, 0];
[0.427, 15.0, 11.333, 0.77];[0.454, 15.667, 16.0, 0.716];[0, 1];
[0.387, 16.333, 11.667, 0.807];[0.39, 12.667, 13.667, 0.773];[1, 0];
[0.446, 15.667, 10.333, 0.753];[0.427, 13.333, 10.0, 0.761];[0, 1];
[0.487, 13.0, 8.333, 0.717];[0.446, 16.667, 12.0, 0.78];[0, 1];
[0.449, 14.0, 12.0, 0.786];[0.397, 13.667, 15.0, 0.771];[0, 1];
[0.495, 15.0, 14.333, 0.696];[0.481, 13.0, 9.333, 0.825];[1, 0];
[0.464, 13.333, 12.333, 0.672];[0.465, 14.0, 11.0, 0.798];[1, 0];
[0.408, 10.333, 12.667, 0.744];[0.493, 17.0, 8.667, 0.674];[1, 0];
[0.449, 14.667, 9.667, 0.627];[0.464, 13.0, 8.333, 0.836];[1, 0];
[0.498, 14.0, 15.0, 0.697];[0.406, 9.667, 9.333, 0.872];[1, 0];
[0.426, 13.667, 13.333, 0.736];[0.453, 14.667, 9.333, 0.777];[1, 0];
[0.508, 15.667, 10.0, 0.723];[0.399, 11.333, 17.333, 0.708];[1, 0];
[0.447, 15.0, 12.333, 0.703];[0.452, 14.333, 9.0, 0.843];[0, 1];
[0.462, 12.0, 9.333, 0.802];[0.442, 15.667, 12.0, 0.892];[1, 0];
[0.479, 9.667, 8.667, 0.751];[0.456, 11.667, 10.333, 0.642];[0, 1];
[0.386, 16.667, 17.667, 0.756];[0.444, 13.667, 9.667, 0.814];[0, 1];
[0.419, 12.667, 10.333, 0.81];[0.483, 14.333, 14.667, 0.721];[0, 1];
[0.421, 13.0, 10.667, 0.796];[0.471, 9.0, 7.0, 0.761];[1, 0];
[0.506, 19.667, 12.667, 0.74];[0.485, 15.333, 11.0, 0.729];[0, 1];
[0.461, 12.667, 14.333, 0.713];[0.468, 11.667, 12.0, 0.827];[0, 1];
[0.473, 11.333, 9.333, 0.77];[0.429, 15.0, 10.333, 0.702];[1, 0];
[0.487, 16.333, 8.333, 0.77];[0.412, 14.0, 16.0, 0.5];[0, 1];
[0.486, 12.333, 10.667, 0.826];[0.468, 14.0, 13.667, 0.644];[0, 1];
[0.433, 11.667, 11.0, 0.73];[0.403, 11.0, 10.667, 0.908];[1, 0];
[0.389, 12.667, 14.667, 0.707];[0.446, 14.667, 16.667, 0.754];[0, 1];
[0.469, 13.0, 11.0, 0.703];[0.493, 11.333, 7.333, 0.794];[1, 0];
[0.415, 12.333, 12.667, 0.719];[0.436, 12.333, 12.333, 0.794];[0, 1];
[0.535, 13.0, 13.667, 0.641];[0.454, 14.333, 9.667, 0.801];[1, 0];
[0.436, 14.0, 14.0, 0.672];[0.483, 20.667, 14.333, 0.713];[1, 0];
[0.422, 16.667, 12.333, 0.795];[0.402, 17.667, 17.0, 0.75];[0, 1];
[0.429, 11.333, 12.667, 0.76];[0.467, 17.333, 11.667, 0.777];[0, 1];
[0.406, 14.0, 15.667, 0.765];[0.478, 12.333, 12.333, 0.557];[1, 0];
[0.486, 20.0, 12.333, 0.756];[0.415, 14.0, 11.333, 0.77];[1, 0];
[0.442, 11.333, 10.0, 0.789];[0.449, 14.667, 9.667, 0.823];[0, 1];
[0.492, 11.333, 10.667, 0.711];[0.435, 11.0, 12.333, 0.774];[1, 0];
[0.466, 14.333, 12.0, 0.706];[0.457, 12.333, 9.333, 0.645];[0, 1];
[0.465, 14.667, 9.333, 0.699];[0.456, 10.667, 11.0, 0.754];[0, 1];
[0.433, 15.0, 11.0, 0.691];[0.429, 14.0, 11.333, 0.823];[0, 1];
[0.389, 14.333, 14.667, 0.756];[0.44, 12.667, 11.0, 0.712];[1, 0];
[0.414, 19.667, 11.0, 0.688];[0.442, 11.667, 11.667, 0.807];[1, 0];
[0.365, 10.0, 10.0, 0.875];[0.465, 20.0, 7.0, 0.909];[0, 1];
[0.449, 13.667, 8.667, 0.783];[0.424, 10.333, 10.333, 0.797];[1, 0];
[0.449, 15.667, 14.0, 0.799];[0.419, 12.667, 9.667, 0.72];[0, 1];
[0.46, 15.333, 10.0, 0.723];[0.48, 10.0, 12.667, 0.7];[0, 1];
[0.426, 17.0, 13.667, 0.809];[0.452, 9.667, 9.667, 0.848];[0, 1];
[0.474, 18.667, 9.0, 0.822];[0.502, 12.667, 7.0, 0.776];[1, 0];
[0.431, 15.0, 10.667, 0.688];[0.483, 12.667, 14.333, 0.806];[0, 1];
[0.517, 13.333, 7.333, 0.801];[0.43, 15.333, 10.667, 0.768];[1, 0];
[0.45, 15.667, 12.0, 0.856];[0.442, 13.0, 13.333, 0.753];[1, 0];
[0.453, 14.0, 12.333, 0.746];[0.418, 15.333, 11.0, 0.696];[1, 0];
[0.449, 10.667, 8.0, 0.758];[0.422, 12.333, 12.0, 0.69];[0, 1];
[0.499, 14.333, 12.667, 0.728];[0.418, 16.333, 10.0, 0.866];[1, 0];
[0.453, 14.0, 12.333, 0.793];[0.465, 15.0, 13.667, 0.806];[0, 1];
[0.444, 14.0, 8.667, 0.771];[0.464, 18.0, 4.0, 0.876];[1, 0];
[0.428, 13.667, 9.0, 0.82];[0.422, 12.0, 12.333, 0.686];[1, 0];
[0.442, 17.667, 16.667, 0.682];[0.448, 16.0, 13.333, 0.768];[1, 0];
