[0.435, 16.667, 11.0, 0.765];[0.454, 19.0, 14.333, 0.703];[1, 0];
[0.419, 15.333, 11.667, 0.738];[0.302, 18.0, 8.0, 0.73];[1, 0];
[0.497, 14.667, 9.667, 0.788];[0.444, 14.333, 11.667, 0.823];[1, 0];
[0.436, 15.667, 11.667, 0.762];[0.429, 13.0, 7.667, 0.81];[0, 1];
[0.44, 15.667, 9.667, 0.761];[0.46, 14.333, 11.333, 0.895];[1, 0];
[0.464, 10.0, 12.0, 0.891];[0.454, 12.0, 11.333, 0.78];[0, 1];
[0.426, 12.0, 12.0, 0.788];[0.518, 21.667, 8.333, 0.781];[1, 0];
[0.465, 18.0, 12.0, 1.0];[0.443, 16.0, 14.0, 0.789];[1, 0];
[0.455, 11.0, 14.333, 0.729];[0.517, 12.333, 8.333, 0.677];[0, 1];
[0.419, 15.0, 12.333, 0.738];[0.512, 15.0, 7.0, 0.706];[0, 1];
[0.416, 9.0, 15.0, 0.723];[0.444, 11.0, 9.333, 0.719];[0, 1];
[0.433, 12.667, 6.333, 0.791];[0.44, 15.667, 10.333, 0.764];[1, 0];
[0.451, 15.667, 13.0, 0.796];[0.42, 11.667, 11.667, 0.766];[0, 1];
[0.409, 21.0, 16.0, 0.905];[0.439, 21.0, 9.0, 0.857];[1, 0];
[0.461, 10.667, 11.0, 0.716];[0.461, 11.0, 9.667, 0.787];[1, 0];
[0.477, 12.0, 11.333, 0.795];[0.45, 13.667, 9.333, 0.858];[0, 1];
[0.432, 12.0, 10.333, 0.77];[0.417, 8.333, 10.333, 0.743];[0, 1];
[0.406, 13.667, 11.0, 0.826];[0.448, 12.667, 11.333, 0.885];[1, 0];
[0.513, 13.333, 8.0, 0.766];[0.434, 12.0, 10.0, 0.78];[0, 1];
[0.461, 13.667, 13.667, 0.812];[0.433, 14.667, 12.0, 0.652];[0, 1];
[0.455, 15.0, 12.667, 0.823];[0.469, 14.0, 9.667, 0.821];[1, 0];
[0.406, 11.0, 10.333, 0.82];[0.417, 13.333, 11.333, 0.805];[1, 0];
[0.458, 13.333, 8.667, 0.71];[0.489, 9.333, 10.0, 0.76];[0, 1];
[0.463, 13.333, 9.333, 0.808];[0.47, 11.333, 11.667, 0.83];[0, 1];
[0.427, 7.667, 10.667, 0.815];[0.491, 16.333, 9.667, 0.704];[1, 0];
[0.431, 19.0, 12.667, 0.808];[0.467, 15.0, 10.0, 0.609];[1, 0];
[0.461, 16.333, 10.333, 0.8];[0.455, 17.667, 12.333, 0.746];[0, 1];
[0.433, 13.0, 13.333, 0.811];[0.475, 11.0, 5.333, 0.841];[0, 1];
[0.421, 13.333, 12.0, 0.726];[0.448, 10.667, 11.667, 0.72];[1, 0];
[0.488, 15.333, 6.667, 0.644];[0.433, 18.667, 9.333, 0.654];[0, 1];
[0.47, 14.333, 9.667, 0.714];[0.414, 13.0, 9.333, 0.787];[0, 1];
[0.436, 12.667, 10.667, 0.725];[0.51, 12.667, 9.667, 0.753];[1, 0];
[0.508, 18.333, 9.333, 0.679];[0.426, 13.667, 9.333, 0.841];[0, 1];
[0.396, 11.0, 5.0, 0.611];[0.366, 16.0, 12.0, 0.75];[0, 1];
[0.467, 12.0, 7.0, 0.779];[0.475, 11.0, 10.667, 0.79];[1, 0];
[0.427, 12.0, 11.0, 0.82];[0.492, 14.0, 8.333, 0.759];[0, 1];
[0.456, 12.0, 14.0, 0.781];[0.485, 13.0, 13.333, 0.893];[1, 0];
[0.477, 13.0, 13.667, 0.847];[0.435, 14.333, 13.333, 0.726];[1, 0];
[0.457, 19.333, 9.333, 0.641];[0.461, 14.333, 8.667, 0.871];[1, 0];
[0.421, 13.0, 8.0, 0.821];[0.385, 13.0, 10.667, 0.82];[0, 1];
[0.478, 10.667, 10.0, 0.833];[0.468, 17.0, 9.0, 0.738];[1, 0];
[0.432, 13.667, 12.0, 0.813];[0.444, 14.333, 11.333, 0.766];[0, 1];
[0.51, 10.667, 8.333, 0.828];[0.484, 16.333, 8.0, 0.718];[0, 1];
[0.508, 13.667, 7.667, 0.774];[0.437, 11.667, 9.333, 0.775];[0, 1];
[0.377, 13.0, 12.333, 0.73];[0.422, 14.667, 11.0, 0.731];[0, 1];
[0.467, 12.0, 7.0, 0.723];[0.424, 15.333, 13.333, 0.718];[1, 0];
[0.491, 14.667, 6.333, 0.765];[0.457, 15.0, 10.0, 0.725];[1, 0];
[0.439, 12.333, 10.333, 0.843];[0.477, 11.667, 11.0, 0.782];[1, 0];
[0.46, 12.0, 11.333, 0.705];[0.427, 13.333, 7.667, 0.618];[1, 0];
[0.516, 14.333, 6.333, 0.857];[0.404, 15.333, 12.333, 0.763];[0, 1];
[0.459, 15.667, 11.0, 0.616];[0.42, 14.333, 12.0, 0.785];[1, 0];
[0.441, 11.333, 10.0, 0.891];[0.5, 14.667, 8.667, 0.843];[1, 0];
[0.531, 12.333, 10.667, 0.829];[0.462, 10.333, 10.0, 0.763];[1, 0];
[0.458, 14.0, 7.333, 0.779];[0.442, 9.0, 12.0, 0.718];[0, 1];
[0.433, 17.0, 12.333, 0.669];[0.5, 16.333, 8.0, 0.762];[0, 1];
[0.47, 9.667, 11.333, 0.793];[0.468, 14.667, 11.333, 0.835];[1, 0];
[0.406, 11.0, 10.667, 0.842];[0.426, 16.0, 12.0, 0.801];[0, 1];
[0.45, 13.333, 12.333, 0.69];[0.437, 11.667, 9.667, 0.646];[0, 1];
[0.425, 15.333, 10.667, 0.736];[0.492, 13.0, 10.333, 0.698];[0, 1];
[0.459, 12.667, 9.0, 0.737];[0.436, 13.0, 10.667, 0.872];[1, 0];
[0.445, 13.667, 10.333, 0.706];[0.494, 14.0, 8.0, 0.764];[1, 0];
[0.455, 13.333, 8.333, 0.708];[0.44, 12.333, 10.0, 0.801];[1, 0];
[0.443, 14.667, 11.0, 0.817];[0.47, 16.333, 11.0, 0.787];[0, 1];
[0.511, 13.0, 7.667, 0.819];[0.46, 12.667, 12.333, 0.768];[1, 0];
[0.419, 17.0, 12.333, 0.736];[0.521, 16.0, 8.0, 0.725];[1, 0];
[0.441, 15.0, 9.0, 0.77];[0.526, 12.333, 7.333, 0.839];[1, 0];
[0.442, 12.667, 8.667, 0.805];[0.452, 9.0, 12.0, 0.761];[1, 0];
[0.441, 12.0, 11.667, 0.733];[0.466, 13.333, 9.333, 0.735];[1, 0];
[0.423, 12.0, 9.667, 0.779];[0.43, 16.667, 15.0, 0.777];[1, 0];
[0.507, 15.667, 11.667, 0.691];[0.482, 17.333, 7.333, 0.658];[1, 0];
[0.484, 15.0, 8.667, 0.771];[0.383, 10.333, 12.667, 0.837];[1, 0];
[0.417, 16.0, 10.667, 0.682];[0.512, 16.0, 6.0, 0.786];[0, 1];
[0.403, 12.0, 14.333, 0.713];[0.419, 12.0, 10.0, 0.805];[1, 0];
[0.49, 11.333, 10.0, 0.831];[0.414, 12.0, 11.333, 0.853];[1, 0];
[0.49, 13.667, 7.667, 0.661];[0.497, 15.0, 12.333, 0.826];[0, 1];
[0.504, 15.333, 10.0, 0.76];[0.462, 11.0, 9.333, 0.659];[0, 1];
[0.422, 14.333, 10.333, 0.801];[0.429, 13.0, 11.333, 0.896];[1, 0];
[0.514, 18.667, 11.333, 0.835];[0.447, 15.667, 12.667, 0.689];[0, 1];
[0.426, 13.667, 8.333, 0.771];[0.458, 14.0, 12.333, 0.763];[1, 0];
[0.494, 14.667, 9.667, 0.745];[0.443, 15.667, 9.333, 0.791];[1, 0];
[0.516, 11.667, 10.333, 0.779];[0.486, 15.333, 6.667, 0.795];[1, 0];
[0.447, 11.667, 10.667, 0.793];[0.452, 14.0, 6.667, 0.746];[1, 0];
[0.447, 15.667, 11.333, 0.843];[0.468, 18.667, 14.667, 0.822];[0, 1];
[0.414, 15.667, 12.0, 0.783];[0.48, 16.667, 10.333, 0.666];[1, 0];
[0.427, 11.0, 8.0, 0.782];[0.433, 8.667, 9.667, 0.785];[1, 0];
[0.423, 16.333, 8.333, 0.706];[0.43, 19.0, 20.667, 0.761];[1, 0];
[0.492, 14.0, 9.0, 0.8];[0.432, 12.0, 6.333, 0.692];[1, 0];
[0.418, 13.667, 13.333, 0.743];[0.404, 9.333, 10.0, 0.606];[1, 0];
[0.463, 14.667, 12.667, 0.809];[0.408, 15.333, 9.667, 0.781];[1, 0];
[0.46, 15.667, 8.667, 0.828];[0.436, 14.333, 9.0, 0.762];[0, 1];
[0.449, 12.0, 13.667, 0.819];[0.471, 12.333, 9.667, 0.815];[1, 0];
[0.429, 11.667, 11.333, 0.766];[0.449, 13.0, 11.0, 0.775];[0, 1];
[0.408, 12.667, 11.667, 0.718];[0.373, 11.0, 15.333, 0.817];[1, 0];
[0.477, 13.667, 6.667, 0.877];[0.471, 15.0, 7.333, 0.693];[1, 0];
[0.455, 12.333, 9.667, 0.79];[0.473, 13.0, 10.0, 0.735];[1, 0];
[0.462, 15.333, 9.667, 0.667];[0.418, 17.333, 11.333, 0.724];[1, 0];
[0.532, 12.333, 8.0, 0.872];[0.447, 15.667, 11.667, 0.747];[1, 0];
[0.448, 11.667, 12.333, 0.796];[0.42, 13.0, 14.0, 0.814];[1, 0];
[0.416, 7.0, 10.333, 0.842];[0.499, 9.333, 9.667, 0.738];[0, 1];
[0.474, 14.333, 10.667, 0.88];[0.435, 12.0, 11.0, 0.773];[1, 0];
[0.408, 10.667, 11.0, 0.75];[0.417, 15.667, 10.333, 0.719];[1, 0];
[0.506, 18.333, 10.0, 0.881];[0.493, 13.667, 7.0, 0.792];[1, 0];
[0.438, 15.0, 9.667, 0.727];[0.444, 11.333, 10.0, 0.887];[0, 1];
[0.434, 15.667, 9.333, 0.814];[0.421, 15.0, 13.333, 0.734];[0, 1];
[0.442, 17.0, 9.333, 0.699];[0.409, 15.0, 8.667, 0.778];[1, 0];
[0.473, 11.667, 8.0, 0.679];[0.481, 12.667, 13.333, 0.761];[1, 0];
[0.449, 14.0, 13.667, 0.864];[0.432, 13.0, 8.667, 0.723];[0, 1];
[0.436, 15.0, 11.0, 0.881];[0.451, 16.333, 11.333, 0.74];[0, 1];
[0.482, 13.667, 10.0, 0.807];[0.456, 14.667, 5.333, 0.849];[0, 1];
[0.438, 16.0, 11.333, 0.737];[0.522, 14.667, 6.667, 0.787];[0, 1];
[0.448, 12.333, 9.667, 0.855];[0.498, 16.0, 10.0, 0.808];[1, 0];
[0.463, 12.0, 10.333, 0.791];[0.433, 11.0, 10.667, 0.722];[0, 1];
[0.425, 12.0, 9.0, 0.772];[0.461, 12.333, 10.333, 0.773];[1, 0];
[0.507, 10.333, 10.667, 0.739];[0.484, 14.333, 9.667, 0.836];[1, 0];
[0.511, 15.0, 9.667, 0.695];[0.47, 15.333, 12.0, 0.793];[1, 0];
[0.488, 11.0, 9.667, 0.676];[0.516, 11.333, 7.667, 0.763];[1, 0];
[0.403, 11.0, 15.333, 0.572];[0.441, 17.667, 8.333, 0.709];[0, 1];
[0.456, 15.333, 11.0, 0.756];[0.459, 14.0, 12.667, 0.807];[0, 1];
[0.45, 11.0, 10.667, 0.785];[0.426, 13.0, 15.333, 0.71];[1, 0];
[0.486, 14.667, 9.333, 0.819];[0.49, 10.667, 11.0, 0.764];[0, 1];
[0.466, 13.667, 10.333, 0.696];[0.468, 12.667, 8.667, 0.833];[0, 1];
[0.424, 9.333, 7.333, 0.787];[0.484, 12.667, 8.333, 0.73];[0, 1];
[0.495, 11.333, 8.0, 0.795];[0.474, 13.667, 14.333, 0.821];[1, 0];
[0.436, 16.0, 11.333, 0.695];[0.478, 10.0, 9.333, 0.74];[1, 0];
[0.488, 13.667, 9.0, 0.685];[0.427, 12.667, 14.0, 0.683];[0, 1];
[0.485, 17.667, 4.667, 0.717];[0.481, 18.667, 9.667, 0.669];[1, 0];
[0.472, 13.667, 9.333, 0.734];[0.461, 16.333, 13.667, 0.719];[0, 1];
[0.463, 14.0, 13.0, 0.811];[0.47, 14.667, 10.333, 0.695];[1, 0];
[0.392, 13.667, 15.667, 0.813];[0.409, 9.333, 11.0, 0.577];[1, 0];
[0.54, 14.0, 8.333, 0.818];[0.458, 16.0, 12.333, 0.728];[0, 1];
[0.407, 16.333, 14.667, 0.771];[0.476, 12.333, 7.0, 0.756];[1, 0];
[0.437, 13.667, 17.0, 0.803];[0.45, 11.667, 10.0, 0.797];[0, 1];
[0.436, 9.333, 10.0, 0.795];[0.481, 8.667, 11.333, 0.763];[0, 1];
[0.433, 9.667, 11.0, 0.807];[0.49, 10.0, 12.333, 0.727];[1, 0];
[0.516, 10.0, 7.0, 0.766];[0.456, 11.333, 9.0, 0.749];[1, 0];
[0.485, 11.333, 11.0, 0.814];[0.416, 13.0, 14.333, 0.815];[1, 0];
[0.429, 13.0, 15.0, 0.713];[0.438, 15.333, 9.0, 0.773];[0, 1];
[0.521, 18.333, 7.333, 0.858];[0.463, 16.667, 10.0, 0.847];[1, 0];
[0.444, 12.0, 10.667, 0.839];[0.523, 14.0, 9.667, 0.901];[0, 1];
[0.441, 9.667, 8.333, 0.772];[0.559, 13.333, 8.333, 0.801];[1, 0];
[0.45, 12.667, 14.667, 0.814];[0.438, 10.667, 12.333, 0.686];[0, 1];
[0.473, 12.333, 8.667, 0.764];[0.431, 7.333, 6.0, 0.706];[0, 1];
[0.439, 12.0, 10.667, 0.687];[0.492, 14.0, 9.667, 0.8];[1, 0];
[0.502, 12.333, 8.333, 0.68];[0.464, 16.333, 13.667, 0.769];[1, 0];
[0.448, 15.0, 14.667, 0.677];[0.41, 18.333, 12.667, 0.876];[0, 1];
[0.391, 12.667, 11.667, 0.795];[0.439, 17.333, 8.333, 0.715];[1, 0];
[0.409, 7.0, 13.0, 0.8];[0.439, 21.0, 9.0, 0.857];[0, 1];
[0.441, 15.0, 10.0, 0.853];[0.502, 14.0, 7.333, 0.795];[0, 1];
[0.447, 11.667, 12.0, 0.7];[0.408, 11.333, 13.333, 0.675];[1, 0];
[0.455, 16.0, 13.333, 0.837];[0.409, 15.0, 12.333, 0.785];[1, 0];
[0.462, 13.667, 11.667, 0.811];[0.428, 15.667, 12.0, 0.709];[0, 1];
[0.436, 12.333, 12.333, 0.8];[0.41, 10.667, 11.667, 0.793];[1, 0];
[0.458, 12.0, 10.667, 0.662];[0.403, 12.333, 11.0, 0.802];[1, 0];
[0.415, 11.333, 10.333, 0.841];[0.431, 11.0, 11.667, 0.751];[1, 0];
[0.446, 12.667, 8.333, 0.81];[0.437, 14.333, 9.0, 0.739];[1, 0];
[0.499, 12.0, 8.333, 0.813];[0.444, 10.667, 11.333, 0.863];[1, 0];
[0.454, 10.333, 9.667, 0.842];[0.455, 12.0, 10.333, 0.727];[0, 1];
[0.446, 12.0, 11.667, 0.652];[0.454, 13.333, 8.667, 0.797];[1, 0];
[0.453, 14.333, 10.0, 0.786];[0.448, 16.333, 9.333, 0.732];[1, 0];
[0.387, 16.333, 11.0, 0.702];[0.391, 14.0, 7.0, 0.793];[0, 1];
[0.417, 14.333, 9.0, 0.704];[0.459, 9.333, 10.667, 0.815];[1, 0];
[0.42, 13.667, 7.667, 0.722];[0.443, 14.667, 11.0, 0.651];[1, 0];
[0.403, 16.333, 10.0, 0.711];[0.437, 15.333, 10.0, 0.757];[0, 1];
[0.443, 14.333, 11.333, 0.672];[0.398, 17.333, 10.0, 0.766];[1, 0];
[0.416, 12.0, 13.0, 0.65];[0.434, 12.667, 10.0, 0.747];[1, 0];
[0.464, 14.667, 9.0, 0.72];[0.489, 18.0, 7.333, 0.781];[0, 1];
[0.49, 15.667, 8.667, 0.808];[0.443, 11.333, 9.667, 0.806];[0, 1];
[0.418, 13.0, 10.667, 0.766];[0.422, 16.333, 9.667, 0.71];[0, 1];
[0.474, 20.667, 8.667, 0.767];[0.447, 12.333, 12.0, 0.657];[1, 0];
[0.423, 14.333, 17.333, 0.794];[0.433, 13.667, 10.667, 0.713];[1, 0];
[0.439, 12.0, 11.0, 0.712];[0.473, 13.333, 8.667, 0.797];[1, 0];
[0.42, 13.667, 12.333, 0.695];[0.433, 12.333, 11.0, 0.659];[1, 0];
[0.454, 11.667, 8.667, 0.791];[0.47, 10.667, 9.667, 0.638];[0, 1];
[0.447, 14.667, 12.667, 0.796];[0.484, 10.333, 15.0, 0.687];[0, 1];
[0.486, 19.0, 8.667, 0.847];[0.458, 10.333, 12.667, 0.845];[1, 0];
[0.445, 11.667, 10.333, 0.767];[0.442, 14.667, 9.0, 0.619];[1, 0];
[0.456, 17.333, 7.667, 0.77];[0.458, 14.0, 10.667, 0.771];[1, 0];
[0.396, 12.667, 11.0, 0.709];[0.407, 11.667, 9.0, 0.753];[1, 0];
[0.427, 16.0, 12.0, 0.856];[0.501, 12.667, 7.333, 0.777];[1, 0];
[0.489, 14.333, 8.333, 0.587];[0.496, 13.667, 9.333, 0.766];[1, 0];
[0.431, 13.0, 13.667, 0.793];[0.464, 9.667, 6.667, 0.761];[1, 0];
[0.491, 11.667, 3.667, 0.697];[0.395, 14.333, 12.667, 0.727];[0, 1];
[0.454, 14.333, 11.667, 0.847];[0.486, 14.333, 6.333, 0.848];[0, 1];
[0.457, 9.333, 10.0, 0.827];[0.479, 15.667, 7.667, 0.767];[1, 0];
[0.446, 13.0, 12.667, 0.536];[0.413, 10.667, 10.0, 0.818];[1, 0];
[0.443, 9.333, 7.333, 0.759];[0.466, 11.333, 8.0, 0.711];[1, 0];
[0.407, 18.333, 9.333, 0.853];[0.448, 12.0, 11.333, 0.679];[0, 1];
[0.488, 17.667, 8.667, 0.826];[0.44, 15.667, 14.0, 0.834];[1, 0];
[0.449, 17.333, 11.333, 0.722];[0.462, 13.667, 12.667, 0.767];[1, 0];
[0.415, 14.667, 7.667, 0.811];[0.44, 17.667, 11.667, 0.731];[1, 0];
[0.479, 18.333, 9.0, 0.552];[0.436, 10.667, 13.0, 0.772];[0, 1];
[0.479, 13.333, 8.0, 0.755];[0.457, 13.667, 8.0, 0.8];[1, 0];
[0.414, 11.667, 11.0, 0.858];[0.447, 14.333, 11.333, 0.715];[0, 1];
[0.433, 17.0, 12.333, 0.62];[0.515, 14.0, 16.0, 0.733];[1, 0];
[0.469, 15.0, 8.0, 0.783];[0.513, 16.333, 9.0, 0.792];[0, 1];
[0.444, 16.0, 11.0, 0.666];[0.455, 16.0, 12.333, 0.717];[1, 0];
[0.479, 14.667, 11.333, 0.832];[0.418, 14.0, 14.0, 0.758];[0, 1];
[0.445, 14.667, 11.667, 0.691];[0.54, 14.333, 5.667, 0.758];[1, 0];
[0.417, 9.0, 11.667, 0.709];[0.469, 10.0, 7.333, 0.834];[1, 0];
[0.451, 14.0, 14.333, 0.888];[0.498, 15.0, 9.333, 0.823];[1, 0];
[0.492, 16.333, 8.667, 0.788];[0.499, 14.0, 8.333, 0.753];[1, 0];
[0.483, 12.333, 10.667, 0.771];[0.451, 11.667, 6.667, 0.765];[1, 0];
[0.482, 17.0, 9.333, 0.801];[0.475, 16.0, 11.0, 0.783];[1, 0];
[0.442, 15.0, 9.667, 0.785];[0.444, 13.667, 11.333, 0.783];[1, 0];
[0.476, 14.333, 9.333, 0.7];[0.49, 12.667, 5.667, 0.737];[0, 1];
[0.436, 10.0, 12.0, 0.76];[0.467, 13.333, 11.667, 0.854];[1, 0];
[0.447, 10.333, 10.667, 0.719];[0.474, 10.667, 8.667, 0.82];[0, 1];
[0.534, 12.333, 6.667, 0.693];[0.472, 12.333, 9.667, 0.814];[1, 0];
[0.418, 13.0, 7.667, 0.895];[0.519, 13.667, 8.333, 0.746];[1, 0];
[0.455, 14.333, 6.0, 0.747];[0.435, 15.667, 11.667, 0.877];[0, 1];
[0.401, 11.667, 9.333, 0.748];[0.473, 13.0, 12.333, 0.634];[0, 1];
[0.453, 9.667, 11.333, 0.779];[0.468, 11.333, 7.0, 0.811];[1, 0];
[0.442, 12.333, 7.667, 0.77];[0.378, 15.0, 19.333, 0.683];[1, 0];
[0.46, 12.667, 12.0, 0.866];[0.492, 9.0, 13.667, 0.763];[1, 0];
[0.477, 16.333, 11.333, 0.78];[0.518, 13.333, 8.0, 0.703];[0, 1];
[0.462, 15.0, 11.0, 0.759];[0.494, 14.333, 8.667, 0.676];[1, 0];
[0.436, 12.0, 9.667, 0.767];[0.544, 13.333, 4.333, 0.644];[0, 1];
[0.468, 17.0, 11.0, 0.776];[0.473, 12.333, 10.0, 0.736];[0, 1];
[0.462, 14.667, 12.333, 0.744];[0.439, 13.667, 13.333, 0.776];[1, 0];
[0.457, 13.333, 11.667, 0.827];[0.445, 16.667, 13.667, 0.738];[1, 0];
[0.445, 9.333, 10.0, 0.744];[0.442, 14.333, 8.0, 0.757];[0, 1];
[0.51, 11.333, 10.333, 0.814];[0.433, 14.0, 10.333, 0.802];[1, 0];
[0.49, 13.667, 11.0, 0.828];[0.437, 14.667, 9.0, 0.715];[1, 0];
[0.507, 16.333, 7.333, 0.768];[0.426, 16.667, 7.333, 0.648];[0, 1];
[0.434, 13.667, 10.0, 0.723];[0.451, 16.0, 10.0, 0.769];[0, 1];
[0.462, 14.333, 9.0, 0.782];[0.448, 13.667, 9.333, 0.812];[0, 1];
[0.437, 12.667, 13.333, 0.817];[0.471, 10.667, 12.0, 0.776];[0, 1];
[0.434, 16.667, 13.333, 0.781];[0.475, 14.0, 11.333, 0.719];[1, 0];
[0.435, 12.667, 12.0, 0.681];[0.406, 12.333, 10.0, 0.774];[1, 0];
[0.509, 14.0, 10.333, 0.899];[0.397, 11.667, 10.0, 0.748];[1, 0];
[0.461, 14.0, 9.333, 0.815];[0.474, 12.0, 8.333, 0.868];[0, 1];
[0.434, 16.333, 12.333, 0.737];[0.451, 15.0, 13.333, 0.759];[1, 0];
[0.401, 15.667, 11.667, 0.749];[0.449, 15.0, 11.667, 0.673];[0, 1];
[0.482, 15.0, 12.667, 0.675];[0.457, 13.333, 12.667, 0.721];[0, 1];
[0.429, 13.0, 13.0, 0.705];[0.449, 10.0, 8.667, 0.788];[1, 0];
[0.423, 12.667, 13.333, 0.84];[0.41, 15.333, 13.667, 0.828];[0, 1];
[0.461, 15.667, 8.667, 0.81];[0.491, 13.667, 9.0, 0.78];[0, 1];
[0.476, 12.333, 10.667, 0.76];[0.491, 15.667, 8.333, 0.772];[0, 1];
[0.472, 11.333, 10.0, 0.831];[0.457, 14.667, 11.667, 0.77];[0, 1];
[0.408, 14.333, 14.0, 0.818];[0.423, 15.0, 13.0, 0.697];[0, 1];
[0.456, 13.333, 7.0, 0.766];[0.518, 17.333, 9.0, 0.634];[1, 0];
[0.457, 12.333, 9.667, 0.693];[0.497, 12.667, 9.333, 0.783];[0, 1];
[0.437, 9.0, 5.667, 0.709];[0.469, 11.667, 9.0, 0.798];[1, 0];
[0.48, 17.667, 8.667, 0.784];[0.509, 12.0, 10.0, 0.764];[0, 1];
[0.46, 14.667, 11.0, 0.733];[0.457, 15.333, 9.667, 0.676];[0, 1];
[0.457, 13.667, 15.0, 0.621];[0.481, 15.333, 13.0, 0.844];[0, 1];
[0.449, 11.0, 13.333, 0.749];[0.44, 13.333, 15.0, 0.718];[1, 0];
[0.395, 16.667, 17.0, 0.811];[0.448, 14.667, 13.333, 0.737];[0, 1];
[0.483, 12.667, 6.333, 0.739];[0.475, 11.0, 7.0, 0.683];[1, 0];
[0.45, 15.0, 8.333, 0.804];[0.491, 11.667, 8.333, 0.857];[1, 0];
[0.476, 17.0, 10.667, 0.812];[0.436, 11.333, 11.333, 0.707];[0, 1];
[0.45, 15.667, 10.0, 0.761];[0.533, 13.667, 7.667, 0.695];[1, 0];
[0.444, 13.667, 11.667, 0.734];[0.452, 13.333, 10.0, 0.81];[0, 1];
[0.412, 12.0, 11.667, 0.799];[0.483, 12.333, 7.667, 0.771];[1, 0];
[0.46, 11.667, 11.667, 0.788];[0.429, 15.333, 16.333, 0.691];[1, 0];
[0.43, 11.333, 13.0, 0.795];[0.408, 10.333, 9.333, 0.808];[0, 1];
[0.5, 14.667, 5.333, 0.741];[0.459, 11.667, 13.0, 0.802];[0, 1];
[0.392, 17.0, 13.333, 0.77];[0.469, 18.333, 10.333, 0.678];[1, 0];
[0.469, 13.667, 10.667, 0.689];[0.435, 11.0, 7.0, 0.751];[1, 0];
[0.501, 17.667, 8.333, 0.734];[0.466, 16.333, 10.333, 0.751];[0, 1];
[0.445, 14.667, 7.333, 0.771];[0.43, 15.333, 7.333, 0.743];[0, 1];
[0.468, 11.333, 13.0, 0.667];[0.452, 13.333, 11.0, 0.776];[1, 0];
[0.419, 12.333, 9.333, 0.863];[0.445, 12.667, 9.333, 0.809];[0, 1];
[0.418, 11.0, 13.0, 0.828];[0.414, 12.667, 14.333, 0.861];[1, 0];
[0.461, 16.333, 12.667, 0.706];[0.511, 15.0, 9.333, 0.784];[0, 1];
[0.403, 17.0, 8.333, 0.766];[0.431, 11.333, 7.667, 0.625];[0, 1];
[0.47, 13.0, 11.667, 0.791];[0.44, 17.333, 8.333, 0.729];[0, 1];
[0.451, 12.667, 10.0, 0.757];[0.468, 14.667, 13.667, 0.626];[1, 0];
[0.436, 15.333, 4.0, 0.839];[0.468, 18.0, 12.0, 0.827];[0, 1];
[0.436, 11.667, 10.0, 0.863];[0.411, 13.0, 12.667, 0.703];[1, 0];
[0.498, 10.667, 9.0, 0.767];[0.44, 9.667, 10.667, 0.886];[1, 0];
[0.501, 13.667, 9.0, 0.696];[0.493, 11.333, 10.667, 0.629];[0, 1];
[0.479, 13.667, 9.667, 0.699];[0.436, 13.333, 15.667, 0.784];[0, 1];
[0.426, 9.333, 10.667, 0.731];[0.474, 12.0, 10.0, 0.751];[1, 0];
[0.482, 15.333, 7.333, 0.744];[0.441, 14.0, 14.333, 0.798];[0, 1];
[0.42, 7.333, 11.333, 0.749];[0.447, 15.333, 12.0, 0.661];[1, 0];
[0.395, 11.667, 15.667, 0.752];[0.502, 14.667, 9.333, 0.79];[1, 0];
[0.483, 11.0, 6.0, 0.837];[0.449, 14.667, 9.0, 0.775];[0, 1];
[0.47, 12.333, 11.333, 0.803];[0.425, 10.0, 10.0, 0.729];[1, 0];
[0.49, 17.0, 8.333, 0.793];[0.417, 13.0, 7.667, 0.67];[0, 1];
[0.506, 14.0, 6.667, 0.651];[0.416, 15.667, 13.667, 0.816];[1, 0];
[0.442, 11.333, 6.667, 0.686];[0.441, 12.333, 7.667, 0.761];[0, 1];
[0.424, 15.0, 11.667, 0.703];[0.476, 17.333, 9.0, 0.715];[0, 1];
[0.435, 15.333, 8.0, 0.787];[0.394, 14.333, 16.0, 0.625];[1, 0];
[0.385, 13.333, 12.667, 0.736];[0.445, 17.333, 12.333, 0.787];[1, 0];
[0.467, 16.0, 10.333, 0.779];[0.464, 17.667, 10.667, 0.732];[1, 0];
[0.438, 18.0, 9.0, 0.716];[0.467, 17.0, 12.0, 0.761];[1, 0];
[0.455, 18.0, 8.0, 0.698];[0.463, 13.333, 9.667, 0.748];[0, 1];
[0.458, 12.333, 9.0, 0.689];[0.463, 13.333, 9.667, 0.769];[1, 0];
[0.428, 14.667, 14.0, 0.693];[0.456, 15.0, 12.333, 0.706];[0, 1];
[0.434, 12.667, 17.333, 0.717];[0.495, 13.667, 11.0, 0.819];[0, 1];
[0.458, 14.0, 12.667, 0.81];[0.409, 14.667, 8.667, 0.832];[0, 1];
[0.425, 12.667, 10.333, 0.785];[0.489, 13.333, 6.0, 0.777];[0, 1];
[0.429, 10.0, 8.333, 0.883];[0.463, 18.0, 7.333, 0.647];[0, 1];
[0.479, 13.667, 9.0, 0.753];[0.444, 14.667, 8.333, 0.773];[0, 1];
[0.468, 15.667, 9.667, 0.778];[0.503, 13.333, 5.667, 0.728];[1, 0];
[0.416, 10.667, 10.667, 0.877];[0.479, 12.333, 13.667, 0.751];[1, 0];
[0.491, 16.333, 6.667, 0.85];[0.484, 15.0, 7.667, 0.901];[1, 0];
[0.436, 14.0, 9.0, 0.721];[0.423, 15.667, 12.333, 0.754];[1, 0];
[0.454, 15.333, 10.667, 0.833];[0.452, 15.0, 10.333, 0.819];[1, 0];
[0.429, 13.0, 7.333, 0.81];[0.475, 7.667, 9.333, 0.722];[1, 0];
[0.442, 15.667, 16.0, 0.748];[0.41, 15.667, 11.333, 0.67];[1, 0];
[0.459, 14.333, 10.0, 0.804];[0.483, 9.333, 13.667, 0.809];[1, 0];
[0.493, 13.0, 5.333, 0.85];[0.452, 12.333, 14.333, 0.745];[1, 0];
[0.409, 17.667, 14.0, 0.771];[0.483, 16.333, 9.333, 0.786];[0, 1];
[0.463, 13.0, 16.0, 0.596];[0.447, 18.333, 14.333, 0.761];[0, 1];
[0.411, 13.333, 11.667, 0.872];[0.477, 13.667, 7.667, 0.81];[1, 0];
[0.44, 11.0, 6.0, 0.741];[0.396, 12.333, 10.667, 0.756];[1, 0];
[0.451, 14.0, 9.0, 0.795];[0.434, 13.667, 10.0, 0.78];[0, 1];
[0.395, 11.333, 11.667, 0.807];[0.439, 10.333, 11.667, 0.718];[0, 1];
[0.455, 15.333, 14.333, 0.825];[0.463, 14.667, 10.667, 0.782];[1, 0];
[0.46, 8.333, 10.667, 0.81];[0.49, 14.0, 6.667, 0.814];[1, 0];
[0.462, 17.667, 9.0, 0.842];[0.468, 15.0, 6.667, 0.717];[1, 0];
[0.438, 16.333, 6.667, 0.915];[0.468, 12.333, 12.333, 0.795];[0, 1];
[0.444, 13.333, 9.333, 0.73];[0.438, 17.0, 9.0, 0.739];[1, 0];
[0.441, 11.333, 8.0, 0.875];[0.474, 16.0, 11.0, 0.771];[0, 1];
[0.46, 13.333, 6.667, 0.754];[0.439, 20.0, 9.333, 0.796];[1, 0];
[0.423, 16.0, 13.333, 0.798];[0.405, 18.0, 9.0, 0.781];[0, 1];
[0.503, 9.0, 12.0, 0.728];[0.467, 12.667, 7.333, 0.718];[1, 0];
[0.427, 12.0, 12.667, 0.901];[0.44, 10.667, 10.667, 0.767];[0, 1];
[0.485, 13.333, 10.667, 0.778];[0.464, 12.333, 9.0, 0.761];[1, 0];
[0.45, 13.667, 16.667, 0.73];[0.512, 12.667, 11.0, 0.671];[0, 1];
[0.466, 12.333, 9.0, 0.746];[0.412, 12.0, 11.0, 0.577];[1, 0];
[0.434, 16.333, 14.0, 0.794];[0.482, 11.667, 11.0, 0.795];[0, 1];
[0.382, 14.0, 14.333, 0.757];[0.418, 17.667, 10.333, 0.751];[0, 1];
[0.483, 12.333, 9.0, 0.817];[0.438, 12.0, 15.0, 0.755];[0, 1];
[0.474, 12.667, 10.667, 0.834];[0.537, 12.0, 7.667, 0.794];[0, 1];
[0.409, 18.0, 13.0, 0.769];[0.429, 13.0, 6.0, 0.909];[0, 1];
[0.422, 10.667, 12.333, 0.84];[0.416, 13.667, 7.333, 0.711];[1, 0];
[0.415, 14.667, 9.0, 0.712];[0.448, 14.0, 11.667, 0.644];[1, 0];
[0.487, 12.667, 8.333, 0.791];[0.447, 14.333, 13.333, 0.783];[1, 0];
[0.472, 18.0, 11.333, 0.619];[0.395, 15.333, 15.0, 0.755];[1, 0];
[0.414, 13.333, 12.0, 0.902];[0.472, 17.0, 10.0, 0.675];[1, 0];
[0.451, 12.333, 14.667, 0.722];[0.449, 18.333, 11.0, 0.757];[1, 0];
[0.449, 10.667, 12.667, 0.821];[0.429, 12.667, 15.333, 0.659];[1, 0];
[0.44, 14.0, 8.0, 0.78];[0.49, 17.0, 10.0, 0.764];[1, 0];
[0.41, 17.667, 8.333, 0.662];[0.403, 14.0, 12.333, 0.806];[1, 0];
[0.432, 13.667, 8.333, 0.707];[0.434, 14.667, 11.333, 0.772];[0, 1];
[0.431, 11.0, 11.667, 0.795];[0.51, 10.667, 8.333, 0.828];[0, 1];
[0.438, 14.667, 14.333, 0.729];[0.442, 16.0, 12.667, 0.816];[1, 0];
[0.456, 13.0, 13.0, 0.794];[0.424, 13.667, 7.667, 0.744];[1, 0];
[0.409, 14.333, 9.0, 0.66];[0.443, 13.333, 16.0, 0.766];[1, 0];
[0.437, 16.667, 12.667, 0.838];[0.457, 21.0, 8.333, 0.843];[1, 0];
[0.432, 16.667, 11.0, 0.789];[0.408, 13.333, 9.333, 0.845];[1, 0];
[0.408, 12.333, 11.667, 0.875];[0.408, 13.667, 12.0, 0.687];[0, 1];
[0.505, 13.333, 7.667, 0.752];[0.43, 15.0, 11.0, 0.725];[1, 0];
[0.406, 10.0, 14.333, 0.673];[0.416, 12.667, 6.333, 0.915];[1, 0];
[0.461, 16.0, 13.333, 0.759];[0.445, 13.333, 9.333, 0.79];[0, 1];
[0.429, 13.667, 10.0, 0.798];[0.444, 11.333, 11.667, 0.803];[1, 0];
[0.401, 17.667, 5.0, 0.76];[0.456, 17.333, 10.0, 0.763];[0, 1];
[0.419, 14.0, 11.0, 0.718];[0.394, 15.333, 12.333, 0.809];[1, 0];
[0.493, 16.0, 9.333, 0.712];[0.442, 14.0, 6.333, 0.774];[1, 0];
[0.416, 16.333, 14.333, 0.672];[0.416, 13.0, 11.0, 0.565];[1, 0];
[0.435, 10.667, 14.0, 0.866];[0.419, 14.0, 11.667, 0.764];[1, 0];
[0.439, 12.0, 10.333, 0.741];[0.457, 13.667, 10.0, 0.729];[1, 0];
[0.461, 13.667, 12.0, 0.851];[0.381, 12.0, 15.0, 0.747];[1, 0];
[0.464, 14.667, 5.333, 0.799];[0.492, 13.667, 9.667, 0.743];[1, 0];
[0.446, 12.667, 9.333, 0.718];[0.447, 13.667, 7.667, 0.852];[0, 1];
[0.458, 11.667, 5.667, 0.667];[0.465, 18.0, 12.667, 0.711];[0, 1];
[0.436, 14.667, 11.333, 0.763];[0.475, 15.333, 10.667, 0.832];[1, 0];
[0.403, 14.333, 13.667, 0.777];[0.417, 14.0, 10.0, 0.821];[0, 1];
[0.459, 9.0, 7.667, 0.822];[0.496, 13.0, 9.667, 0.764];[1, 0];
[0.469, 12.0, 5.667, 0.724];[0.474, 14.333, 15.667, 0.738];[1, 0];
[0.441, 15.667, 11.667, 0.737];[0.451, 15.0, 9.0, 0.817];[0, 1];
[0.452, 13.667, 15.667, 0.838];[0.463, 13.333, 11.667, 0.789];[0, 1];
[0.397, 11.0, 10.333, 0.741];[0.441, 13.0, 8.0, 0.76];[1, 0];
[0.499, 16.333, 8.333, 0.741];[0.471, 13.0, 15.0, 0.686];[0, 1];
[0.481, 10.667, 11.333, 0.713];[0.453, 10.0, 13.0, 0.711];[0, 1];
[0.473, 16.333, 13.0, 0.795];[0.45, 15.667, 7.667, 0.803];[1, 0];
[0.482, 11.333, 9.333, 0.714];[0.488, 14.667, 11.667, 0.814];[1, 0];
[0.506, 14.0, 10.333, 0.772];[0.442, 14.333, 12.0, 0.717];[1, 0];
[0.413, 12.0, 11.667, 0.76];[0.463, 10.667, 11.333, 0.747];[0, 1];
[0.453, 16.0, 8.0, 0.832];[0.417, 16.0, 15.0, 0.76];[0, 1];
[0.454, 14.333, 8.0, 0.632];[0.436, 9.333, 8.0, 0.831];[1, 0];
[0.402, 9.667, 11.0, 0.633];[0.437, 13.667, 9.667, 0.712];[0, 1];
[0.478, 13.667, 11.0, 0.722];[0.483, 15.0, 11.333, 0.742];[0, 1];
[0.489, 13.0, 11.667, 0.862];[0.504, 10.667, 11.0, 0.749];[1, 0];
[0.49, 11.0, 5.0, 0.813];[0.413, 12.667, 10.667, 0.786];[1, 0];
[0.434, 12.0, 13.333, 0.715];[0.449, 10.667, 11.667, 0.708];[0, 1];
[0.447, 17.333, 8.667, 0.698];[0.44, 14.667, 10.0, 0.796];[0, 1];
[0.464, 14.0, 11.667, 0.751];[0.464, 15.0, 11.667, 0.775];[1, 0];
[0.464, 14.333, 6.333, 0.753];[0.483, 14.667, 17.333, 0.761];[1, 0];
[0.463, 15.0, 7.667, 0.695];[0.429, 12.0, 6.667, 0.875];[1, 0];
[0.503, 12.333, 9.0, 0.773];[0.441, 14.667, 10.0, 0.682];[0, 1];
[0.438, 14.333, 14.667, 0.662];[0.41, 19.0, 11.0, 0.682];[1, 0];
[0.503, 16.0, 9.333, 0.765];[0.453, 12.667, 14.333, 0.759];[1, 0];
[0.503, 13.667, 8.333, 0.857];[0.486, 15.667, 10.0, 0.831];[0, 1];
[0.429, 12.667, 12.667, 0.681];[0.452, 12.0, 12.667, 0.74];[1, 0];
[0.468, 11.0, 8.333, 0.769];[0.451, 16.0, 13.333, 0.766];[1, 0];
[0.471, 11.667, 10.667, 0.73];[0.376, 11.333, 11.667, 0.838];[1, 0];
[0.471, 17.667, 11.667, 0.753];[0.556, 18.0, 8.0, 0.741];[1, 0];
[0.423, 13.667, 10.0, 0.779];[0.45, 13.333, 12.0, 0.68];[0, 1];
[0.44, 12.0, 14.0, 0.653];[0.471, 12.0, 9.0, 0.726];[0, 1];
[0.494, 14.333, 12.0, 0.676];[0.471, 17.333, 9.667, 0.792];[1, 0];
[0.454, 14.0, 11.667, 0.715];[0.45, 16.0, 10.333, 0.674];[1, 0];
[0.488, 16.667, 7.333, 0.86];[0.453, 14.667, 9.333, 0.817];[1, 0];
[0.411, 10.667, 10.0, 0.849];[0.485, 14.333, 8.333, 0.796];[1, 0];
[0.541, 13.333, 7.0, 0.781];[0.417, 14.333, 8.333, 0.753];[1, 0];
[0.441, 11.333, 8.333, 0.736];[0.472, 19.667, 12.333, 0.757];[1, 0];
[0.489, 12.333, 9.0, 0.716];[0.481, 11.667, 11.0, 0.734];[1, 0];
[0.437, 15.0, 10.0, 0.643];[0.48, 15.333, 8.667, 0.713];[0, 1];
[0.419, 13.0, 11.0, 0.79];[0.461, 11.333, 13.667, 0.731];[0, 1];
[0.499, 15.0, 11.0, 0.642];[0.464, 11.667, 7.667, 0.775];[1, 0];
[0.517, 16.667, 7.667, 0.899];[0.461, 11.0, 7.333, 0.787];[0, 1];
[0.423, 15.333, 15.333, 0.739];[0.447, 12.0, 10.0, 0.871];[0, 1];
[0.46, 18.0, 13.667, 0.755];[0.485, 19.333, 11.667, 0.752];[1, 0];
[0.496, 16.333, 11.667, 0.806];[0.48, 19.0, 8.667, 0.709];[0, 1];
[0.514, 15.333, 7.667, 0.797];[0.495, 14.0, 4.667, 0.86];[0, 1];
[0.433, 15.333, 9.667, 0.719];[0.429, 18.0, 11.333, 0.644];[1, 0];
[0.427, 17.667, 15.333, 0.725];[0.444, 10.0, 13.0, 0.734];[1, 0];
[0.442, 17.333, 14.667, 0.727];[0.465, 16.333, 11.0, 0.764];[1, 0];
[0.421, 15.0, 10.667, 0.733];[0.47, 17.667, 12.333, 0.732];[0, 1];
[0.448, 16.0, 12.0, 0.686];[0.42, 15.667, 7.0, 0.818];[1, 0];
[0.402, 14.0, 9.667, 0.716];[0.472, 13.667, 8.0, 0.855];[0, 1];
[0.491, 17.667, 11.0, 0.848];[0.441, 15.333, 11.333, 0.762];[0, 1];
[0.427, 11.0, 9.0, 0.857];[0.529, 16.333, 10.333, 0.74];[1, 0];
[0.381, 10.667, 8.667, 0.671];[0.461, 15.333, 12.667, 0.66];[1, 0];
[0.41, 14.333, 11.667, 0.787];[0.43, 15.667, 9.667, 0.794];[0, 1];
[0.444, 13.0, 6.333, 0.849];[0.515, 13.333, 6.667, 0.886];[1, 0];
[0.428, 15.333, 7.0, 0.735];[0.427, 12.667, 12.333, 0.8];[1, 0];
[0.512, 14.667, 10.333, 0.685];[0.399, 15.333, 9.0, 0.854];[1, 0];
[0.408, 13.333, 11.333, 0.659];[0.418, 15.333, 11.667, 0.74];[1, 0];
[0.462, 14.0, 12.667, 0.716];[0.463, 12.0, 9.333, 0.777];[1, 0];
[0.431, 12.667, 10.0, 0.751];[0.406, 15.0, 15.333, 0.749];[0, 1];
[0.484, 11.0, 9.667, 0.846];[0.432, 10.667, 7.333, 0.843];[1, 0];
[0.432, 13.667, 10.333, 0.802];[0.439, 13.333, 10.667, 0.767];[0, 1];
[0.484, 17.667, 10.0, 0.783];[0.477, 16.333, 15.667, 0.654];[1, 0];
[0.429, 12.333, 10.0, 0.678];[0.507, 16.0, 13.333, 0.866];[0, 1];
[0.42, 18.0, 16.0, 0.647];[0.444, 13.0, 10.667, 0.757];[1, 0];
[0.457, 18.0, 15.667, 0.714];[0.501, 13.667, 11.333, 0.723];[0, 1];
[0.439, 17.667, 9.333, 0.803];[0.429, 14.333, 8.667, 0.673];[0, 1];
[0.453, 15.0, 11.667, 0.71];[0.408, 19.0, 15.0, 0.679];[0, 1];
[0.47, 16.0, 13.0, 0.738];[0.463, 18.333, 10.333, 0.727];[1, 0];
[0.436, 15.333, 12.667, 0.642];[0.463, 16.333, 9.0, 0.682];[0, 1];
[0.412, 14.333, 9.333, 0.705];[0.48, 14.333, 12.0, 0.815];[0, 1];
[0.404, 17.667, 9.0, 0.721];[0.487, 15.667, 12.0, 0.779];[0, 1];
[0.512, 13.0, 6.667, 0.81];[0.491, 12.667, 10.0, 0.806];[0, 1];
[0.467, 10.333, 9.0, 0.766];[0.469, 11.0, 10.667, 0.652];[1, 0];
[0.449, 11.667, 10.667, 0.739];[0.471, 8.667, 9.333, 0.787];[1, 0];
[0.472, 11.667, 10.333, 0.685];[0.408, 11.333, 11.0, 0.805];[1, 0];
[0.445, 13.0, 8.333, 0.838];[0.468, 13.0, 12.333, 0.807];[0, 1];
[0.442, 12.0, 10.333, 0.753];[0.438, 12.333, 8.0, 0.719];[0, 1];
[0.439, 13.667, 12.0, 0.703];[0.423, 18.333, 11.333, 0.71];[0, 1];
[0.479, 9.667, 10.667, 0.8];[0.361, 12.0, 14.0, 0.8];[1, 0];
[0.487, 13.333, 13.0, 0.758];[0.422, 13.333, 14.667, 0.658];[1, 0];
[0.441, 18.0, 16.333, 0.678];[0.436, 17.0, 11.667, 0.758];[1, 0];
[0.426, 8.667, 7.0, 0.714];[0.508, 12.667, 7.667, 0.812];[0, 1];
[0.419, 16.333, 9.667, 0.771];[0.459, 15.333, 11.667, 0.633];[0, 1];
[0.431, 15.667, 11.0, 0.783];[0.502, 15.667, 9.667, 0.716];[1, 0];
[0.425, 14.333, 10.667, 0.792];[0.401, 10.333, 14.333, 0.72];[1, 0];
[0.458, 12.333, 7.0, 0.713];[0.498, 14.667, 11.333, 0.73];[1, 0];
[0.462, 18.333, 8.667, 0.768];[0.487, 16.667, 10.333, 0.763];[1, 0];
[0.495, 12.667, 11.333, 0.721];[0.44, 11.667, 7.667, 0.704];[0, 1];
[0.443, 9.667, 14.0, 0.699];[0.393, 14.333, 14.0, 0.767];[1, 0];
[0.468, 9.0, 9.0, 0.735];[0.528, 7.0, 9.0, 0.815];[0, 1];
[0.463, 19.0, 10.333, 0.77];[0.447, 10.667, 8.333, 0.765];[0, 1];
[0.48, 12.0, 9.333, 0.768];[0.416, 19.0, 11.667, 0.712];[1, 0];
[0.428, 13.667, 14.0, 0.766];[0.453, 16.0, 12.0, 0.759];[0, 1];
[0.452, 12.667, 12.333, 0.639];[0.519, 15.667, 11.667, 0.628];[0, 1];
[0.444, 12.333, 10.667, 0.742];[0.422, 13.667, 9.0, 0.761];[0, 1];
[0.456, 15.0, 9.0, 0.736];[0.48, 15.333, 10.0, 0.73];[0, 1];
[0.439, 10.333, 9.333, 0.796];[0.385, 13.667, 11.0, 0.869];[1, 0];
[0.506, 15.0, 7.0, 0.692];[0.515, 21.0, 8.0, 0.818];[1, 0];
[0.402, 10.667, 11.667, 0.747];[0.483, 11.333, 6.333, 0.731];[1, 0];
[0.452, 17.333, 9.0, 0.742];[0.457, 13.0, 12.0, 0.852];[1, 0];
[0.445, 16.0, 10.667, 0.784];[0.425, 10.667, 12.0, 0.711];[1, 0];
[0.451, 10.0, 11.333, 0.823];[0.402, 7.333, 15.333, 0.813];[0, 1];
[0.478, 10.667, 12.667, 0.735];[0.515, 19.333, 10.333, 0.769];[1, 0];
[0.456, 12.0, 8.0, 0.754];[0.474, 11.333, 7.0, 0.84];[1, 0];
[0.407, 12.667, 12.667, 0.762];[0.449, 12.0, 8.667, 0.764];[0, 1];
[0.446, 15.0, 11.333, 0.807];[0.369, 17.333, 7.667, 0.742];[0, 1];
[0.439, 16.0, 8.333, 0.678];[0.458, 14.333, 9.0, 0.754];[1, 0];
[0.451, 13.0, 10.0, 0.787];[0.454, 13.333, 10.0, 0.786];[1, 0];
[0.448, 14.667, 6.667, 0.768];[0.485, 15.333, 10.667, 0.764];[1, 0];
[0.482, 12.667, 8.667, 0.628];[0.442, 18.667, 9.667, 0.773];[1, 0];
[0.43, 7.667, 7.333, 0.767];[0.44, 15.333, 12.667, 0.755];[0, 1];
[0.449, 16.0, 10.667, 0.778];[0.471, 15.0, 10.0, 0.784];[0, 1];
[0.376, 14.667, 14.667, 0.742];[0.495, 16.667, 10.0, 0.658];[1, 0];
[0.394, 8.0, 6.667, 0.863];[0.386, 15.0, 9.333, 0.696];[1, 0];
[0.468, 10.0, 9.0, 0.771];[0.482, 17.0, 14.667, 0.644];[1, 0];
[0.445, 11.0, 8.0, 0.868];[0.434, 15.333, 9.667, 0.686];[1, 0];
[0.517, 18.333, 8.0, 0.817];[0.451, 17.0, 6.0, 0.765];[0, 1];
[0.454, 14.333, 10.333, 0.598];[0.424, 15.667, 12.333, 0.648];[1, 0];
[0.462, 13.333, 7.667, 0.614];[0.473, 10.333, 9.333, 0.87];[0, 1];
[0.435, 16.0, 10.667, 0.767];[0.465, 14.667, 9.333, 0.761];[1, 0];
[0.436, 14.333, 11.667, 0.79];[0.525, 15.0, 9.0, 0.844];[1, 0];
[0.45, 11.667, 10.333, 0.773];[0.492, 14.333, 9.0, 0.796];[0, 1];
[0.454, 13.667, 7.667, 0.802];[0.437, 12.667, 11.667, 0.631];[1, 0];
[0.453, 16.0, 10.667, 0.755];[0.462, 16.667, 11.333, 0.882];[1, 0];
[0.433, 13.333, 9.0, 0.78];[0.381, 14.667, 15.0, 0.748];[1, 0];
[0.476, 9.667, 8.667, 0.839];[0.428, 13.0, 9.0, 0.722];[0, 1];
[0.483, 13.333, 8.0, 0.759];[0.495, 11.333, 14.0, 0.738];[1, 0];
[0.524, 14.0, 11.333, 0.688];[0.457, 18.333, 12.333, 0.688];[1, 0];
[0.419, 13.667, 12.667, 0.603];[0.421, 11.667, 10.333, 0.788];[0, 1];
[0.467, 12.0, 9.333, 0.675];[0.525, 9.667, 10.0, 0.888];[0, 1];
[0.433, 12.333, 11.333, 0.845];[0.447, 15.333, 7.667, 0.72];[0, 1];
[0.472, 10.667, 12.333, 0.678];[0.409, 11.0, 13.0, 0.741];[1, 0];
[0.497, 16.0, 13.0, 0.696];[0.512, 13.0, 9.0, 0.772];[0, 1];
[0.442, 12.667, 10.667, 0.73];[0.469, 8.333, 10.0, 0.813];[1, 0];
[0.443, 11.667, 6.333, 0.741];[0.47, 13.667, 8.333, 0.815];[1, 0];
[0.463, 14.667, 10.667, 0.725];[0.44, 18.0, 13.0, 0.763];[1, 0];
[0.428, 10.333, 11.333, 0.814];[0.479, 15.333, 10.333, 0.83];[1, 0];
[0.445, 14.667, 9.667, 0.838];[0.447, 12.667, 9.667, 0.668];[1, 0];
[0.455, 17.0, 7.333, 0.82];[0.455, 17.0, 8.0, 0.711];[1, 0];
[0.445, 12.667, 10.0, 0.841];[0.441, 12.667, 8.0, 0.724];[1, 0];
[0.458, 13.0, 8.333, 0.728];[0.451, 8.667, 8.667, 0.609];[0, 1];
[0.415, 11.333, 10.667, 0.776];[0.435, 15.0, 10.0, 0.84];[1, 0];
[0.465, 16.667, 9.0, 0.674];[0.458, 19.0, 8.333, 0.848];[1, 0];
[0.428, 10.667, 12.667, 0.744];[0.369, 12.333, 8.333, 0.796];[0, 1];
[0.394, 10.0, 11.333, 0.646];[0.44, 13.0, 10.667, 0.698];[1, 0];
[0.463, 13.667, 9.0, 0.69];[0.461, 14.0, 10.667, 0.671];[0, 1];
[0.493, 19.667, 8.667, 0.752];[0.458, 16.0, 13.333, 0.814];[1, 0];
[0.47, 16.0, 8.667, 0.796];[0.477, 14.0, 13.333, 0.747];[0, 1];
[0.438, 15.333, 11.0, 0.819];[0.405, 17.0, 9.0, 0.771];[1, 0];
[0.43, 10.0, 9.667, 0.895];[0.447, 13.333, 10.333, 0.702];[1, 0];
[0.484, 11.333, 9.333, 0.749];[0.434, 11.333, 13.0, 0.738];[1, 0];
[0.463, 12.667, 8.0, 0.803];[0.464, 11.333, 10.667, 0.799];[0, 1];
[0.431, 15.0, 10.667, 0.728];[0.416, 14.0, 11.0, 0.785];[0, 1];
[0.431, 11.333, 12.0, 0.866];[0.395, 9.667, 16.333, 0.757];[0, 1];
[0.472, 11.333, 9.333, 0.691];[0.407, 13.0, 10.667, 0.845];[1, 0];
[0.471, 13.0, 8.0, 0.841];[0.455, 8.333, 9.333, 0.772];[1, 0];
[0.443, 13.333, 11.0, 0.748];[0.476, 10.0, 9.333, 0.729];[0, 1];
[0.429, 14.667, 13.0, 0.827];[0.402, 15.333, 14.667, 0.612];[1, 0];
[0.47, 15.667, 8.667, 0.797];[0.436, 11.333, 5.333, 0.835];[1, 0];
[0.463, 16.333, 12.333, 0.805];[0.465, 19.333, 11.0, 0.692];[0, 1];
[0.458, 21.0, 11.333, 0.816];[0.472, 12.333, 8.333, 0.849];[0, 1];
[0.511, 13.333, 9.667, 0.759];[0.437, 13.0, 14.333, 0.757];[1, 0];
[0.44, 15.333, 10.333, 0.762];[0.459, 13.0, 8.333, 0.751];[0, 1];
[0.357, 13.0, 11.667, 0.753];[0.454, 16.333, 10.0, 0.803];[0, 1];
[0.388, 12.667, 13.667, 0.767];[0.469, 9.333, 11.333, 0.589];[0, 1];
[0.51, 12.333, 5.667, 0.731];[0.436, 10.0, 10.333, 0.831];[1, 0];
[0.442, 16.333, 18.667, 0.749];[0.5, 16.0, 11.667, 0.87];[1, 0];
[0.434, 12.0, 12.667, 0.707];[0.458, 12.667, 10.0, 0.715];[1, 0];
[0.419, 11.333, 9.0, 0.81];[0.427, 12.667, 15.333, 0.762];[0, 1];
[0.437, 8.0, 8.0, 0.606];[0.515, 14.0, 16.0, 0.733];[1, 0];
[0.502, 13.0, 7.333, 0.695];[0.428, 14.0, 7.0, 0.738];[1, 0];
[0.418, 15.667, 12.333, 0.804];[0.506, 14.667, 9.333, 0.655];[0, 1];
[0.455, 17.333, 10.333, 0.725];[0.43, 14.0, 10.333, 0.75];[1, 0];
[0.439, 11.667, 12.667, 0.756];[0.499, 16.333, 11.667, 0.667];[1, 0];
[0.419, 10.333, 12.333, 0.759];[0.489, 18.333, 10.0, 0.697];[1, 0];
[0.412, 16.667, 16.0, 0.761];[0.423, 14.0, 11.0, 0.753];[1, 0];
[0.458, 12.333, 11.333, 0.719];[0.504, 13.667, 13.333, 0.894];[0, 1];
[0.475, 12.667, 11.0, 0.672];[0.48, 12.667, 8.667, 0.717];[0, 1];
[0.398, 13.667, 12.333, 0.647];[0.478, 15.333, 10.333, 0.722];[0, 1];
[0.432, 12.667, 9.0, 0.67];[0.47, 12.0, 9.667, 0.821];[1, 0];
[0.425, 14.333, 14.667, 0.74];[0.456, 15.333, 12.333, 0.699];[0, 1];
[0.458, 11.333, 10.0, 0.744];[0.403, 15.0, 2.0, 0.533];[1, 0];
[0.48, 12.333, 7.333, 0.696];[0.446, 16.0, 12.333, 0.803];[0, 1];
[0.437, 13.0, 13.667, 0.837];[0.457, 15.333, 11.333, 0.806];[1, 0];
[0.47, 14.333, 8.0, 0.763];[0.421, 12.667, 11.667, 0.739];[1, 0];
[0.455, 20.0, 22.0, 0.816];[0.453, 10.667, 8.333, 0.748];[0, 1];
[0.405, 13.667, 14.333, 0.819];[0.415, 16.667, 14.333, 0.777];[0, 1];
[0.474, 14.667, 13.0, 0.804];[0.451, 19.667, 13.0, 0.8];[0, 1];
[0.404, 19.0, 17.0, 0.749];[0.43, 16.667, 10.667, 0.718];[0, 1];
[0.423, 13.667, 7.0, 0.604];[0.466, 16.667, 12.667, 0.745];[1, 0];
[0.518, 13.333, 8.333, 0.756];[0.458, 11.333, 8.667, 0.696];[1, 0];
[0.445, 9.0, 12.0, 0.829];[0.494, 12.333, 9.667, 0.703];[0, 1];
[0.438, 17.333, 15.0, 0.782];[0.443, 12.333, 9.667, 0.717];[1, 0];
[0.408, 10.667, 12.667, 0.77];[0.457, 11.0, 10.0, 0.812];[1, 0];
[0.409, 13.667, 12.667, 0.742];[0.414, 18.0, 9.667, 0.71];[1, 0];
[0.451, 13.333, 8.333, 0.783];[0.53, 10.667, 7.667, 0.778];[0, 1];
[0.462, 16.667, 10.667, 0.737];[0.381, 15.333, 8.333, 0.802];[0, 1];
[0.449, 15.667, 13.333, 0.737];[0.432, 12.667, 12.333, 0.787];[1, 0];
[0.458, 17.0, 8.0, 0.656];[0.476, 16.0, 11.667, 0.7];[0, 1];
[0.481, 11.0, 11.333, 0.753];[0.478, 10.0, 5.333, 0.83];[1, 0];
[0.453, 12.333, 12.333, 0.788];[0.47, 14.667, 8.333, 0.842];[1, 0];
[0.454, 10.667, 13.0, 0.707];[0.46, 14.667, 8.667, 0.825];[1, 0];
[0.497, 13.333, 7.0, 0.679];[0.438, 13.667, 10.667, 0.756];[0, 1];
[0.438, 9.333, 10.667, 0.704];[0.494, 10.667, 6.333, 0.661];[0, 1];
[0.413, 15.0, 10.0, 0.763];[0.434, 16.667, 9.333, 0.722];[1, 0];
[0.502, 12.667, 7.667, 0.815];[0.43, 17.0, 11.333, 0.722];[0, 1];
[0.443, 11.333, 7.667, 0.85];[0.458, 11.667, 7.667, 0.81];[1, 0];
[0.478, 12.0, 6.667, 0.801];[0.435, 16.667, 15.333, 0.737];[1, 0];
[0.438, 14.667, 11.667, 0.785];[0.481, 17.0, 10.0, 0.674];[0, 1];
[0.541, 14.667, 8.0, 0.835];[0.444, 19.333, 10.667, 0.89];[0, 1];
[0.401, 14.333, 14.0, 0.762];[0.432, 21.0, 12.333, 0.778];[1, 0];
[0.489, 11.333, 6.333, 0.691];[0.455, 12.0, 8.333, 0.747];[0, 1];
[0.497, 14.333, 11.333, 0.729];[0.416, 18.0, 14.667, 0.726];[0, 1];
[0.48, 16.0, 8.333, 0.741];[0.415, 10.667, 16.0, 0.738];[0, 1];
[0.475, 12.0, 10.0, 0.769];[0.442, 14.0, 13.333, 0.84];[1, 0];
[0.406, 15.667, 11.0, 0.788];[0.435, 11.333, 8.667, 0.77];[1, 0];
[0.454, 12.333, 7.667, 0.746];[0.407, 8.667, 12.333, 0.772];[0, 1];
[0.446, 10.667, 11.667, 0.914];[0.48, 12.0, 7.333, 0.74];[0, 1];
[0.499, 14.0, 5.333, 0.824];[0.391, 12.0, 10.667, 0.847];[0, 1];
[0.482, 11.333, 7.667, 0.737];[0.411, 11.333, 9.333, 0.744];[0, 1];
[0.534, 13.333, 6.333, 0.78];[0.461, 16.0, 9.667, 0.733];[1, 0];
[0.451, 15.0, 8.333, 0.771];[0.452, 13.667, 11.333, 0.818];[0, 1];
[0.41, 15.667, 17.667, 0.754];[0.456, 15.0, 19.0, 0.785];[0, 1];
[0.441, 15.333, 12.333, 0.732];[0.443, 12.333, 11.333, 0.652];[0, 1];
[0.403, 12.333, 12.667, 0.682];[0.451, 17.0, 7.0, 0.758];[0, 1];
[0.432, 13.333, 10.667, 0.698];[0.42, 11.667, 11.333, 0.805];[0, 1];
[0.448, 14.0, 10.667, 0.745];[0.42, 12.667, 9.667, 0.841];[0, 1];
[0.438, 14.0, 7.333, 0.778];[0.412, 21.0, 8.0, 0.799];[0, 1];
[0.415, 11.667, 16.333, 0.797];[0.506, 14.333, 10.667, 0.782];[0, 1];
[0.467, 17.667, 11.333, 0.751];[0.445, 15.667, 10.667, 0.726];[1, 0];
[0.539, 10.0, 8.0, 0.597];[0.452, 13.0, 9.0, 0.878];[0, 1];
[0.45, 13.333, 7.0, 0.77];[0.491, 12.333, 7.667, 0.621];[0, 1];
[0.435, 11.667, 10.333, 0.674];[0.451, 11.0, 12.0, 0.758];[0, 1];
[0.47, 10.333, 10.0, 0.654];[0.468, 8.0, 7.0, 0.689];[0, 1];
[0.462, 12.0, 8.0, 0.886];[0.439, 13.0, 9.333, 0.688];[1, 0];
[0.402, 14.0, 7.333, 0.808];[0.402, 14.333, 9.667, 0.776];[0, 1];
[0.406, 10.667, 10.667, 0.732];[0.409, 12.667, 11.667, 0.744];[1, 0];
[0.479, 14.333, 10.667, 0.757];[0.472, 13.333, 11.0, 0.795];[0, 1];
[0.379, 14.667, 13.333, 0.673];[0.401, 14.333, 13.0, 0.737];[0, 1];
[0.383, 15.333, 12.0, 0.732];[0.385, 14.333, 13.333, 0.805];[0, 1];
[0.523, 10.667, 9.667, 0.68];[0.402, 16.0, 18.333, 0.722];[1, 0];
[0.414, 14.0, 12.333, 0.784];[0.478, 13.667, 13.333, 0.843];[0, 1];
[0.441, 13.333, 12.0, 0.7];[0.476, 13.333, 6.0, 0.78];[0, 1];
[0.366, 16.0, 12.0, 0.75];[0.462, 8.0, 11.0, 0.68];[1, 0];
[0.45, 15.667, 8.667, 0.716];[0.45, 13.333, 9.0, 0.805];[1, 0];
[0.446, 10.0, 11.667, 0.77];[0.453, 14.333, 11.333, 0.793];[1, 0];
[0.494, 15.333, 7.333, 0.777];[0.415, 20.667, 8.667, 0.715];[1, 0];
[0.416, 15.333, 10.0, 0.711];[0.444, 16.333, 10.333, 0.711];[1, 0];
[0.39, 14.333, 10.333, 0.805];[0.42, 11.0, 8.667, 0.798];[0, 1];
[0.45, 12.333, 8.0, 0.689];[0.42, 15.0, 10.0, 0.773];[0, 1];
[0.489, 11.0, 10.333, 0.828];[0.471, 11.0, 9.667, 0.817];[0, 1];
[0.487, 12.0, 8.333, 0.751];[0.379, 11.333, 10.667, 0.765];[1, 0];
[0.425, 11.0, 13.333, 0.737];[0.415, 10.0, 12.333, 0.64];[1, 0];
[0.442, 12.333, 8.0, 0.822];[0.383, 11.667, 9.333, 0.848];[1, 0];
[0.471, 16.0, 13.0, 0.762];[0.512, 14.0, 10.333, 0.74];[0, 1];
[0.463, 18.0, 10.667, 0.654];[0.43, 12.667, 7.667, 0.793];[1, 0];
[0.431, 15.0, 11.333, 0.751];[0.466, 13.333, 8.667, 0.753];[1, 0];
[0.413, 16.667, 10.333, 0.754];[0.416, 19.667, 16.333, 0.729];[0, 1];
[0.449, 17.333, 10.0, 0.779];[0.434, 13.0, 12.0, 0.913];[0, 1];
[0.505, 13.0, 6.667, 0.804];[0.435, 14.667, 12.0, 0.811];[1, 0];
[0.405, 15.0, 13.0, 0.717];[0.464, 19.0, 8.333, 0.879];[1, 0];
[0.477, 12.0, 9.333, 0.676];[0.444, 14.0, 9.0, 0.818];[1, 0];
[0.476, 15.667, 6.333, 0.859];[0.449, 10.667, 13.333, 0.813];[1, 0];
[0.44, 14.333, 15.667, 0.674];[0.42, 15.333, 8.333, 0.859];[1, 0];
[0.44, 13.0, 10.333, 0.775];[0.478, 15.667, 9.333, 0.786];[0, 1];
[0.438, 12.0, 15.333, 0.631];[0.402, 14.0, 14.0, 0.754];[1, 0];
[0.452, 13.333, 12.667, 0.708];[0.428, 11.333, 10.0, 0.821];[0, 1];
[0.505, 17.333, 7.333, 0.782];[0.524, 13.333, 7.333, 0.673];[1, 0];
[0.445, 11.333, 7.667, 0.684];[0.473, 18.333, 9.333, 0.725];[1, 0];
[0.418, 15.333, 14.333, 0.728];[0.484, 10.0, 9.667, 0.761];[0, 1];
[0.488, 12.667, 10.333, 0.785];[0.474, 12.0, 10.667, 0.79];[1, 0];
[0.419, 17.0, 13.0, 0.816];[0.473, 15.333, 11.667, 0.698];[1, 0];
[0.419, 18.0, 14.333, 0.669];[0.424, 16.333, 15.333, 0.754];[1, 0];
[0.45, 12.0, 12.0, 0.836];[0.431, 13.333, 12.333, 0.751];[0, 1];
[0.522, 14.333, 10.667, 0.796];[0.428, 11.667, 8.667, 0.773];[0, 1];
[0.468, 15.0, 6.667, 0.72];[0.505, 14.333, 7.0, 0.758];[1, 0];
[0.455, 13.0, 5.333, 0.676];[0.395, 23.0, 11.0, 0.789];[0, 1];
[0.427, 13.333, 12.667, 0.659];[0.444, 16.0, 9.333, 0.872];[0, 1];
[0.487, 11.667, 10.667, 0.785];[0.432, 13.0, 17.0, 0.732];[0, 1];
[0.443, 12.333, 8.333, 0.604];[0.442, 11.0, 9.667, 0.925];[0, 1];
[0.442, 18.0, 15.333, 0.721];[0.411, 20.333, 9.333, 0.654];[0, 1];
[0.447, 16.0, 8.0, 0.617];[0.486, 17.0, 7.0, 0.868];[0, 1];
[0.47, 12.667, 8.0, 0.676];[0.424, 10.333, 14.333, 0.72];[1, 0];
[0.442, 12.667, 9.667, 0.725];[0.451, 12.0, 11.667, 0.779];[1, 0];
[0.391, 15.333, 14.0, 0.816];[0.436, 14.0, 9.333, 0.785];[1, 0];
[0.392, 12.333, 12.667, 0.808];[0.482, 11.0, 9.667, 0.678];[0, 1];
[0.481, 16.333, 11.0, 0.769];[0.441, 14.0, 11.0, 0.683];[0, 1];
[0.376, 17.0, 10.667, 0.764];[0.446, 14.0, 7.667, 0.818];[0, 1];
[0.445, 13.0, 11.0, 0.657];[0.429, 13.333, 8.667, 0.781];[0, 1];
[0.421, 15.333, 9.333, 0.843];[0.45, 12.333, 5.667, 0.792];[1, 0];
[0.385, 14.333, 11.667, 0.766];[0.491, 11.0, 8.0, 0.655];[0, 1];
[0.439, 13.333, 11.667, 0.722];[0.465, 17.0, 8.0, 0.906];[1, 0];
[0.444, 11.667, 13.0, 0.748];[0.481, 10.667, 8.0, 0.782];[0, 1];
[0.481, 13.667, 7.0, 0.823];[0.435, 13.0, 14.0, 0.759];[0, 1];
[0.463, 12.333, 11.667, 0.775];[0.458, 11.333, 7.667, 0.829];[0, 1];
[0.476, 13.333, 9.667, 0.619];[0.434, 15.0, 7.333, 0.824];[0, 1];
[0.498, 15.0, 8.0, 0.864];[0.438, 13.0, 13.0, 0.808];[1, 0];
[0.43, 13.0, 5.667, 0.753];[0.43, 18.333, 10.0, 0.764];[1, 0];
[0.503, 11.333, 11.333, 0.879];[0.491, 14.0, 9.667, 0.782];[1, 0];
[0.441, 13.333, 13.667, 0.738];[0.498, 18.667, 7.333, 0.635];[1, 0];
[0.474, 13.0, 11.0, 0.794];[0.469, 16.0, 9.0, 0.691];[1, 0];
[0.468, 18.667, 9.333, 0.569];[0.427, 10.667, 11.333, 0.804];[1, 0];
[0.444, 13.667, 9.0, 0.88];[0.451, 15.0, 11.0, 0.791];[0, 1];
[0.492, 15.333, 9.0, 0.698];[0.432, 18.0, 10.333, 0.742];[0, 1];
[0.437, 18.667, 13.667, 0.759];[0.446, 12.333, 12.0, 0.758];[1, 0];
[0.465, 18.0, 12.0, 1.0];[0.443, 16.0, 14.0, 0.789];[0, 1];
[0.425, 16.333, 7.667, 0.672];[0.469, 14.667, 11.333, 0.789];[1, 0];
[0.407, 12.667, 13.667, 0.819];[0.423, 13.0, 13.333, 0.727];[0, 1];
[0.491, 14.667, 6.333, 0.771];[0.474, 15.0, 8.667, 0.749];[0, 1];
[0.447, 17.667, 11.0, 0.659];[0.426, 13.0, 11.0, 0.76];[1, 0];
[0.447, 13.333, 11.0, 0.755];[0.449, 13.0, 11.333, 0.67];[1, 0];
[0.445, 12.0, 9.0, 0.828];[0.441, 12.0, 9.0, 0.813];[1, 0];
[0.449, 11.667, 11.667, 0.737];[0.474, 14.333, 11.333, 0.771];[0, 1];
[0.511, 11.667, 10.667, 0.819];[0.451, 18.333, 11.333, 0.674];[1, 0];
[0.452, 14.333, 9.333, 0.734];[0.488, 13.333, 10.0, 0.742];[1, 0];
[0.498, 9.0, 9.0, 0.792];[0.416, 11.667, 12.333, 0.662];[1, 0];
[0.452, 15.667, 11.667, 0.779];[0.455, 16.333, 9.0, 0.763];[0, 1];
[0.458, 12.667, 10.667, 0.787];[0.421, 10.333, 10.333, 0.749];[0, 1];
[0.44, 12.333, 10.333, 0.77];[0.493, 11.333, 10.333, 0.76];[1, 0];
[0.475, 14.333, 7.667, 0.743];[0.512, 14.667, 11.0, 0.772];[0, 1];
[0.454, 15.333, 13.333, 0.792];[0.437, 13.333, 13.0, 0.755];[0, 1];
[0.392, 13.333, 10.667, 0.812];[0.476, 14.667, 9.0, 0.8];[1, 0];
[0.451, 12.667, 12.0, 0.78];[0.518, 14.667, 5.667, 0.816];[1, 0];
[0.525, 16.667, 10.667, 0.684];[0.503, 13.667, 10.667, 0.823];[1, 0];
[0.418, 15.0, 15.0, 0.818];[0.453, 13.667, 8.0, 0.705];[1, 0];
[0.428, 14.667, 6.0, 0.879];[0.44, 16.0, 10.0, 0.803];[1, 0];
[0.478, 18.0, 11.333, 0.69];[0.487, 12.667, 8.333, 0.689];[0, 1];
[0.456, 13.333, 7.667, 0.689];[0.455, 14.667, 15.0, 0.747];[1, 0];
[0.445, 17.333, 11.667, 0.69];[0.482, 12.667, 10.0, 0.812];[1, 0];
[0.424, 13.333, 8.333, 0.75];[0.466, 18.333, 12.333, 0.783];[0, 1];
[0.447, 14.667, 8.333, 0.783];[0.442, 11.0, 10.333, 0.696];[0, 1];
[0.468, 15.667, 9.333, 0.684];[0.47, 15.667, 9.333, 0.76];[1, 0];
[0.493, 12.333, 9.333, 0.792];[0.47, 12.333, 7.0, 0.685];[1, 0];
[0.51, 17.667, 8.333, 0.72];[0.456, 11.667, 14.0, 0.881];[0, 1];
[0.461, 14.0, 11.0, 0.771];[0.509, 16.667, 8.0, 0.775];[0, 1];
[0.451, 14.333, 7.0, 0.767];[0.471, 12.333, 9.333, 0.699];[0, 1];
[0.474, 15.333, 12.667, 0.799];[0.446, 15.0, 12.0, 0.835];[0, 1];
[0.473, 15.0, 8.0, 0.764];[0.459, 12.0, 10.0, 0.687];[1, 0];
[0.446, 10.0, 9.333, 0.871];[0.447, 13.0, 9.667, 0.769];[0, 1];
[0.452, 14.0, 11.0, 0.706];[0.449, 14.0, 11.667, 0.787];[0, 1];
[0.436, 12.667, 13.0, 0.653];[0.389, 13.667, 14.0, 0.696];[0, 1];
[0.486, 18.333, 9.667, 0.709];[0.471, 17.667, 13.0, 0.847];[0, 1];
[0.436, 14.333, 13.0, 0.763];[0.414, 13.667, 14.667, 0.706];[0, 1];
[0.449, 17.0, 11.667, 0.683];[0.507, 11.667, 10.667, 0.865];[0, 1];
[0.453, 10.667, 12.0, 0.706];[0.451, 12.667, 9.667, 0.765];[1, 0];
[0.436, 12.667, 8.333, 0.644];[0.404, 12.333, 12.667, 0.737];[0, 1];
[0.49, 10.0, 11.333, 0.734];[0.431, 8.667, 10.333, 0.764];[1, 0];
[0.51, 13.333, 6.667, 0.762];[0.478, 19.0, 11.0, 0.722];[1, 0];
[0.405, 15.667, 11.0, 0.87];[0.407, 12.333, 11.0, 0.819];[1, 0];
[0.439, 15.667, 7.0, 0.863];[0.466, 13.333, 7.667, 0.91];[0, 1];
[0.433, 12.0, 12.0, 0.808];[0.395, 15.333, 10.667, 0.813];[0, 1];
[0.395, 13.667, 9.0, 0.805];[0.451, 14.333, 7.667, 0.911];[1, 0];
[0.434, 9.667, 11.333, 0.789];[0.457, 15.0, 6.333, 0.738];[1, 0];
[0.457, 12.667, 12.0, 0.767];[0.451, 11.667, 9.667, 0.779];[0, 1];
[0.468, 12.0, 7.0, 0.788];[0.458, 13.0, 10.333, 0.658];[0, 1];
[0.418, 14.0, 12.0, 0.488];[0.397, 15.667, 14.333, 0.8];[1, 0];
[0.474, 17.333, 9.333, 0.684];[0.431, 15.333, 8.0, 0.722];[1, 0];
[0.438, 14.0, 11.333, 0.755];[0.436, 14.667, 11.333, 0.862];[1, 0];
[0.491, 15.0, 6.333, 0.762];[0.416, 13.0, 11.333, 0.822];[0, 1];
[0.445, 11.0, 10.333, 0.744];[0.454, 11.0, 12.0, 0.763];[1, 0];
[0.471, 14.333, 6.333, 0.84];[0.424, 12.333, 10.667, 0.811];[1, 0];
[0.457, 15.333, 14.333, 0.76];[0.481, 16.667, 7.0, 0.868];[1, 0];
[0.457, 11.333, 14.0, 0.767];[0.411, 12.667, 10.0, 0.692];[0, 1];
[0.508, 14.667, 11.667, 0.744];[0.48, 12.667, 17.0, 0.726];[1, 0];
[0.417, 15.0, 12.667, 0.75];[0.504, 15.333, 8.0, 0.642];[0, 1];
[0.418, 12.0, 12.667, 0.663];[0.483, 11.667, 10.333, 0.83];[1, 0];
[0.458, 14.667, 9.0, 0.727];[0.47, 13.0, 8.0, 0.86];[0, 1];
[0.432, 14.333, 10.333, 0.807];[0.428, 14.333, 10.667, 0.839];[0, 1];
[0.45, 18.667, 9.0, 0.645];[0.469, 13.333, 12.667, 0.805];[0, 1];
[0.442, 13.333, 10.667, 0.752];[0.43, 15.667, 11.0, 0.817];[1, 0];
[0.411, 11.0, 12.333, 0.733];[0.463, 13.333, 8.0, 0.799];[1, 0];
[0.503, 13.333, 9.667, 0.754];[0.449, 17.0, 13.0, 0.828];[0, 1];
[0.417, 11.0, 13.333, 0.699];[0.395, 11.0, 10.667, 0.735];[1, 0];
[0.413, 13.0, 7.667, 0.834];[0.381, 13.0, 10.667, 0.829];[1, 0];
[0.409, 18.667, 10.333, 0.798];[0.463, 18.333, 9.667, 0.795];[0, 1];
[0.466, 12.333, 8.0, 0.74];[0.422, 18.333, 10.333, 0.691];[1, 0];
[0.428, 17.667, 16.333, 0.753];[0.444, 11.0, 12.0, 0.703];[1, 0];
[0.489, 11.667, 10.333, 0.745];[0.471, 12.667, 12.667, 0.795];[1, 0];
[0.484, 13.667, 9.333, 0.622];[0.448, 12.667, 12.0, 0.711];[1, 0];
[0.5, 15.0, 10.333, 0.737];[0.445, 17.0, 13.333, 0.778];[1, 0];
[0.433, 17.333, 11.333, 0.741];[0.376, 12.0, 18.333, 0.797];[0, 1];
[0.434, 9.333, 7.333, 0.79];[0.428, 11.333, 11.667, 0.689];[0, 1];
[0.456, 11.333, 9.667, 0.745];[0.505, 14.667, 7.333, 0.628];[1, 0];
[0.471, 12.333, 11.333, 0.625];[0.521, 15.333, 5.0, 0.788];[1, 0];
[0.426, 17.0, 14.333, 0.754];[0.369, 13.667, 12.0, 0.739];[1, 0];
[0.44, 18.667, 10.333, 0.636];[0.437, 10.667, 12.667, 0.668];[0, 1];
[0.457, 14.333, 15.333, 0.51];[0.422, 11.333, 14.0, 0.738];[1, 0];
[0.433, 15.667, 15.0, 0.661];[0.453, 11.0, 9.0, 0.709];[1, 0];
[0.503, 13.667, 7.0, 0.711];[0.457, 12.0, 10.667, 0.673];[0, 1];
[0.431, 17.0, 10.333, 0.826];[0.426, 16.667, 12.0, 0.814];[1, 0];
[0.409, 18.0, 13.0, 0.769];[0.429, 13.0, 6.0, 0.909];[0, 1];
[0.49, 10.0, 11.333, 0.881];[0.468, 10.0, 10.0, 0.82];[1, 0];
[0.439, 15.667, 11.667, 0.743];[0.515, 21.0, 8.0, 0.818];[1, 0];
[0.434, 12.0, 10.333, 0.863];[0.498, 17.333, 8.333, 0.687];[0, 1];
[0.437, 11.333, 9.333, 0.803];[0.452, 12.667, 7.667, 0.735];[1, 0];
[0.468, 14.333, 9.0, 0.844];[0.391, 12.667, 11.0, 0.653];[1, 0];
[0.447, 16.667, 7.667, 0.743];[0.442, 18.0, 8.667, 0.712];[1, 0];
[0.422, 12.333, 12.667, 0.779];[0.48, 14.333, 13.333, 0.778];[1, 0];
[0.442, 16.0, 11.0, 0.769];[0.483, 15.667, 11.333, 0.672];[1, 0];
[0.432, 12.667, 10.667, 0.786];[0.456, 13.333, 6.333, 0.798];[0, 1];
[0.482, 10.667, 12.333, 0.882];[0.521, 10.667, 8.333, 0.841];[1, 0];
[0.461, 10.333, 8.0, 0.721];[0.402, 12.333, 10.0, 0.753];[0, 1];
[0.504, 11.667, 7.667, 0.719];[0.427, 15.333, 9.0, 0.843];[1, 0];
[0.481, 17.333, 10.333, 0.759];[0.503, 12.0, 7.333, 0.823];[0, 1];
[0.474, 16.667, 11.333, 0.763];[0.453, 11.0, 6.0, 0.789];[0, 1];
[0.4, 11.333, 9.667, 0.792];[0.421, 14.333, 8.0, 0.789];[0, 1];
[0.485, 13.0, 5.333, 0.715];[0.455, 14.667, 9.333, 0.798];[0, 1];
[0.435, 11.333, 15.0, 0.716];[0.508, 15.0, 12.333, 0.676];[0, 1];
[0.395, 23.0, 11.0, 0.789];[0.437, 8.0, 8.0, 0.606];[1, 0];
[0.481, 11.667, 10.667, 0.816];[0.423, 15.667, 9.667, 0.823];[1, 0];
[0.419, 14.0, 14.667, 0.73];[0.437, 13.0, 8.667, 0.82];[1, 0];
[0.443, 11.333, 8.0, 0.703];[0.483, 12.0, 8.333, 0.802];[1, 0];
[0.443, 16.0, 11.333, 0.76];[0.488, 13.333, 9.667, 0.796];[1, 0];
[0.44, 12.0, 11.667, 0.724];[0.482, 10.0, 10.667, 0.824];[1, 0];
[0.46, 9.667, 10.0, 0.775];[0.47, 12.333, 8.0, 0.764];[1, 0];
[0.415, 14.0, 9.333, 0.719];[0.446, 13.667, 10.333, 0.738];[0, 1];
[0.48, 12.667, 10.0, 0.862];[0.452, 10.0, 5.667, 0.804];[1, 0];
[0.434, 13.667, 13.0, 0.699];[0.454, 15.333, 10.333, 0.708];[0, 1];
[0.418, 10.333, 11.333, 0.704];[0.455, 15.0, 11.667, 0.797];[1, 0];
[0.413, 12.333, 10.0, 0.72];[0.512, 11.333, 7.333, 0.746];[0, 1];
[0.45, 12.667, 7.0, 0.694];[0.409, 14.333, 9.667, 0.692];[0, 1];
[0.487, 9.333, 9.667, 0.833];[0.48, 12.0, 9.0, 0.697];[1, 0];
[0.392, 10.667, 10.667, 0.823];[0.46, 14.667, 11.667, 0.84];[1, 0];
[0.471, 15.667, 7.0, 0.916];[0.438, 13.667, 7.333, 0.658];[0, 1];
[0.399, 9.333, 13.0, 0.631];[0.471, 14.667, 9.333, 0.556];[0, 1];
[0.511, 11.667, 8.333, 0.827];[0.459, 12.0, 12.0, 0.692];[1, 0];
[0.417, 11.0, 7.333, 0.833];[0.412, 13.333, 7.0, 0.765];[1, 0];
[0.422, 16.333, 10.0, 0.763];[0.494, 12.667, 8.667, 0.812];[1, 0];
[0.384, 12.667, 13.667, 0.767];[0.46, 12.333, 9.667, 0.774];[1, 0];
[0.515, 14.667, 11.667, 0.634];[0.448, 12.667, 8.333, 0.788];[1, 0];
[0.484, 14.667, 13.333, 0.73];[0.428, 19.0, 13.0, 0.64];[1, 0];
[0.447, 16.667, 8.0, 0.674];[0.43, 14.333, 8.667, 0.74];[0, 1];
[0.437, 16.0, 14.333, 0.716];[0.468, 13.0, 12.667, 0.824];[1, 0];
[0.435, 10.667, 11.667, 0.768];[0.457, 13.0, 12.0, 0.742];[1, 0];
[0.459, 17.333, 10.333, 0.878];[0.525, 13.667, 10.667, 0.744];[0, 1];
[0.498, 13.0, 10.667, 0.714];[0.46, 17.667, 11.333, 0.738];[0, 1];
[0.523, 11.0, 6.0, 0.689];[0.477, 7.667, 10.0, 0.743];[1, 0];
[0.414, 11.333, 8.0, 0.766];[0.413, 12.0, 8.667, 0.777];[0, 1];
[0.454, 9.333, 9.667, 0.75];[0.435, 15.0, 13.0, 0.74];[0, 1];
[0.442, 14.667, 9.667, 0.781];[0.421, 14.333, 11.0, 0.64];[1, 0];
[0.512, 13.333, 9.0, 0.737];[0.466, 11.0, 11.0, 0.863];[1, 0];
[0.447, 16.0, 8.333, 0.744];[0.477, 11.0, 5.0, 0.83];[0, 1];
[0.424, 15.667, 14.667, 0.752];[0.47, 16.333, 10.0, 0.714];[1, 0];
[0.48, 13.333, 13.0, 0.806];[0.481, 13.0, 5.333, 0.706];[1, 0];
[0.479, 14.0, 9.333, 0.781];[0.413, 14.0, 13.0, 0.84];[1, 0];
[0.483, 18.667, 13.333, 0.808];[0.48, 14.0, 6.667, 0.8];[1, 0];
[0.525, 15.667, 10.333, 0.875];[0.476, 16.333, 11.0, 0.774];[1, 0];
[0.425, 15.0, 13.333, 0.587];[0.446, 12.667, 9.667, 0.614];[0, 1];
[0.508, 11.667, 9.0, 0.709];[0.459, 16.333, 9.333, 0.767];[1, 0];
[0.445, 10.0, 11.0, 0.671];[0.453, 10.333, 10.667, 0.804];[0, 1];
[0.435, 18.333, 9.0, 0.776];[0.414, 14.667, 12.333, 0.757];[1, 0];
[0.431, 12.333, 9.0, 0.783];[0.475, 12.0, 9.667, 0.823];[1, 0];
[0.456, 10.667, 9.667, 0.795];[0.431, 11.333, 11.333, 0.739];[1, 0];
[0.458, 13.333, 10.0, 0.781];[0.493, 13.667, 10.667, 0.771];[1, 0];
[0.425, 14.667, 17.0, 0.788];[0.433, 14.0, 12.667, 0.793];[0, 1];
[0.399, 12.333, 13.333, 0.762];[0.42, 12.667, 12.333, 0.667];[1, 0];
[0.399, 13.0, 13.0, 0.656];[0.46, 11.667, 13.333, 0.868];[1, 0];
[0.406, 12.333, 8.0, 0.786];[0.476, 17.0, 7.667, 0.743];[1, 0];
[0.443, 13.333, 13.333, 0.671];[0.421, 15.667, 12.333, 0.751];[0, 1];
[0.406, 13.333, 14.333, 0.661];[0.403, 15.0, 2.0, 0.533];[1, 0];
[0.446, 12.333, 8.0, 0.789];[0.462, 10.333, 6.667, 0.643];[1, 0];
[0.467, 12.0, 4.0, 0.714];[0.409, 21.0, 16.0, 0.905];[1, 0];
[0.476, 12.333, 6.333, 0.877];[0.401, 13.667, 11.0, 0.808];[1, 0];
[0.439, 12.667, 12.333, 0.797];[0.4, 15.667, 13.0, 0.809];[1, 0];
[0.45, 14.0, 10.333, 0.69];[0.404, 13.667, 12.333, 0.73];[0, 1];
[0.429, 13.0, 8.667, 0.597];[0.408, 17.333, 9.667, 0.826];[0, 1];
[0.416, 17.333, 11.0, 0.828];[0.471, 12.333, 11.0, 0.767];[1, 0];
[0.411, 15.667, 10.0, 0.731];[0.407, 16.333, 12.0, 0.764];[0, 1];
[0.468, 12.667, 13.333, 0.753];[0.459, 14.0, 6.667, 0.855];[1, 0];
[0.482, 12.667, 12.667, 0.741];[0.476, 15.667, 12.667, 0.823];[1, 0];
[0.489, 14.0, 13.667, 0.697];[0.46, 12.667, 7.333, 0.789];[1, 0];
[0.465, 12.667, 7.667, 0.768];[0.501, 14.333, 12.0, 0.743];[1, 0];
[0.503, 17.333, 8.333, 0.827];[0.478, 15.0, 9.0, 0.693];[1, 0];
[0.475, 15.333, 7.333, 0.769];[0.496, 12.0, 12.0, 0.755];[0, 1];
[0.408, 12.333, 13.0, 0.62];[0.49, 14.667, 9.667, 0.803];[0, 1];
[0.411, 12.0, 13.667, 0.727];[0.492, 12.0, 5.0, 0.745];[0, 1];
[0.443, 14.333, 10.333, 0.723];[0.415, 13.0, 8.333, 0.589];[0, 1];
[0.472, 13.333, 7.667, 0.746];[0.468, 15.667, 8.0, 0.759];[1, 0];
[0.42, 13.667, 9.333, 0.724];[0.461, 14.667, 8.333, 0.846];[1, 0];
[0.519, 18.333, 9.333, 0.722];[0.49, 10.333, 12.333, 0.797];[1, 0];
[0.424, 11.0, 7.0, 0.819];[0.434, 13.333, 8.0, 0.821];[0, 1];
[0.428, 13.333, 11.0, 0.772];[0.494, 11.333, 6.667, 0.667];[0, 1];
[0.494, 15.0, 8.0, 0.778];[0.508, 16.0, 4.667, 0.685];[1, 0];
[0.474, 17.0, 8.667, 0.695];[0.504, 17.0, 10.0, 0.742];[1, 0];
[0.404, 15.333, 13.333, 0.77];[0.452, 15.333, 8.667, 0.695];[0, 1];
[0.508, 14.333, 6.333, 0.781];[0.444, 14.333, 10.0, 0.654];[1, 0];
[0.421, 14.0, 11.333, 0.767];[0.48, 12.333, 11.0, 0.688];[1, 0];
[0.44, 17.0, 13.667, 0.751];[0.454, 15.0, 12.0, 0.81];[0, 1];
[0.443, 14.0, 8.333, 0.803];[0.498, 11.333, 9.333, 0.813];[0, 1];
[0.424, 15.667, 11.0, 0.798];[0.483, 14.667, 12.333, 0.736];[0, 1];
[0.47, 14.0, 10.333, 0.617];[0.482, 18.0, 11.0, 0.693];[1, 0];
[0.47, 14.0, 12.333, 0.815];[0.443, 12.333, 15.667, 0.813];[0, 1];
[0.487, 15.333, 9.333, 0.787];[0.427, 12.667, 7.333, 0.779];[1, 0];
[0.467, 12.667, 12.667, 0.693];[0.453, 14.0, 7.0, 0.807];[1, 0];
[0.507, 12.667, 11.0, 0.762];[0.441, 11.0, 9.0, 0.69];[0, 1];
[0.471, 10.0, 9.333, 0.852];[0.442, 10.333, 14.333, 0.643];[1, 0];
[0.447, 14.667, 11.0, 0.692];[0.468, 13.667, 8.667, 0.765];[1, 0];
[0.456, 16.333, 10.0, 0.617];[0.427, 18.333, 9.667, 0.771];[1, 0];
[0.484, 11.667, 12.667, 0.784];[0.414, 11.333, 14.0, 0.817];[1, 0];
[0.412, 13.333, 17.0, 0.753];[0.492, 14.333, 9.0, 0.76];[0, 1];
[0.464, 13.667, 7.667, 0.851];[0.382, 14.0, 13.0, 0.658];[1, 0];
[0.467, 15.333, 8.0, 0.841];[0.511, 17.0, 9.333, 0.7];[0, 1];
[0.496, 14.333, 10.0, 0.709];[0.482, 11.0, 9.0, 0.663];[1, 0];
[0.463, 11.333, 11.667, 0.841];[0.44, 8.0, 9.0, 0.794];[0, 1];
[0.458, 8.0, 9.0, 0.726];[0.481, 11.0, 11.0, 0.754];[1, 0];
[0.476, 14.667, 13.333, 0.797];[0.414, 18.333, 10.333, 0.801];[1, 0];
[0.409, 16.667, 16.0, 0.76];[0.485, 18.0, 12.667, 0.841];[0, 1];
[0.412, 11.667, 12.0, 0.842];[0.528, 12.667, 9.0, 0.864];[0, 1];
[0.379, 12.333, 10.333, 0.784];[0.478, 16.0, 9.333, 0.72];[0, 1];
[0.444, 13.333, 13.667, 0.765];[0.456, 13.667, 13.667, 0.682];[1, 0];
[0.467, 12.0, 4.0, 0.714];[0.354, 16.0, 11.0, 0.727];[0, 1];
[0.446, 15.667, 8.333, 0.777];[0.411, 9.0, 11.0, 0.76];[0, 1];
[0.438, 10.333, 9.0, 0.79];[0.434, 12.667, 10.333, 0.808];[1, 0];
[0.373, 16.0, 12.667, 0.682];[0.409, 13.0, 11.333, 0.777];[1, 0];
[0.437, 12.0, 10.333, 0.706];[0.476, 11.333, 9.0, 0.795];[0, 1];
[0.512, 13.333, 8.0, 0.881];[0.452, 10.333, 12.667, 0.764];[1, 0];
[0.423, 14.0, 11.667, 0.721];[0.45, 13.333, 8.333, 0.667];[0, 1];
[0.485, 13.667, 7.0, 0.772];[0.441, 12.333, 9.667, 0.887];[1, 0];
[0.484, 10.0, 12.0, 0.743];[0.433, 11.0, 12.667, 0.856];[1, 0];
[0.491, 19.667, 12.0, 0.705];[0.46, 14.333, 7.0, 0.74];[1, 0];
[0.452, 16.667, 13.0, 0.776];[0.476, 16.333, 9.0, 0.793];[1, 0];
[0.462, 11.667, 11.667, 0.742];[0.431, 10.333, 7.333, 0.927];[1, 0];
[0.465, 12.0, 10.0, 0.796];[0.438, 14.667, 12.333, 0.758];[1, 0];
[0.447, 12.333, 12.0, 0.675];[0.443, 10.333, 13.667, 0.824];[1, 0];
[0.492, 11.333, 9.333, 0.683];[0.448, 15.333, 11.333, 0.756];[1, 0];
[0.417, 15.0, 10.667, 0.8];[0.468, 13.333, 14.0, 0.852];[1, 0];
[0.398, 16.0, 15.0, 0.718];[0.407, 14.0, 10.667, 0.741];[0, 1];
[0.507, 12.0, 10.333, 0.83];[0.515, 14.667, 10.333, 0.707];[1, 0];
[0.443, 16.333, 9.0, 0.837];[0.442, 12.0, 8.667, 0.649];[1, 0];
[0.481, 13.333, 10.0, 0.768];[0.457, 10.0, 5.667, 0.799];[0, 1];
[0.403, 18.0, 11.667, 0.712];[0.454, 15.333, 9.0, 0.851];[0, 1];
[0.354, 16.0, 11.0, 0.727];[0.419, 13.0, 16.0, 0.786];[0, 1];
[0.457, 11.0, 9.333, 0.855];[0.437, 18.0, 11.333, 0.849];[1, 0];
[0.445, 11.0, 11.667, 0.696];[0.499, 10.667, 7.333, 0.801];[0, 1];
[0.458, 15.0, 9.667, 0.739];[0.429, 11.0, 10.667, 0.747];[0, 1];
[0.495, 14.0, 12.667, 0.75];[0.411, 13.333, 11.333, 0.662];[1, 0];
[0.416, 11.333, 11.333, 0.77];[0.48, 10.333, 7.0, 0.686];[0, 1];
[0.494, 10.333, 12.333, 0.771];[0.462, 16.333, 10.333, 0.698];[1, 0];
[0.423, 13.0, 10.333, 0.833];[0.428, 15.333, 11.333, 0.786];[1, 0];
[0.448, 17.333, 7.333, 0.737];[0.469, 10.667, 13.667, 0.843];[1, 0];
[0.451, 15.0, 7.667, 0.824];[0.42, 14.0, 10.333, 0.774];[1, 0];
[0.452, 9.667, 13.333, 0.771];[0.494, 19.0, 7.333, 0.677];[1, 0];
[0.414, 15.667, 11.0, 0.765];[0.417, 12.667, 8.667, 0.698];[0, 1];
[0.53, 14.667, 9.667, 0.752];[0.465, 13.0, 10.333, 0.841];[0, 1];
[0.436, 14.333, 10.333, 0.692];[0.393, 12.667, 11.333, 0.829];[1, 0];
[0.432, 14.0, 9.667, 0.814];[0.433, 18.667, 12.333, 0.716];[1, 0];
[0.463, 12.0, 10.0, 0.645];[0.441, 13.667, 10.0, 0.72];[1, 0];
[0.471, 16.0, 11.667, 0.665];[0.523, 13.0, 8.0, 0.751];[0, 1];
[0.413, 12.667, 10.0, 0.78];[0.503, 15.0, 7.667, 0.694];[0, 1];
[0.465, 12.667, 11.667, 0.796];[0.478, 13.0, 14.667, 0.667];[1, 0];
[0.474, 10.333, 8.333, 0.807];[0.416, 21.0, 10.667, 0.706];[0, 1];
[0.429, 11.333, 9.333, 0.699];[0.485, 16.667, 11.667, 0.72];[0, 1];
[0.368, 10.667, 17.667, 0.83];[0.388, 10.667, 11.0, 0.733];[1, 0];
[0.536, 13.0, 8.667, 0.805];[0.463, 13.0, 15.333, 0.679];[1, 0];
[0.515, 14.0, 5.667, 0.669];[0.451, 17.0, 11.667, 0.768];[0, 1];
[0.439, 13.0, 10.333, 0.83];[0.435, 14.667, 12.0, 0.832];[1, 0];
[0.454, 15.0, 13.667, 0.632];[0.48, 13.0, 10.333, 0.694];[1, 0];
[0.517, 14.333, 9.333, 0.743];[0.465, 14.0, 12.667, 0.808];[1, 0];
[0.466, 9.667, 9.333, 0.79];[0.479, 17.667, 12.333, 0.875];[1, 0];
[0.4, 13.0, 9.333, 0.814];[0.437, 15.333, 10.333, 0.806];[0, 1];
[0.402, 12.0, 13.0, 0.613];[0.45, 18.0, 8.333, 0.788];[1, 0];
[0.453, 15.667, 10.333, 0.735];[0.434, 16.0, 11.333, 0.741];[1, 0];
[0.433, 11.667, 10.667, 0.772];[0.445, 11.0, 9.333, 0.772];[1, 0];
[0.528, 17.333, 8.667, 0.736];[0.474, 17.0, 8.0, 0.684];[1, 0];
[0.445, 11.0, 13.0, 0.84];[0.395, 15.667, 11.333, 0.737];[0, 1];
[0.439, 14.333, 11.333, 0.646];[0.399, 15.333, 15.667, 0.679];[1, 0];
[0.437, 15.0, 8.333, 0.715];[0.452, 13.333, 9.667, 0.802];[0, 1];
[0.454, 11.0, 8.0, 0.827];[0.488, 11.0, 8.0, 0.729];[1, 0];
[0.469, 17.0, 9.333, 0.709];[0.427, 14.667, 11.0, 0.723];[0, 1];
[0.481, 17.0, 7.333, 0.775];[0.48, 16.0, 7.333, 0.757];[1, 0];
[0.481, 15.333, 15.333, 0.804];[0.541, 16.667, 8.333, 0.785];[0, 1];
[0.439, 15.333, 9.0, 0.819];[0.416, 11.333, 10.0, 0.802];[0, 1];
[0.44, 13.667, 6.0, 0.725];[0.475, 12.333, 12.0, 0.826];[0, 1];
[0.384, 17.0, 14.667, 0.804];[0.454, 13.667, 10.333, 0.79];[0, 1];
[0.442, 12.333, 10.0, 0.764];[0.524, 9.333, 6.667, 0.714];[1, 0];
[0.446, 19.0, 11.0, 0.762];[0.511, 11.0, 8.333, 0.745];[1, 0];
[0.437, 12.667, 10.667, 0.69];[0.414, 13.333, 12.333, 0.732];[0, 1];
[0.378, 15.0, 12.333, 0.76];[0.449, 16.0, 9.333, 0.864];[1, 0];
[0.534, 12.667, 12.0, 0.858];[0.481, 12.333, 10.333, 0.715];[1, 0];
[0.463, 12.667, 10.667, 0.702];[0.38, 16.0, 11.0, 0.751];[1, 0];
[0.46, 11.333, 8.0, 0.821];[0.432, 15.333, 9.0, 0.789];[1, 0];
[0.483, 15.667, 11.0, 0.833];[0.49, 15.667, 12.667, 0.786];[0, 1];
[0.458, 14.333, 11.667, 0.679];[0.451, 16.333, 12.667, 0.729];[1, 0];
[0.442, 16.667, 14.667, 0.713];[0.458, 14.667, 9.333, 0.777];[1, 0];
[0.507, 16.333, 8.333, 0.759];[0.425, 18.667, 11.333, 0.794];[1, 0];
[0.439, 20.333, 10.0, 0.746];[0.39, 14.333, 14.333, 0.792];[0, 1];
[0.472, 14.667, 16.667, 0.739];[0.509, 11.0, 5.667, 0.87];[0, 1];
[0.418, 20.0, 8.333, 0.767];[0.422, 14.0, 10.333, 0.738];[0, 1];
[0.455, 10.333, 9.333, 0.814];[0.459, 9.333, 8.333, 0.824];[1, 0];
[0.484, 13.333, 13.333, 0.694];[0.566, 13.667, 8.667, 0.759];[1, 0];
[0.483, 15.333, 11.0, 0.772];[0.544, 15.0, 10.667, 0.737];[1, 0];
[0.441, 9.667, 9.0, 0.634];[0.451, 13.333, 11.333, 0.761];[0, 1];
[0.492, 14.0, 9.667, 0.705];[0.442, 12.333, 9.0, 0.681];[1, 0];
[0.451, 9.667, 12.667, 0.669];[0.424, 11.333, 11.333, 0.646];[0, 1];
[0.557, 13.333, 9.333, 0.68];[0.474, 14.0, 7.333, 0.703];[0, 1];
[0.495, 12.667, 7.333, 0.827];[0.471, 11.0, 7.333, 0.829];[0, 1];
[0.399, 10.333, 10.667, 0.754];[0.401, 12.667, 7.333, 0.751];[1, 0];
[0.382, 13.667, 9.667, 0.737];[0.464, 16.333, 10.667, 0.698];[1, 0];
[0.402, 13.667, 14.333, 0.773];[0.508, 12.667, 10.0, 0.786];[0, 1];
[0.443, 15.667, 10.667, 0.703];[0.478, 10.667, 7.0, 0.771];[0, 1];
[0.475, 13.0, 10.667, 0.889];[0.486, 12.667, 15.0, 0.664];[1, 0];
[0.438, 11.667, 10.667, 0.757];[0.404, 16.333, 12.333, 0.776];[1, 0];
[0.478, 16.333, 8.0, 0.695];[0.442, 13.333, 12.333, 0.708];[1, 0];
[0.523, 16.333, 8.667, 0.744];[0.459, 13.333, 11.333, 0.765];[1, 0];
[0.435, 13.333, 12.0, 0.669];[0.464, 18.333, 9.667, 0.733];[0, 1];
[0.483, 12.333, 9.333, 0.832];[0.453, 11.0, 10.667, 0.848];[1, 0];
[0.512, 16.0, 6.0, 0.786];[0.455, 20.0, 22.0, 0.816];[1, 0];
[0.443, 18.333, 4.333, 0.775];[0.394, 9.0, 11.333, 0.796];[1, 0];
[0.496, 14.0, 9.0, 0.696];[0.431, 14.667, 13.0, 0.737];[0, 1];
[0.462, 14.667, 13.333, 0.757];[0.463, 13.333, 9.333, 0.763];[1, 0];
[0.492, 15.0, 8.333, 0.722];[0.479, 19.0, 12.0, 0.715];[0, 1];
[0.48, 17.0, 11.667, 0.804];[0.44, 12.667, 5.667, 0.842];[0, 1];
[0.419, 13.0, 8.0, 0.812];[0.452, 12.0, 7.0, 0.766];[1, 0];
[0.453, 12.0, 6.0, 0.74];[0.519, 8.0, 7.0, 0.741];[1, 0];
[0.462, 11.667, 11.333, 0.785];[0.431, 11.333, 12.0, 0.796];[0, 1];
[0.513, 14.0, 9.667, 0.727];[0.415, 10.333, 15.0, 0.735];[1, 0];
[0.45, 12.333, 9.0, 0.75];[0.445, 14.667, 9.333, 0.708];[1, 0];
[0.469, 14.0, 11.667, 0.722];[0.462, 13.333, 8.0, 0.733];[1, 0];
[0.479, 15.0, 9.0, 0.719];[0.422, 10.667, 11.333, 0.77];[1, 0];
[0.5, 14.0, 12.0, 0.793];[0.376, 17.0, 7.0, 0.78];[0, 1];
[0.488, 14.0, 9.333, 0.794];[0.453, 13.667, 9.0, 0.803];[1, 0];
[0.48, 12.333, 6.0, 0.841];[0.564, 11.333, 6.333, 0.863];[1, 0];
[0.509, 15.333, 5.333, 0.817];[0.489, 15.333, 10.333, 0.73];[1, 0];
[0.466, 16.667, 8.0, 0.711];[0.412, 13.667, 13.333, 0.744];[0, 1];
[0.45, 15.0, 9.667, 0.714];[0.475, 15.333, 8.333, 0.724];[1, 0];
[0.394, 10.0, 8.667, 0.848];[0.424, 12.0, 9.0, 0.858];[1, 0];
[0.455, 14.0, 5.0, 0.789];[0.432, 11.667, 10.667, 0.762];[0, 1];
[0.448, 17.667, 9.333, 0.737];[0.445, 15.333, 12.333, 0.854];[1, 0];
[0.469, 12.667, 9.0, 0.746];[0.491, 11.667, 10.333, 0.768];[1, 0];
[0.442, 8.667, 9.333, 0.85];[0.487, 15.0, 11.0, 0.792];[1, 0];
[0.422, 10.667, 9.0, 0.841];[0.498, 16.333, 14.0, 0.735];[1, 0];
[0.447, 14.667, 9.0, 0.75];[0.421, 12.0, 9.333, 0.766];[1, 0];
[0.495, 17.667, 10.333, 0.837];[0.47, 11.333, 10.333, 0.783];[1, 0];
[0.404, 18.0, 11.667, 0.72];[0.468, 13.667, 11.667, 0.761];[1, 0];
[0.448, 13.667, 5.667, 0.832];[0.44, 12.667, 10.333, 0.716];[0, 1];
[0.473, 17.0, 14.667, 0.815];[0.479, 14.0, 12.667, 0.798];[0, 1];
[0.425, 16.667, 11.667, 0.736];[0.43, 11.667, 7.667, 0.694];[1, 0];
[0.466, 13.333, 9.333, 0.813];[0.462, 16.0, 12.0, 0.737];[1, 0];
[0.444, 14.0, 10.333, 0.743];[0.445, 17.0, 10.0, 0.741];[1, 0];
[0.48, 18.333, 14.0, 0.773];[0.435, 10.333, 11.333, 0.751];[0, 1];
[0.483, 11.667, 13.0, 0.756];[0.419, 11.667, 12.333, 0.654];[0, 1];
[0.467, 11.667, 11.667, 0.825];[0.404, 13.0, 14.333, 0.782];[0, 1];
[0.523, 18.333, 10.333, 0.692];[0.461, 18.0, 11.333, 0.795];[1, 0];
[0.468, 12.333, 14.667, 0.72];[0.467, 12.0, 10.667, 0.636];[1, 0];
[0.479, 16.0, 12.0, 0.758];[0.456, 14.667, 7.667, 0.801];[1, 0];
[0.397, 16.0, 8.333, 0.796];[0.371, 10.667, 13.0, 0.864];[1, 0];
[0.474, 10.667, 11.667, 0.783];[0.465, 16.667, 11.0, 0.697];[1, 0];
[0.463, 18.667, 7.0, 0.854];[0.383, 10.0, 13.333, 0.743];[0, 1];
[0.464, 14.0, 6.0, 0.66];[0.432, 13.333, 12.0, 0.771];[1, 0];
[0.465, 16.0, 13.0, 0.771];[0.414, 12.667, 9.0, 0.731];[1, 0];
[0.468, 14.333, 14.667, 0.846];[0.446, 13.0, 12.333, 0.856];[1, 0];
[0.451, 9.333, 9.0, 0.711];[0.451, 17.0, 8.667, 0.813];[1, 0];
[0.471, 13.333, 7.333, 0.701];[0.413, 13.333, 10.667, 0.768];[1, 0];
[0.484, 14.667, 5.667, 0.798];[0.443, 11.333, 12.333, 0.633];[0, 1];
[0.437, 9.667, 11.0, 0.718];[0.488, 6.667, 11.667, 0.789];[1, 0];
[0.515, 13.667, 9.667, 0.813];[0.483, 17.333, 11.0, 0.77];[1, 0];
[0.462, 16.667, 11.0, 0.802];[0.467, 11.0, 9.667, 0.775];[1, 0];
[0.42, 12.333, 8.0, 0.774];[0.431, 16.333, 11.333, 0.777];[1, 0];
[0.47, 13.0, 6.0, 0.775];[0.446, 15.0, 12.667, 0.784];[0, 1];
[0.42, 10.0, 13.667, 0.776];[0.434, 16.0, 8.667, 0.784];[1, 0];
[0.305, 14.0, 17.0, 0.75];[0.461, 19.0, 8.0, 0.778];[1, 0];
[0.48, 17.0, 8.333, 0.792];[0.502, 15.0, 13.0, 0.824];[0, 1];
[0.455, 11.333, 9.333, 0.68];[0.441, 11.0, 7.0, 0.872];[0, 1];
[0.457, 15.333, 7.667, 0.754];[0.433, 15.0, 10.0, 0.804];[1, 0];
[0.428, 16.667, 12.0, 0.567];[0.495, 12.333, 10.0, 0.783];[0, 1];
[0.513, 18.333, 9.333, 0.873];[0.424, 16.333, 10.0, 0.805];[0, 1];
[0.433, 12.333, 9.667, 0.814];[0.485, 16.333, 12.333, 0.764];[0, 1];
[0.395, 19.0, 10.667, 0.735];[0.424, 10.0, 9.333, 0.732];[0, 1];
[0.398, 13.333, 13.333, 0.754];[0.459, 14.667, 13.667, 0.701];[0, 1];
[0.489, 12.0, 10.667, 0.712];[0.504, 15.333, 9.667, 0.747];[1, 0];
[0.481, 11.333, 13.333, 0.865];[0.492, 12.333, 12.667, 0.847];[1, 0];
[0.482, 16.0, 9.0, 0.855];[0.511, 14.333, 9.667, 0.705];[0, 1];
[0.444, 15.0, 8.667, 0.735];[0.492, 14.667, 8.667, 0.751];[0, 1];
[0.404, 12.333, 12.0, 0.724];[0.474, 20.0, 10.0, 0.708];[1, 0];
[0.462, 14.333, 11.333, 0.788];[0.442, 13.667, 11.333, 0.66];[1, 0];
[0.437, 18.0, 8.0, 0.796];[0.391, 15.0, 14.333, 0.75];[1, 0];
[0.466, 11.333, 8.667, 0.822];[0.481, 15.0, 9.667, 0.798];[1, 0];
[0.471, 14.0, 12.0, 0.707];[0.501, 15.667, 10.667, 0.69];[1, 0];
[0.487, 14.667, 9.333, 0.76];[0.486, 10.333, 10.667, 0.82];[0, 1];
[0.429, 10.0, 14.0, 0.816];[0.4, 15.667, 9.333, 0.796];[1, 0];
[0.485, 12.0, 7.0, 0.704];[0.458, 14.0, 9.0, 0.706];[1, 0];
[0.426, 17.333, 15.0, 0.769];[0.437, 12.667, 9.333, 0.752];[0, 1];
[0.466, 13.333, 11.333, 0.761];[0.49, 13.333, 11.667, 0.74];[0, 1];
[0.473, 10.0, 7.0, 0.686];[0.435, 12.333, 12.333, 0.763];[1, 0];
[0.474, 18.667, 8.667, 0.78];[0.448, 12.667, 10.0, 0.786];[1, 0];
[0.416, 12.333, 13.0, 0.719];[0.439, 11.333, 13.0, 0.831];[0, 1];
[0.397, 13.667, 12.333, 0.835];[0.469, 15.0, 10.333, 0.682];[0, 1];
[0.429, 11.667, 14.667, 0.745];[0.474, 14.667, 8.0, 0.724];[1, 0];
[0.527, 10.0, 9.333, 0.657];[0.464, 15.667, 8.667, 0.689];[1, 0];
[0.474, 11.667, 10.333, 0.77];[0.389, 9.0, 11.333, 0.745];[1, 0];
[0.479, 14.333, 8.667, 0.727];[0.428, 17.0, 12.0, 0.824];[0, 1];
[0.418, 13.333, 11.333, 0.774];[0.47, 12.667, 6.333, 0.874];[1, 0];
[0.43, 11.333, 14.667, 0.682];[0.421, 13.0, 10.0, 0.662];[0, 1];
[0.466, 16.333, 12.667, 0.685];[0.459, 14.333, 10.0, 0.707];[1, 0];
[0.396, 9.667, 13.0, 0.797];[0.437, 15.333, 11.333, 0.662];[0, 1];
[0.456, 13.0, 11.333, 0.858];[0.477, 14.0, 9.667, 0.819];[0, 1];
[0.416, 20.333, 11.667, 0.71];[0.401, 14.0, 9.0, 0.734];[1, 0];
[0.482, 11.667, 9.333, 0.734];[0.468, 10.0, 6.667, 0.769];[1, 0];
[0.468, 13.333, 9.0, 0.648];[0.489, 18.333, 9.333, 0.742];[1, 0];
[0.361, 12.0, 14.0, 0.8];[0.446, 19.0, 11.0, 0.762];[1, 0];
[0.454, 17.0, 12.667, 0.717];[0.515, 15.667, 9.333, 0.875];[1, 0];
[0.411, 13.333, 13.667, 0.818];[0.484, 11.667, 12.667, 0.772];[1, 0];
[0.386, 12.667, 15.0, 0.731];[0.475, 14.667, 11.0, 0.729];[0, 1];
[0.456, 12.333, 9.333, 0.743];[0.498, 10.333, 8.0, 0.737];[0, 1];
[0.44, 14.333, 10.667, 0.746];[0.456, 15.667, 7.667, 0.728];[1, 0];
[0.52, 13.333, 7.0, 0.778];[0.481, 15.333, 9.667, 0.714];[1, 0];
[0.475, 15.667, 10.0, 0.718];[0.428, 14.0, 12.333, 0.883];[0, 1];
[0.39, 13.0, 11.0, 0.737];[0.491, 11.0, 11.0, 0.77];[1, 0];
[0.414, 15.0, 10.667, 0.745];[0.437, 18.333, 9.0, 0.827];[1, 0];
[0.477, 13.0, 13.0, 0.804];[0.508, 14.0, 8.667, 0.836];[1, 0];
[0.499, 16.0, 9.667, 0.787];[0.506, 15.0, 7.0, 0.692];[1, 0];
[0.466, 14.0, 10.333, 0.776];[0.47, 15.667, 7.667, 0.783];[0, 1];
[0.469, 12.333, 15.0, 0.759];[0.478, 12.0, 7.667, 0.775];[1, 0];
[0.455, 16.0, 9.667, 0.787];[0.484, 13.333, 9.667, 0.771];[1, 0];
[0.512, 11.667, 8.667, 0.766];[0.371, 11.333, 11.333, 0.673];[1, 0];
[0.455, 16.667, 12.333, 0.756];[0.459, 19.333, 9.667, 0.801];[0, 1];
[0.459, 11.667, 10.333, 0.758];[0.492, 14.667, 10.333, 0.784];[1, 0];
[0.419, 11.667, 11.333, 0.7];[0.506, 18.333, 9.333, 0.73];[0, 1];
[0.416, 9.667, 8.333, 0.773];[0.528, 12.333, 10.333, 0.677];[0, 1];
[0.48, 15.667, 11.667, 0.792];[0.461, 14.667, 9.667, 0.776];[1, 0];
[0.369, 19.333, 10.0, 0.828];[0.405, 14.667, 11.667, 0.741];[0, 1];
[0.395, 12.333, 11.667, 0.738];[0.42, 15.667, 14.0, 0.654];[0, 1];
[0.426, 9.0, 8.667, 0.858];[0.408, 10.667, 11.333, 0.868];[1, 0];
[0.478, 13.0, 9.333, 0.819];[0.491, 15.0, 9.0, 0.676];[1, 0];
[0.447, 14.0, 12.0, 0.692];[0.437, 13.667, 14.0, 0.692];[1, 0];
[0.428, 13.667, 10.333, 0.72];[0.458, 12.667, 11.333, 0.75];[1, 0];
[0.442, 11.333, 14.333, 0.635];[0.449, 16.333, 12.333, 0.732];[0, 1];
[0.478, 11.667, 6.333, 0.727];[0.487, 14.333, 11.0, 0.743];[0, 1];
[0.478, 17.333, 7.667, 0.713];[0.391, 11.0, 12.0, 0.759];[0, 1];
[0.438, 11.667, 9.0, 0.824];[0.423, 9.333, 11.667, 0.687];[0, 1];
[0.417, 11.333, 11.0, 0.786];[0.502, 15.333, 11.333, 0.714];[0, 1];
[0.404, 10.667, 13.0, 0.693];[0.478, 13.333, 14.333, 0.795];[1, 0];
[0.455, 10.0, 9.667, 0.758];[0.488, 11.667, 7.333, 0.794];[1, 0];
[0.436, 11.667, 11.333, 0.75];[0.483, 12.0, 5.667, 0.809];[1, 0];
[0.408, 13.333, 11.333, 0.77];[0.445, 11.667, 12.667, 0.808];[0, 1];
[0.416, 13.0, 9.333, 0.789];[0.447, 12.0, 5.667, 0.782];[0, 1];
[0.423, 17.0, 7.0, 0.805];[0.462, 8.0, 11.0, 0.68];[1, 0];
[0.454, 12.333, 11.0, 0.814];[0.455, 11.667, 7.333, 0.795];[1, 0];
[0.44, 12.667, 8.333, 0.839];[0.436, 12.667, 9.667, 0.835];[0, 1];
[0.492, 13.0, 7.0, 0.738];[0.432, 10.667, 11.0, 0.693];[0, 1];
[0.421, 18.667, 9.667, 0.688];[0.439, 13.667, 13.333, 0.778];[1, 0];
[0.451, 15.0, 7.667, 0.732];[0.46, 16.667, 14.333, 0.688];[0, 1];
[0.426, 17.667, 12.667, 0.716];[0.456, 16.333, 10.333, 0.752];[0, 1];
[0.439, 14.667, 10.0, 0.761];[0.427, 9.333, 11.0, 0.661];[1, 0];
[0.384, 8.667, 8.333, 0.847];[0.484, 12.0, 10.0, 0.733];[1, 0];
[0.461, 16.667, 13.333, 0.756];[0.433, 12.333, 14.0, 0.793];[1, 0];
[0.492, 15.667, 11.0, 0.845];[0.447, 15.667, 11.667, 0.85];[1, 0];
[0.487, 8.667, 11.0, 0.691];[0.51, 16.333, 11.333, 0.799];[0, 1];
[0.468, 17.667, 9.0, 0.699];[0.513, 14.667, 4.667, 0.845];[1, 0];
[0.492, 15.667, 11.667, 0.772];[0.428, 12.333, 11.667, 0.748];[1, 0];
[0.522, 12.0, 10.0, 0.72];[0.479, 10.667, 9.0, 0.795];[1, 0];
[0.434, 12.667, 16.333, 0.78];[0.458, 13.333, 13.667, 0.798];[1, 0];
[0.467, 13.667, 11.333, 0.825];[0.462, 13.0, 8.0, 0.788];[0, 1];
[0.465, 13.333, 8.0, 0.766];[0.469, 14.667, 14.333, 0.799];[1, 0];
[0.422, 12.333, 9.333, 0.794];[0.521, 15.0, 11.0, 0.66];[1, 0];
[0.49, 16.667, 10.333, 0.809];[0.468, 12.667, 12.0, 0.823];[0, 1];
[0.39, 13.0, 13.667, 0.73];[0.486, 9.0, 6.0, 0.833];[1, 0];
[0.465, 12.0, 10.333, 0.73];[0.494, 12.333, 6.667, 0.803];[0, 1];
[0.502, 16.0, 7.667, 0.828];[0.471, 16.0, 6.667, 0.642];[1, 0];
[0.449, 15.0, 8.667, 0.723];[0.428, 15.667, 9.667, 0.849];[0, 1];
[0.459, 14.333, 11.333, 0.803];[0.467, 19.667, 11.333, 0.676];[1, 0];
[0.45, 17.0, 11.333, 0.631];[0.435, 13.0, 12.333, 0.796];[0, 1];
[0.452, 15.333, 11.0, 0.84];[0.458, 11.333, 12.333, 0.775];[1, 0];
[0.448, 9.667, 10.0, 0.712];[0.439, 12.333, 12.0, 0.787];[1, 0];
[0.477, 17.667, 12.333, 0.706];[0.49, 15.333, 10.333, 0.772];[1, 0];
[0.42, 11.333, 10.667, 0.834];[0.486, 15.333, 12.333, 0.761];[0, 1];
[0.447, 9.333, 9.333, 0.735];[0.535, 17.0, 9.667, 0.681];[1, 0];
[0.405, 6.333, 10.0, 0.859];[0.439, 13.0, 8.333, 0.706];[1, 0];
[0.425, 15.0, 12.0, 0.821];[0.474, 18.333, 10.667, 0.716];[1, 0];
[0.46, 14.0, 11.0, 0.773];[0.432, 18.0, 9.667, 0.895];[0, 1];
[0.465, 11.667, 10.333, 0.658];[0.498, 8.333, 7.667, 0.77];[1, 0];
[0.469, 12.0, 12.333, 0.744];[0.41, 8.333, 11.333, 0.879];[0, 1];
[0.407, 13.333, 10.667, 0.786];[0.476, 15.667, 11.333, 0.741];[0, 1];
[0.5, 11.667, 11.667, 0.797];[0.515, 11.0, 9.333, 0.824];[1, 0];
[0.396, 12.0, 9.333, 0.88];[0.443, 12.333, 8.0, 0.828];[1, 0];
[0.461, 14.667, 11.333, 0.611];[0.479, 13.0, 12.0, 0.718];[0, 1];
[0.434, 19.0, 10.333, 0.676];[0.451, 16.333, 11.333, 0.765];[1, 0];
[0.512, 11.333, 7.667, 0.694];[0.465, 18.667, 10.333, 0.759];[1, 0];
[0.422, 11.667, 14.333, 0.703];[0.465, 15.0, 10.333, 0.821];[1, 0];
[0.455, 16.667, 8.333, 0.819];[0.473, 15.333, 11.333, 0.686];[0, 1];
[0.431, 14.0, 9.0, 0.712];[0.512, 16.0, 9.0, 0.68];[1, 0];
[0.456, 15.333, 7.667, 0.788];[0.454, 12.667, 6.667, 0.724];[1, 0];
[0.399, 10.667, 11.667, 0.655];[0.454, 11.0, 9.0, 0.779];[1, 0];
[0.421, 11.333, 9.333, 0.739];[0.455, 11.0, 9.333, 0.815];[1, 0];
[0.498, 11.0, 7.333, 0.738];[0.458, 12.333, 14.0, 0.815];[1, 0];
[0.448, 13.667, 11.0, 0.859];[0.439, 12.0, 11.0, 0.729];[1, 0];
[0.459, 11.667, 13.333, 0.782];[0.424, 16.0, 14.333, 0.648];[1, 0];
[0.443, 16.667, 8.667, 0.725];[0.476, 16.0, 11.333, 0.781];[0, 1];
[0.465, 13.667, 15.667, 0.699];[0.443, 14.0, 12.667, 0.784];[0, 1];
[0.421, 16.667, 10.333, 0.779];[0.504, 14.667, 12.0, 0.75];[0, 1];
[0.482, 12.333, 5.333, 0.853];[0.444, 12.333, 12.667, 0.716];[1, 0];
[0.442, 15.333, 7.333, 0.751];[0.426, 14.333, 11.667, 0.654];[0, 1];
[0.437, 18.333, 15.0, 0.703];[0.509, 13.333, 10.667, 0.666];[0, 1];
[0.489, 12.333, 8.333, 0.804];[0.454, 13.667, 12.667, 0.821];[1, 0];
[0.494, 15.0, 11.0, 0.747];[0.452, 13.333, 9.0, 0.728];[0, 1];
[0.446, 13.333, 12.333, 0.718];[0.469, 14.333, 9.0, 0.842];[0, 1];
[0.417, 14.667, 10.333, 0.744];[0.407, 12.667, 7.667, 0.767];[1, 0];
[0.468, 17.333, 10.333, 0.888];[0.391, 16.667, 15.667, 0.762];[1, 0];
[0.42, 14.0, 9.0, 0.695];[0.49, 14.667, 9.333, 0.718];[1, 0];
[0.478, 14.0, 12.0, 0.654];[0.415, 13.333, 9.0, 0.815];[1, 0];
[0.445, 14.333, 9.333, 0.8];[0.458, 14.333, 9.333, 0.651];[1, 0];
[0.437, 15.0, 11.333, 0.578];[0.494, 13.333, 11.0, 0.689];[1, 0];
[0.427, 16.667, 11.333, 0.707];[0.444, 18.667, 9.667, 0.847];[1, 0];
[0.423, 13.667, 12.667, 0.681];[0.446, 11.0, 11.0, 0.757];[0, 1];
[0.489, 12.0, 11.333, 0.685];[0.521, 17.333, 9.667, 0.718];[1, 0];
[0.447, 15.0, 13.667, 0.852];[0.486, 15.667, 10.0, 0.749];[0, 1];
[0.48, 13.667, 12.667, 0.633];[0.43, 16.0, 11.667, 0.741];[0, 1];
[0.47, 9.333, 14.0, 0.764];[0.434, 10.667, 12.0, 0.831];[0, 1];
[0.487, 16.333, 9.0, 0.675];[0.44, 11.333, 9.667, 0.71];[1, 0];
[0.365, 16.333, 7.667, 0.786];[0.472, 13.0, 12.667, 0.739];[0, 1];
[0.394, 10.333, 11.333, 0.769];[0.507, 14.667, 7.667, 0.801];[1, 0];
[0.423, 17.0, 7.0, 0.805];[0.445, 14.667, 11.333, 0.813];[0, 1];
[0.524, 10.667, 8.667, 0.808];[0.458, 11.333, 13.667, 0.793];[1, 0];
[0.527, 12.333, 7.667, 0.715];[0.461, 18.333, 10.333, 0.797];[1, 0];
[0.431, 11.333, 15.667, 0.834];[0.43, 11.333, 8.667, 0.783];[1, 0];
[0.454, 15.667, 8.667, 0.748];[0.466, 16.0, 9.667, 0.692];[0, 1];
[0.487, 13.333, 12.0, 0.746];[0.381, 12.0, 9.0, 0.656];[1, 0];
[0.434, 10.667, 6.667, 0.749];[0.449, 13.333, 13.0, 0.757];[1, 0];
[0.462, 12.0, 8.667, 0.83];[0.423, 13.0, 11.0, 0.771];[0, 1];
[0.499, 10.333, 9.0, 0.774];[0.525, 10.667, 11.333, 0.761];[1, 0];
[0.432, 14.333, 8.333, 0.763];[0.383, 11.0, 11.0, 0.689];[0, 1];
[0.412, 9.333, 10.333, 0.72];[0.483, 12.0, 8.0, 0.813];[1, 0];
[0.38, 10.333, 10.667, 0.766];[0.392, 13.667, 13.0, 0.763];[0, 1];
[0.421, 14.0, 10.0, 0.744];[0.403, 15.667, 13.667, 0.698];[1, 0];
[0.366, 13.667, 13.333, 0.777];[0.412, 12.0, 11.0, 0.83];[1, 0];
[0.415, 11.0, 12.333, 0.636];[0.442, 13.667, 11.0, 0.78];[0, 1];
[0.465, 15.333, 12.667, 0.732];[0.463, 16.667, 12.333, 0.727];[0, 1];
[0.441, 12.0, 9.333, 0.638];[0.467, 15.0, 6.0, 0.778];[1, 0];
[0.506, 10.667, 7.667, 0.872];[0.466, 12.667, 7.333, 0.822];[1, 0];
[0.412, 12.333, 10.0, 0.811];[0.431, 10.333, 10.0, 0.785];[0, 1];
[0.407, 15.0, 9.667, 0.792];[0.462, 14.0, 11.0, 0.725];[1, 0];
[0.448, 13.667, 12.333, 0.738];[0.468, 14.0, 9.667, 0.867];[0, 1];
[0.431, 12.667, 5.333, 0.732];[0.468, 9.667, 6.333, 0.733];[0, 1];
[0.458, 14.667, 12.667, 0.692];[0.438, 24.333, 8.0, 0.667];[1, 0];
[0.426, 10.333, 9.333, 0.883];[0.431, 15.667, 8.0, 0.764];[0, 1];
[0.456, 8.667, 11.667, 0.686];[0.498, 9.667, 5.333, 0.645];[0, 1];
[0.439, 10.333, 8.667, 0.779];[0.456, 14.333, 8.333, 0.783];[1, 0];
[0.444, 15.667, 15.0, 0.844];[0.487, 19.333, 10.333, 0.769];[0, 1];
[0.396, 11.0, 5.0, 0.611];[0.305, 14.0, 17.0, 0.75];[0, 1];
[0.498, 14.0, 9.333, 0.648];[0.472, 15.667, 10.0, 0.76];[1, 0];
[0.508, 14.333, 7.667, 0.775];[0.494, 9.667, 5.667, 0.737];[1, 0];
[0.418, 17.0, 16.333, 0.843];[0.458, 15.333, 7.667, 0.727];[1, 0];
[0.419, 17.667, 13.333, 0.779];[0.394, 14.667, 15.0, 0.849];[0, 1];
[0.439, 12.667, 6.333, 0.779];[0.427, 13.333, 10.333, 0.622];[0, 1];
[0.389, 13.333, 9.667, 0.751];[0.451, 12.0, 12.667, 0.665];[0, 1];
[0.46, 14.667, 13.333, 0.84];[0.423, 14.333, 12.0, 0.758];[0, 1];
[0.433, 11.333, 9.333, 0.739];[0.488, 13.0, 8.0, 0.841];[0, 1];
[0.412, 17.0, 11.667, 0.676];[0.447, 17.667, 8.667, 0.709];[1, 0];
[0.434, 11.0, 11.0, 0.725];[0.416, 8.0, 12.333, 0.808];[1, 0];
[0.454, 13.0, 11.667, 0.743];[0.435, 14.0, 11.333, 0.705];[0, 1];
[0.372, 14.0, 11.667, 0.729];[0.462, 13.667, 8.667, 0.638];[0, 1];
[0.43, 17.667, 11.333, 0.733];[0.496, 16.0, 8.0, 0.764];[0, 1];
[0.46, 16.0, 9.333, 0.794];[0.46, 11.0, 11.0, 0.815];[1, 0];
[0.45, 14.0, 13.667, 0.756];[0.418, 10.0, 9.333, 0.76];[1, 0];
[0.448, 12.333, 12.0, 0.766];[0.447, 14.667, 8.667, 0.84];[0, 1];
[0.449, 11.667, 10.333, 0.828];[0.405, 11.667, 9.0, 0.734];[1, 0];
[0.464, 14.333, 7.667, 0.714];[0.511, 11.333, 10.0, 0.668];[0, 1];
[0.487, 11.333, 11.667, 0.795];[0.471, 11.667, 7.667, 0.588];[0, 1];
[0.501, 14.667, 9.0, 0.839];[0.443, 11.0, 10.0, 0.83];[1, 0];
[0.467, 16.667, 10.333, 0.71];[0.518, 17.333, 11.333, 0.695];[0, 1];
[0.477, 15.0, 10.333, 0.722];[0.426, 15.0, 10.667, 0.667];[1, 0];
[0.463, 13.667, 10.333, 0.817];[0.426, 11.333, 9.0, 0.858];[0, 1];
[0.45, 14.0, 9.333, 0.732];[0.498, 14.333, 5.0, 0.78];[1, 0];
[0.466, 14.0, 8.0, 0.764];[0.491, 11.667, 7.333, 0.81];[1, 0];
[0.471, 14.333, 9.667, 0.723];[0.498, 18.333, 12.333, 0.81];[1, 0];
[0.461, 8.667, 12.667, 0.726];[0.464, 11.333, 12.333, 0.725];[1, 0];
[0.419, 13.0, 16.0, 0.786];[0.409, 7.0, 13.0, 0.8];[1, 0];
[0.465, 14.667, 8.333, 0.781];[0.488, 12.0, 6.667, 0.841];[0, 1];
[0.366, 9.667, 16.667, 0.695];[0.464, 16.0, 9.667, 0.856];[0, 1];
[0.439, 13.333, 9.667, 0.713];[0.473, 13.667, 9.333, 0.727];[0, 1];
[0.442, 8.667, 10.667, 0.815];[0.415, 14.333, 10.667, 0.795];[1, 0];
[0.49, 13.0, 11.333, 0.751];[0.474, 20.0, 10.0, 0.708];[1, 0];
[0.432, 23.0, 9.0, 0.705];[0.396, 15.0, 10.667, 0.788];[0, 1];
[0.485, 12.333, 10.0, 0.731];[0.447, 13.667, 13.333, 0.732];[0, 1];
[0.464, 12.0, 8.0, 0.745];[0.437, 13.333, 13.333, 0.794];[0, 1];
[0.438, 10.333, 10.0, 0.845];[0.453, 12.333, 12.667, 0.853];[1, 0];
[0.402, 16.333, 9.0, 0.683];[0.431, 14.0, 8.0, 0.676];[1, 0];
[0.468, 15.0, 9.333, 0.788];[0.414, 13.667, 14.333, 0.852];[1, 0];
[0.363, 20.667, 9.667, 0.84];[0.426, 11.333, 8.0, 0.716];[0, 1];
[0.423, 14.667, 10.667, 0.786];[0.441, 13.667, 11.333, 0.802];[0, 1];
[0.457, 12.333, 8.667, 0.83];[0.474, 12.0, 8.0, 0.842];[1, 0];
[0.513, 15.667, 7.667, 0.684];[0.4, 15.667, 14.0, 0.803];[0, 1];
[0.502, 14.0, 9.333, 0.795];[0.517, 16.333, 9.667, 0.801];[1, 0];
[0.448, 14.667, 6.0, 0.797];[0.439, 18.333, 11.667, 0.681];[0, 1];
[0.45, 12.667, 13.0, 0.761];[0.467, 14.0, 11.0, 0.678];[1, 0];
[0.394, 13.0, 12.0, 0.743];[0.431, 12.0, 11.667, 0.791];[1, 0];
[0.424, 12.0, 10.0, 0.787];[0.426, 9.667, 11.0, 0.853];[1, 0];
[0.449, 13.0, 8.333, 0.783];[0.434, 15.0, 10.667, 0.831];[1, 0];
[0.459, 11.333, 9.333, 0.832];[0.426, 12.667, 8.667, 0.667];[1, 0];
[0.302, 18.0, 8.0, 0.73];[0.461, 19.0, 8.0, 0.778];[0, 1];
[0.462, 11.667, 8.0, 0.745];[0.507, 10.667, 8.333, 0.841];[0, 1];
[0.5, 14.0, 12.0, 0.793];[0.376, 17.0, 7.0, 0.78];[1, 0];
[0.491, 14.667, 11.667, 0.816];[0.461, 17.667, 8.333, 0.692];[1, 0];
[0.457, 13.667, 13.333, 0.818];[0.475, 11.667, 12.667, 0.858];[1, 0];
[0.435, 16.667, 8.0, 0.757];[0.473, 17.0, 8.667, 0.745];[0, 1];
[0.439, 12.667, 10.333, 0.828];[0.43, 12.333, 7.667, 0.788];[0, 1];
[0.445, 14.333, 15.0, 0.756];[0.409, 15.0, 12.0, 0.687];[1, 0];
[0.418, 12.667, 12.667, 0.808];[0.491, 18.333, 9.0, 0.66];[1, 0];
[0.437, 13.333, 9.333, 0.719];[0.428, 10.333, 9.333, 0.634];[0, 1];
[0.456, 13.667, 15.667, 0.755];[0.469, 13.667, 10.667, 0.7];[0, 1];
[0.449, 12.0, 9.0, 0.618];[0.48, 13.333, 13.0, 0.8];[1, 0];
[0.505, 15.667, 9.667, 0.79];[0.462, 16.0, 8.0, 0.758];[1, 0];
[0.47, 21.333, 9.667, 0.839];[0.447, 15.667, 14.0, 0.787];[1, 0];
[0.424, 12.333, 15.333, 0.844];[0.495, 17.333, 8.333, 0.784];[0, 1];
[0.459, 16.0, 8.667, 0.811];[0.456, 10.667, 10.667, 0.666];[1, 0];
[0.468, 14.0, 8.333, 0.777];[0.415, 15.0, 9.333, 0.667];[1, 0];
[0.452, 16.667, 10.0, 0.724];[0.474, 16.667, 8.333, 0.797];[0, 1];
[0.452, 15.667, 10.667, 0.672];[0.387, 13.0, 11.333, 0.784];[1, 0];
