[0.455, 12.667, 10.333, 0.801];[0.49, 13.0, 8.333, 0.894];[1, 0];
[0.475, 13.0, 9.333, 0.659];[0.442, 15.667, 13.0, 0.881];[0, 1];
[0.416, 15.333, 14.0, 0.696];[0.436, 13.667, 10.0, 0.698];[0, 1];
[0.484, 8.667, 9.333, 0.736];[0.457, 14.0, 7.0, 0.856];[0, 1];
[0.453, 11.0, 9.333, 0.792];[0.443, 10.0, 9.667, 0.709];[1, 0];
[0.5, 10.667, 6.667, 0.823];[0.466, 16.667, 8.667, 0.827];[1, 0];
[0.453, 17.0, 8.0, 0.699];[0.437, 13.333, 10.0, 0.741];[0, 1];
[0.42, 12.0, 16.0, 0.702];[0.436, 12.667, 9.333, 0.772];[1, 0];
[0.474, 10.333, 8.667, 0.747];[0.438, 9.333, 11.333, 0.733];[1, 0];
[0.447, 14.667, 12.333, 0.747];[0.429, 10.333, 9.667, 0.747];[1, 0];
[0.511, 11.333, 8.333, 0.682];[0.458, 15.0, 9.333, 0.745];[1, 0];
[0.465, 12.667, 11.333, 0.736];[0.511, 14.333, 11.667, 0.704];[0, 1];
[0.444, 14.0, 10.0, 0.809];[0.475, 14.667, 8.667, 0.838];[0, 1];
[0.457, 15.0, 10.0, 0.702];[0.469, 17.667, 16.333, 0.823];[0, 1];
[0.468, 15.333, 7.0, 0.735];[0.403, 13.667, 11.0, 0.605];[1, 0];
[0.436, 16.0, 14.333, 0.772];[0.524, 14.667, 6.333, 0.747];[1, 0];
[0.442, 13.0, 5.667, 0.863];[0.468, 13.667, 5.333, 0.819];[1, 0];
[0.452, 13.333, 9.0, 0.772];[0.475, 13.0, 10.667, 0.756];[1, 0];
[0.419, 15.333, 10.333, 0.758];[0.514, 15.333, 6.0, 0.711];[1, 0];
[0.487, 12.0, 9.667, 0.748];[0.442, 8.667, 6.0, 0.787];[1, 0];
[0.437, 16.0, 8.333, 0.77];[0.46, 15.667, 13.0, 0.679];[1, 0];
[0.505, 13.667, 9.667, 0.777];[0.48, 10.333, 8.667, 0.759];[1, 0];
[0.511, 15.0, 10.333, 0.748];[0.49, 14.333, 10.667, 0.789];[0, 1];
[0.472, 10.0, 10.0, 0.697];[0.481, 19.333, 12.0, 0.763];[1, 0];
[0.453, 14.0, 8.0, 0.784];[0.483, 17.667, 7.333, 0.742];[0, 1];
[0.49, 15.0, 10.667, 0.736];[0.491, 13.667, 8.667, 0.761];[1, 0];
[0.486, 12.333, 8.0, 0.744];[0.484, 9.667, 10.0, 0.871];[1, 0];
[0.444, 12.667, 9.0, 0.856];[0.489, 11.0, 9.667, 0.817];[1, 0];
[0.498, 12.0, 11.333, 0.678];[0.452, 10.0, 11.667, 0.795];[1, 0];
[0.439, 14.0, 14.333, 0.669];[0.452, 11.333, 10.667, 0.83];[0, 1];
[0.449, 12.0, 8.333, 0.78];[0.467, 15.667, 9.333, 0.85];[0, 1];
[0.463, 18.0, 7.333, 0.873];[0.476, 15.0, 8.333, 0.656];[0, 1];
[0.485, 16.667, 7.333, 0.793];[0.498, 16.0, 9.667, 0.852];[1, 0];
[0.486, 20.333, 12.667, 0.759];[0.478, 13.667, 11.667, 0.71];[1, 0];
[0.429, 16.333, 9.0, 0.821];[0.491, 14.667, 10.667, 0.773];[0, 1];
[0.473, 14.667, 8.0, 0.771];[0.473, 15.333, 11.333, 0.685];[1, 0];
[0.446, 12.667, 9.667, 0.833];[0.504, 15.667, 9.667, 0.759];[1, 0];
[0.498, 13.333, 8.667, 0.811];[0.441, 10.333, 5.333, 0.86];[1, 0];
[0.442, 11.333, 7.0, 0.754];[0.429, 18.333, 9.667, 0.788];[1, 0];
[0.447, 19.667, 7.333, 0.775];[0.469, 11.333, 12.333, 0.755];[0, 1];
[0.506, 18.667, 9.333, 0.86];[0.422, 11.667, 12.667, 0.794];[1, 0];
[0.479, 10.0, 12.333, 0.723];[0.468, 13.0, 11.0, 0.726];[1, 0];
[0.487, 15.667, 10.333, 0.767];[0.477, 13.333, 8.0, 0.701];[1, 0];
[0.469, 17.333, 8.667, 0.858];[0.49, 17.667, 7.333, 0.76];[1, 0];
[0.506, 13.667, 9.0, 0.735];[0.395, 10.333, 9.0, 0.82];[1, 0];
[0.452, 14.667, 9.333, 0.711];[0.472, 13.667, 7.333, 0.784];[0, 1];
[0.506, 14.333, 8.667, 0.812];[0.457, 17.667, 8.333, 0.73];[0, 1];
[0.46, 11.0, 9.333, 0.755];[0.519, 11.333, 6.0, 0.855];[1, 0];
[0.449, 11.667, 10.667, 0.781];[0.434, 15.667, 10.0, 0.705];[1, 0];
[0.461, 19.333, 8.0, 0.79];[0.468, 13.667, 9.0, 0.821];[1, 0];
[0.471, 12.0, 11.0, 0.7];[0.476, 15.667, 7.667, 0.804];[0, 1];
[0.446, 15.333, 15.333, 0.868];[0.535, 13.333, 6.667, 0.691];[0, 1];
[0.445, 13.0, 7.333, 0.842];[0.465, 15.0, 3.333, 0.751];[1, 0];
[0.459, 13.0, 10.333, 0.824];[0.478, 16.0, 9.333, 0.832];[0, 1];
[0.434, 12.333, 10.333, 0.783];[0.506, 16.333, 8.0, 0.799];[0, 1];
[0.451, 14.333, 6.333, 0.739];[0.457, 11.667, 9.333, 0.73];[0, 1];
[0.474, 15.0, 10.667, 0.815];[0.443, 11.667, 13.333, 0.674];[1, 0];
[0.517, 14.0, 6.0, 0.571];[0.424, 17.667, 12.333, 0.773];[0, 1];
[0.461, 15.333, 11.0, 0.713];[0.435, 13.0, 7.333, 0.801];[1, 0];
[0.483, 17.333, 10.333, 0.756];[0.466, 15.0, 11.667, 0.704];[0, 1];
[0.457, 13.333, 7.333, 0.826];[0.53, 11.0, 6.667, 0.771];[1, 0];
[0.453, 14.333, 7.667, 0.765];[0.441, 8.0, 11.0, 0.78];[0, 1];
[0.477, 13.333, 8.333, 0.865];[0.514, 12.333, 8.333, 0.77];[0, 1];
[0.462, 10.667, 14.0, 0.728];[0.418, 17.0, 11.0, 0.866];[1, 0];
[0.438, 11.667, 8.333, 0.672];[0.465, 14.333, 8.333, 0.69];[0, 1];
[0.545, 12.0, 10.0, 0.733];[0.489, 19.0, 10.0, 0.684];[1, 0];
[0.468, 12.667, 7.667, 0.701];[0.45, 12.333, 7.667, 0.775];[1, 0];
[0.437, 13.0, 11.333, 0.817];[0.461, 9.667, 9.667, 0.706];[0, 1];
[0.443, 13.333, 10.0, 0.771];[0.47, 11.667, 9.333, 0.8];[0, 1];
[0.481, 12.667, 7.333, 0.791];[0.473, 12.333, 7.0, 0.781];[1, 0];
[0.515, 18.0, 8.333, 0.712];[0.455, 16.333, 11.333, 0.765];[1, 0];
[0.498, 10.667, 12.333, 0.712];[0.523, 15.0, 8.0, 0.708];[0, 1];
[0.407, 14.667, 9.333, 0.615];[0.453, 11.667, 7.0, 0.82];[1, 0];
[0.443, 13.333, 9.667, 0.623];[0.434, 18.667, 10.333, 0.773];[0, 1];
[0.519, 14.667, 9.333, 0.717];[0.506, 12.0, 9.333, 0.792];[1, 0];
[0.55, 19.0, 6.333, 0.872];[0.444, 17.0, 11.667, 0.687];[1, 0];
[0.451, 18.333, 7.0, 0.802];[0.445, 17.333, 10.333, 0.744];[0, 1];
[0.463, 13.333, 10.333, 0.784];[0.482, 9.333, 6.0, 0.85];[0, 1];
[0.489, 13.0, 11.333, 0.788];[0.505, 14.333, 8.333, 0.953];[1, 0];
[0.482, 12.667, 6.667, 0.72];[0.459, 13.0, 6.333, 0.719];[0, 1];
[0.484, 12.0, 15.0, 0.933];[0.41, 17.0, 8.0, 0.632];[0, 1];
[0.51, 14.333, 10.667, 0.812];[0.412, 14.0, 10.667, 0.753];[0, 1];
[0.433, 11.0, 7.667, 0.772];[0.457, 14.667, 8.333, 0.813];[1, 0];
[0.455, 14.0, 7.0, 0.836];[0.476, 11.667, 8.333, 0.879];[0, 1];
[0.503, 12.667, 6.667, 0.773];[0.424, 10.0, 11.0, 0.816];[1, 0];
[0.436, 17.0, 12.333, 0.742];[0.474, 13.667, 11.0, 0.724];[1, 0];
[0.473, 16.0, 10.0, 0.816];[0.428, 11.333, 10.333, 0.735];[0, 1];
[0.513, 14.667, 7.0, 0.869];[0.421, 15.0, 7.667, 0.768];[1, 0];
[0.464, 19.667, 11.333, 0.767];[0.404, 11.333, 10.667, 0.699];[1, 0];
[0.476, 13.667, 9.667, 0.803];[0.444, 11.667, 7.667, 0.728];[0, 1];
[0.538, 19.667, 10.333, 0.838];[0.415, 14.667, 10.0, 0.731];[1, 0];
[0.442, 12.333, 10.0, 0.877];[0.427, 13.333, 14.667, 0.87];[0, 1];
[0.447, 10.667, 10.667, 0.743];[0.491, 11.333, 12.333, 0.819];[1, 0];
[0.479, 12.333, 8.0, 0.758];[0.477, 13.667, 9.333, 0.701];[1, 0];
[0.486, 18.333, 7.333, 0.752];[0.396, 10.333, 10.667, 0.73];[0, 1];
[0.441, 10.667, 10.333, 0.672];[0.454, 13.333, 9.0, 0.835];[1, 0];
[0.478, 16.0, 10.0, 0.75];[0.489, 14.667, 8.667, 0.733];[1, 0];
[0.491, 13.0, 8.0, 0.719];[0.486, 15.333, 10.0, 0.758];[1, 0];
[0.49, 15.0, 9.667, 0.774];[0.494, 14.0, 8.667, 0.74];[0, 1];
[0.483, 13.0, 10.0, 0.777];[0.504, 16.667, 10.0, 0.677];[1, 0];
[0.409, 12.0, 12.333, 0.769];[0.447, 11.0, 10.0, 0.765];[0, 1];
[0.424, 15.667, 10.333, 0.752];[0.45, 13.333, 9.0, 0.852];[1, 0];
[0.515, 12.667, 10.667, 0.77];[0.438, 11.333, 9.333, 0.872];[0, 1];
[0.46, 13.333, 10.333, 0.822];[0.471, 15.667, 11.0, 0.832];[0, 1];
[0.45, 14.0, 10.333, 0.744];[0.444, 14.333, 10.333, 0.774];[1, 0];
[0.507, 12.333, 9.0, 0.77];[0.47, 13.0, 11.0, 0.716];[1, 0];
[0.39, 13.333, 11.667, 0.803];[0.473, 10.0, 11.0, 0.722];[0, 1];
[0.425, 13.667, 10.667, 0.812];[0.428, 19.333, 9.667, 0.74];[1, 0];
[0.498, 12.667, 6.333, 0.841];[0.476, 13.667, 6.333, 0.807];[1, 0];
[0.415, 16.667, 13.0, 0.789];[0.443, 14.333, 10.667, 0.737];[1, 0];
[0.469, 14.0, 7.333, 0.8];[0.404, 14.667, 10.333, 0.764];[1, 0];
[0.464, 14.0, 11.667, 0.844];[0.421, 10.667, 11.0, 0.857];[1, 0];
[0.45, 12.0, 8.667, 0.783];[0.43, 12.0, 10.333, 0.811];[1, 0];
[0.402, 17.667, 10.667, 0.88];[0.489, 12.0, 6.333, 0.806];[0, 1];
[0.417, 13.667, 9.0, 0.861];[0.467, 14.0, 10.667, 0.701];[1, 0];
[0.506, 22.0, 9.0, 0.867];[0.484, 9.0, 11.0, 0.765];[0, 1];
[0.471, 16.0, 7.333, 0.759];[0.393, 12.333, 11.333, 0.787];[1, 0];
[0.488, 9.667, 12.0, 0.832];[0.451, 10.0, 9.333, 0.772];[0, 1];
[0.465, 9.333, 12.667, 0.682];[0.456, 10.667, 8.667, 0.871];[1, 0];
[0.507, 9.333, 7.667, 0.835];[0.473, 10.333, 7.333, 0.643];[1, 0];
[0.511, 14.0, 5.667, 0.74];[0.448, 12.667, 11.0, 0.738];[1, 0];
[0.403, 16.0, 11.667, 0.752];[0.471, 11.333, 8.0, 0.826];[0, 1];
[0.453, 18.333, 7.0, 0.788];[0.452, 14.667, 12.0, 0.67];[0, 1];
[0.474, 13.0, 9.333, 0.812];[0.474, 8.667, 6.0, 0.775];[1, 0];
[0.424, 14.333, 12.0, 0.736];[0.527, 14.0, 8.0, 0.736];[1, 0];
[0.47, 14.0, 8.0, 0.807];[0.44, 13.667, 7.0, 0.783];[0, 1];
[0.445, 14.333, 7.0, 0.713];[0.47, 16.333, 7.333, 0.86];[1, 0];
[0.408, 12.667, 10.0, 0.71];[0.449, 12.0, 10.0, 0.751];[0, 1];
[0.35, 10.667, 9.667, 0.79];[0.448, 14.667, 8.667, 0.808];[0, 1];
[0.473, 10.667, 11.333, 0.703];[0.402, 18.333, 13.667, 0.82];[1, 0];
[0.482, 14.667, 8.667, 0.813];[0.436, 13.333, 11.667, 0.779];[1, 0];
[0.504, 11.0, 8.0, 0.874];[0.41, 14.0, 13.333, 0.894];[1, 0];
[0.418, 13.333, 15.333, 0.734];[0.498, 12.667, 10.0, 0.793];[0, 1];
[0.51, 17.0, 7.333, 0.709];[0.452, 8.333, 9.0, 0.79];[1, 0];
[0.47, 15.333, 8.0, 0.641];[0.537, 16.0, 6.333, 0.806];[0, 1];
[0.485, 12.667, 10.333, 0.685];[0.437, 15.333, 12.667, 0.779];[1, 0];
[0.504, 11.333, 8.333, 0.732];[0.417, 15.333, 12.333, 0.868];[1, 0];
[0.462, 12.0, 11.0, 0.777];[0.498, 11.667, 10.333, 0.772];[1, 0];
[0.447, 8.667, 7.0, 0.821];[0.481, 17.0, 11.0, 0.742];[0, 1];
[0.445, 11.333, 9.333, 0.711];[0.434, 19.0, 12.667, 0.681];[1, 0];
[0.473, 12.333, 11.333, 0.782];[0.448, 17.333, 12.667, 0.746];[0, 1];
[0.518, 16.0, 6.0, 0.818];[0.527, 14.0, 8.0, 0.708];[1, 0];
[0.5, 16.0, 9.333, 0.944];[0.442, 13.0, 11.0, 0.762];[1, 0];
[0.508, 15.667, 9.333, 0.754];[0.526, 10.333, 8.333, 0.552];[0, 1];
[0.448, 11.667, 6.333, 0.827];[0.399, 12.0, 10.333, 0.663];[0, 1];
[0.477, 14.667, 11.0, 0.669];[0.469, 17.667, 7.667, 0.787];[1, 0];
[0.441, 15.667, 14.333, 0.76];[0.46, 10.333, 9.667, 0.902];[1, 0];
[0.492, 16.0, 8.333, 0.749];[0.486, 17.0, 10.667, 0.695];[1, 0];
[0.436, 14.333, 9.667, 0.694];[0.41, 17.0, 8.0, 0.632];[1, 0];
[0.451, 13.333, 10.333, 0.807];[0.465, 20.333, 8.667, 0.736];[1, 0];
[0.475, 16.333, 9.0, 0.806];[0.481, 14.333, 8.667, 0.834];[1, 0];
[0.513, 11.667, 5.0, 0.737];[0.502, 10.333, 8.0, 0.823];[1, 0];
[0.447, 13.667, 14.333, 0.755];[0.441, 16.667, 11.667, 0.696];[0, 1];
[0.468, 12.0, 9.0, 0.683];[0.433, 11.333, 10.333, 0.63];[1, 0];
[0.436, 14.667, 10.0, 0.763];[0.476, 13.0, 10.333, 0.742];[0, 1];
[0.458, 14.333, 10.0, 0.8];[0.448, 13.333, 10.667, 0.721];[1, 0];
[0.473, 17.333, 10.0, 0.769];[0.438, 17.0, 12.333, 0.752];[1, 0];
[0.444, 15.667, 10.667, 0.829];[0.428, 14.667, 10.333, 0.758];[0, 1];
[0.515, 12.667, 8.0, 0.795];[0.485, 10.333, 9.667, 0.817];[1, 0];
[0.457, 12.0, 4.0, 0.781];[0.487, 12.667, 6.0, 0.804];[0, 1];
[0.474, 10.333, 10.667, 0.847];[0.495, 12.333, 8.667, 0.839];[0, 1];
[0.478, 14.0, 10.667, 0.661];[0.461, 15.333, 11.333, 0.753];[1, 0];
[0.444, 12.333, 5.333, 0.757];[0.477, 13.667, 9.0, 0.688];[0, 1];
[0.508, 13.667, 7.667, 0.8];[0.463, 14.0, 12.333, 0.658];[1, 0];
[0.481, 19.0, 7.0, 0.824];[0.378, 19.0, 8.0, 0.778];[0, 1];
[0.462, 13.333, 7.667, 0.785];[0.404, 13.667, 6.333, 0.668];[0, 1];
[0.459, 17.0, 16.0, 0.636];[0.511, 18.0, 10.0, 0.8];[1, 0];
[0.426, 9.667, 11.0, 0.763];[0.454, 8.667, 11.0, 0.743];[0, 1];
[0.479, 10.667, 9.333, 0.771];[0.487, 14.667, 9.333, 0.774];[0, 1];
[0.517, 14.0, 5.333, 0.718];[0.437, 17.333, 14.333, 0.688];[1, 0];
[0.436, 13.667, 12.333, 0.68];[0.464, 12.333, 8.667, 0.786];[0, 1];
[0.498, 17.667, 9.0, 0.736];[0.475, 15.667, 9.0, 0.818];[1, 0];
[0.518, 14.667, 8.333, 0.816];[0.444, 8.0, 8.333, 0.81];[1, 0];
[0.409, 15.0, 8.0, 0.829];[0.451, 14.667, 7.0, 0.824];[0, 1];
[0.439, 15.0, 6.667, 0.847];[0.504, 14.333, 7.333, 0.77];[1, 0];
[0.444, 14.0, 10.667, 0.804];[0.447, 10.667, 12.667, 0.785];[0, 1];
[0.445, 16.0, 7.333, 0.766];[0.444, 16.333, 8.667, 0.722];[1, 0];
[0.519, 16.667, 7.667, 0.77];[0.451, 18.667, 11.333, 0.704];[1, 0];
[0.437, 9.667, 11.0, 0.824];[0.491, 12.0, 10.0, 0.707];[1, 0];
[0.467, 13.333, 9.0, 0.826];[0.484, 13.333, 14.333, 0.795];[0, 1];
[0.422, 12.333, 10.0, 0.816];[0.437, 12.667, 8.0, 0.71];[0, 1];
[0.446, 11.667, 10.667, 0.8];[0.425, 12.0, 6.0, 0.675];[1, 0];
[0.475, 11.667, 10.0, 0.683];[0.465, 14.667, 7.333, 0.8];[1, 0];
[0.482, 14.667, 10.667, 0.813];[0.485, 12.0, 12.333, 0.758];[0, 1];
[0.447, 14.0, 10.0, 0.772];[0.466, 14.333, 9.333, 0.748];[1, 0];
[0.441, 11.333, 11.667, 0.685];[0.423, 13.333, 12.0, 0.773];[1, 0];
[0.454, 13.667, 10.333, 0.837];[0.457, 15.0, 10.333, 0.754];[0, 1];
[0.499, 9.333, 6.667, 0.756];[0.451, 14.667, 11.333, 0.824];[1, 0];
[0.456, 15.333, 14.333, 0.789];[0.458, 13.333, 9.333, 0.807];[0, 1];
[0.462, 8.667, 12.0, 0.815];[0.495, 16.333, 10.333, 0.758];[1, 0];
[0.488, 16.333, 12.0, 0.767];[0.424, 13.667, 12.667, 0.669];[1, 0];
[0.495, 12.667, 10.667, 0.722];[0.466, 10.333, 11.333, 0.838];[1, 0];
[0.47, 14.333, 10.667, 0.778];[0.449, 15.0, 15.0, 0.695];[1, 0];
[0.44, 15.0, 14.333, 0.697];[0.472, 11.667, 10.333, 0.847];[1, 0];
[0.51, 14.333, 6.333, 0.657];[0.561, 14.667, 6.0, 0.743];[1, 0];
[0.444, 13.667, 9.0, 0.826];[0.504, 14.667, 10.333, 0.763];[1, 0];
[0.452, 11.333, 6.667, 0.724];[0.444, 13.333, 8.667, 0.799];[0, 1];
[0.474, 13.0, 10.0, 0.814];[0.448, 15.333, 7.667, 0.804];[1, 0];
[0.464, 16.0, 7.333, 0.652];[0.456, 11.333, 7.0, 0.667];[1, 0];
[0.461, 12.0, 10.667, 0.852];[0.438, 14.333, 12.667, 0.8];[1, 0];
[0.463, 17.0, 11.333, 0.798];[0.46, 17.333, 11.667, 0.793];[1, 0];
[0.473, 18.333, 11.0, 0.846];[0.453, 15.0, 12.333, 0.736];[1, 0];
[0.489, 13.667, 7.333, 0.749];[0.519, 12.0, 9.0, 0.829];[1, 0];
[0.459, 13.333, 7.333, 0.848];[0.428, 12.0, 11.333, 0.767];[0, 1];
[0.485, 20.0, 11.0, 0.816];[0.454, 16.0, 12.333, 0.738];[1, 0];
[0.456, 15.333, 7.0, 0.721];[0.491, 14.0, 9.0, 0.78];[0, 1];
[0.45, 8.333, 9.333, 0.781];[0.447, 13.0, 8.0, 0.727];[0, 1];
[0.439, 16.667, 9.333, 0.802];[0.468, 10.667, 7.667, 0.771];[1, 0];
[0.448, 9.667, 11.0, 0.821];[0.485, 15.0, 11.0, 0.863];[1, 0];
[0.49, 12.667, 10.333, 0.855];[0.418, 15.0, 9.667, 0.807];[0, 1];
[0.484, 13.0, 5.667, 0.803];[0.446, 8.667, 9.667, 0.796];[1, 0];
[0.47, 12.333, 14.667, 0.749];[0.426, 15.333, 9.333, 0.741];[1, 0];
[0.479, 9.333, 8.0, 0.773];[0.492, 11.667, 13.0, 0.827];[0, 1];
[0.474, 17.0, 8.667, 0.756];[0.392, 11.667, 11.667, 0.844];[0, 1];
[0.45, 17.667, 7.0, 0.672];[0.475, 10.667, 11.667, 0.806];[1, 0];
[0.456, 13.333, 6.333, 0.832];[0.411, 13.333, 13.667, 0.796];[0, 1];
[0.45, 13.667, 11.667, 0.78];[0.453, 16.667, 9.333, 0.872];[0, 1];
[0.452, 17.0, 9.0, 0.785];[0.52, 11.333, 6.0, 0.673];[1, 0];
[0.436, 13.333, 10.333, 0.665];[0.41, 11.667, 10.333, 0.735];[0, 1];
[0.471, 12.333, 9.667, 0.721];[0.506, 12.333, 10.0, 0.758];[1, 0];
[0.449, 14.333, 8.667, 0.672];[0.484, 19.333, 9.0, 0.663];[0, 1];
[0.471, 11.0, 10.0, 0.805];[0.447, 11.667, 11.667, 0.85];[0, 1];
[0.457, 12.0, 8.0, 0.775];[0.455, 14.667, 7.333, 0.878];[0, 1];
[0.443, 15.0, 13.333, 0.829];[0.448, 13.0, 7.667, 0.734];[1, 0];
[0.476, 12.333, 6.667, 0.802];[0.382, 10.333, 10.667, 0.848];[0, 1];
[0.433, 12.0, 10.333, 0.79];[0.467, 13.667, 8.667, 0.738];[0, 1];
[0.484, 12.667, 11.333, 0.78];[0.503, 11.333, 9.667, 0.792];[1, 0];
[0.42, 10.667, 10.0, 0.826];[0.422, 14.667, 10.0, 0.829];[1, 0];
[0.423, 13.0, 6.333, 0.697];[0.508, 13.333, 8.667, 0.857];[1, 0];
[0.462, 12.0, 10.0, 0.814];[0.503, 14.0, 10.667, 0.752];[1, 0];
[0.439, 11.333, 12.333, 0.701];[0.476, 7.333, 9.667, 0.803];[0, 1];
[0.481, 14.0, 8.667, 0.664];[0.467, 10.667, 7.667, 0.836];[0, 1];
[0.488, 15.333, 11.0, 0.854];[0.451, 14.667, 11.667, 0.684];[1, 0];
[0.448, 13.0, 7.667, 0.779];[0.447, 15.667, 7.0, 0.73];[0, 1];
[0.467, 15.0, 9.667, 0.757];[0.491, 13.667, 10.333, 0.715];[0, 1];
[0.462, 17.333, 8.667, 0.721];[0.475, 17.667, 9.667, 0.857];[0, 1];
[0.464, 12.667, 6.333, 0.762];[0.427, 12.0, 7.667, 0.736];[0, 1];
[0.525, 9.667, 7.333, 0.749];[0.496, 14.667, 11.333, 0.743];[1, 0];
[0.513, 15.667, 7.333, 0.686];[0.445, 13.0, 9.667, 0.709];[1, 0];
[0.459, 10.333, 10.333, 0.736];[0.459, 11.667, 11.0, 0.792];[0, 1];
[0.501, 14.0, 8.667, 0.702];[0.437, 11.333, 14.333, 0.604];[0, 1];
[0.499, 10.667, 8.333, 0.816];[0.479, 15.667, 10.0, 0.875];[0, 1];
[0.498, 14.333, 10.0, 0.689];[0.443, 18.333, 11.667, 0.761];[1, 0];
[0.446, 14.333, 9.0, 0.746];[0.428, 16.0, 12.667, 0.794];[1, 0];
[0.485, 14.333, 9.0, 0.777];[0.44, 15.667, 6.667, 0.787];[0, 1];
[0.423, 15.333, 8.333, 0.698];[0.463, 12.667, 8.333, 0.887];[0, 1];
[0.555, 17.667, 7.0, 0.732];[0.496, 15.0, 9.0, 0.921];[0, 1];
[0.416, 12.0, 14.0, 0.827];[0.447, 10.333, 8.0, 0.845];[0, 1];
[0.49, 15.333, 14.667, 0.786];[0.459, 15.0, 13.333, 0.803];[1, 0];
[0.447, 14.667, 7.0, 0.761];[0.447, 14.0, 8.333, 0.776];[1, 0];
[0.454, 14.667, 13.333, 0.827];[0.483, 14.333, 10.333, 0.799];[1, 0];
[0.478, 14.667, 8.667, 0.881];[0.431, 10.667, 12.667, 0.799];[0, 1];
[0.46, 11.333, 13.0, 0.675];[0.491, 15.667, 10.667, 0.739];[1, 0];
[0.475, 12.0, 4.667, 0.658];[0.51, 14.333, 9.0, 0.699];[1, 0];
[0.444, 16.0, 9.0, 0.741];[0.387, 15.333, 12.333, 0.726];[1, 0];
[0.436, 13.0, 15.0, 0.811];[0.378, 19.0, 8.0, 0.778];[1, 0];
[0.408, 17.0, 10.667, 0.808];[0.482, 14.667, 8.333, 0.792];[0, 1];
[0.504, 10.667, 6.667, 0.764];[0.455, 13.0, 11.667, 0.81];[0, 1];
[0.51, 17.667, 9.667, 0.829];[0.387, 14.667, 14.0, 0.784];[1, 0];
[0.451, 17.0, 11.0, 0.81];[0.452, 13.0, 8.667, 0.688];[0, 1];
[0.463, 14.0, 8.0, 0.833];[0.484, 9.0, 11.0, 0.765];[1, 0];
[0.454, 12.667, 9.0, 0.746];[0.475, 12.667, 12.667, 0.634];[1, 0];
[0.477, 13.667, 6.333, 0.749];[0.431, 16.333, 9.667, 0.855];[1, 0];
[0.498, 14.667, 6.333, 0.806];[0.448, 13.667, 10.0, 0.616];[0, 1];
[0.495, 10.333, 5.333, 0.788];[0.498, 12.667, 13.667, 0.766];[0, 1];
[0.48, 11.667, 8.333, 0.687];[0.498, 12.333, 8.333, 0.633];[1, 0];
[0.509, 14.333, 12.667, 0.735];[0.442, 17.0, 13.333, 0.83];[1, 0];
[0.483, 14.333, 7.0, 0.724];[0.473, 11.667, 8.333, 0.822];[1, 0];
[0.438, 11.0, 13.0, 0.881];[0.439, 13.333, 14.667, 0.76];[1, 0];
[0.453, 14.333, 12.0, 0.668];[0.456, 18.667, 11.0, 0.771];[0, 1];
[0.434, 10.0, 9.0, 0.785];[0.483, 13.0, 11.0, 0.829];[1, 0];
[0.452, 11.0, 10.0, 0.808];[0.469, 11.333, 8.667, 0.85];[1, 0];
[0.504, 14.0, 6.333, 0.737];[0.447, 15.667, 8.0, 0.756];[0, 1];
[0.471, 9.333, 7.333, 0.796];[0.499, 13.333, 8.667, 0.679];[1, 0];
[0.428, 12.0, 6.333, 0.743];[0.456, 10.0, 10.333, 0.746];[1, 0];
[0.407, 11.667, 10.0, 0.759];[0.387, 15.667, 14.333, 0.677];[1, 0];
[0.454, 12.667, 11.667, 0.72];[0.476, 12.0, 8.667, 0.778];[1, 0];
[0.474, 9.333, 11.333, 0.746];[0.518, 12.667, 8.0, 0.836];[1, 0];
[0.402, 11.333, 10.333, 0.812];[0.483, 13.667, 10.0, 0.808];[0, 1];
[0.442, 13.0, 8.0, 0.672];[0.48, 8.667, 6.333, 0.791];[0, 1];
[0.415, 16.667, 9.0, 0.796];[0.529, 13.0, 10.0, 0.809];[0, 1];
[0.403, 10.667, 9.667, 0.691];[0.493, 17.0, 11.0, 0.781];[0, 1];
[0.495, 14.667, 10.333, 0.777];[0.475, 20.0, 13.0, 0.799];[1, 0];
[0.487, 16.0, 6.0, 0.85];[0.447, 13.0, 9.667, 0.849];[1, 0];
[0.463, 12.333, 9.333, 0.776];[0.477, 14.667, 11.667, 0.735];[0, 1];
[0.435, 15.667, 8.667, 0.711];[0.406, 16.0, 13.667, 0.763];[1, 0];
[0.441, 14.667, 9.0, 0.777];[0.446, 11.667, 9.0, 0.749];[0, 1];
[0.458, 14.333, 9.333, 0.745];[0.449, 13.0, 8.333, 0.769];[1, 0];
[0.434, 14.667, 9.333, 0.783];[0.431, 15.0, 10.667, 0.815];[0, 1];
[0.494, 13.667, 7.667, 0.817];[0.435, 9.667, 7.333, 0.717];[0, 1];
[0.473, 12.667, 7.667, 0.819];[0.384, 16.0, 13.667, 0.675];[1, 0];
[0.419, 12.333, 10.333, 0.746];[0.466, 13.667, 11.333, 0.706];[1, 0];
[0.399, 10.667, 7.0, 0.754];[0.515, 14.333, 4.333, 0.684];[1, 0];
[0.492, 16.333, 8.333, 0.827];[0.465, 12.333, 8.0, 0.715];[0, 1];
[0.469, 13.667, 9.667, 0.897];[0.506, 12.0, 9.667, 0.683];[1, 0];
[0.527, 13.0, 6.333, 0.791];[0.456, 14.333, 12.333, 0.838];[1, 0];
[0.439, 12.667, 13.667, 0.767];[0.44, 14.667, 11.0, 0.687];[0, 1];
[0.488, 11.0, 7.0, 0.817];[0.468, 14.0, 10.667, 0.822];[0, 1];
[0.464, 13.667, 9.333, 0.864];[0.413, 13.667, 9.667, 0.743];[1, 0];
[0.532, 14.0, 9.0, 0.683];[0.464, 16.667, 7.667, 0.644];[0, 1];
[0.462, 10.333, 6.667, 0.772];[0.37, 15.0, 12.0, 0.757];[1, 0];
[0.464, 16.333, 9.333, 0.741];[0.441, 14.667, 9.667, 0.661];[1, 0];
[0.474, 10.333, 9.667, 0.686];[0.5, 14.0, 7.667, 0.776];[1, 0];
[0.449, 12.667, 11.667, 0.755];[0.47, 13.667, 8.667, 0.67];[0, 1];
[0.505, 15.333, 10.0, 0.772];[0.461, 15.333, 8.667, 0.751];[1, 0];
[0.493, 11.667, 8.0, 0.736];[0.527, 15.667, 6.333, 0.813];[1, 0];
[0.48, 16.0, 9.667, 0.845];[0.46, 12.333, 10.333, 0.656];[0, 1];
[0.471, 13.667, 9.667, 0.814];[0.432, 13.667, 9.0, 0.798];[1, 0];
[0.494, 16.667, 5.333, 0.728];[0.459, 15.0, 9.667, 0.852];[1, 0];
[0.47, 11.333, 10.667, 0.824];[0.434, 12.667, 12.0, 0.744];[1, 0];
[0.489, 13.0, 7.333, 0.664];[0.434, 16.0, 16.0, 0.671];[0, 1];
[0.494, 19.0, 10.0, 0.75];[0.409, 11.0, 14.0, 0.625];[1, 0];
[0.483, 11.667, 10.0, 0.695];[0.428, 14.0, 11.667, 0.835];[1, 0];
[0.454, 16.333, 9.333, 0.664];[0.512, 15.333, 6.333, 0.838];[0, 1];
[0.439, 11.667, 10.0, 0.822];[0.503, 14.333, 10.0, 0.846];[1, 0];
[0.484, 11.0, 9.667, 0.79];[0.494, 13.667, 9.0, 0.757];[1, 0];
[0.427, 13.333, 10.0, 0.835];[0.482, 14.333, 10.667, 0.748];[1, 0];
[0.425, 12.0, 10.333, 0.772];[0.492, 13.333, 7.667, 0.875];[1, 0];
[0.437, 12.667, 10.0, 0.819];[0.468, 14.333, 8.0, 0.839];[0, 1];
[0.43, 21.0, 12.0, 0.8];[0.494, 19.0, 10.0, 0.75];[0, 1];
[0.443, 14.333, 11.667, 0.722];[0.486, 12.333, 15.0, 0.764];[0, 1];
[0.499, 12.667, 9.333, 0.786];[0.484, 15.0, 9.333, 0.788];[1, 0];
[0.479, 11.667, 7.667, 0.732];[0.539, 13.333, 9.0, 0.793];[0, 1];
[0.405, 13.667, 9.333, 0.816];[0.423, 12.667, 10.333, 0.78];[1, 0];
[0.453, 11.333, 8.667, 0.755];[0.469, 15.333, 10.0, 0.796];[0, 1];
[0.434, 14.0, 8.667, 0.775];[0.478, 14.333, 12.667, 0.777];[0, 1];
[0.487, 12.0, 9.333, 0.759];[0.471, 14.333, 8.333, 0.733];[1, 0];
[0.467, 12.0, 9.667, 0.826];[0.522, 14.0, 8.667, 0.75];[0, 1];
[0.436, 17.333, 10.0, 0.778];[0.476, 15.0, 8.0, 0.769];[1, 0];
[0.419, 11.0, 8.667, 0.773];[0.494, 9.333, 13.667, 0.783];[0, 1];
[0.435, 12.0, 12.333, 0.741];[0.41, 15.0, 8.0, 0.857];[1, 0];
[0.439, 15.0, 5.667, 0.684];[0.424, 14.667, 11.667, 0.903];[0, 1];
[0.435, 10.667, 5.667, 0.735];[0.504, 13.0, 8.667, 0.81];[0, 1];
[0.522, 13.0, 7.0, 0.863];[0.5, 13.0, 12.667, 0.763];[0, 1];
[0.43, 15.0, 8.667, 0.764];[0.392, 14.0, 13.667, 0.813];[0, 1];
[0.455, 12.333, 8.0, 0.755];[0.501, 14.333, 8.333, 0.838];[0, 1];
[0.454, 18.333, 8.667, 0.789];[0.429, 12.333, 11.667, 0.707];[1, 0];
[0.471, 12.667, 10.0, 0.783];[0.391, 14.333, 10.0, 0.774];[1, 0];
[0.501, 11.0, 7.333, 0.819];[0.467, 11.0, 12.0, 0.571];[1, 0];
[0.461, 14.0, 7.0, 0.662];[0.394, 13.333, 9.333, 0.651];[1, 0];
[0.481, 13.333, 9.0, 0.7];[0.549, 16.667, 8.667, 0.777];[1, 0];
[0.497, 15.0, 8.0, 0.62];[0.43, 15.333, 11.333, 0.906];[0, 1];
[0.477, 13.333, 10.667, 0.804];[0.431, 13.667, 9.333, 0.802];[1, 0];
[0.455, 14.667, 8.667, 0.754];[0.497, 13.0, 7.0, 0.797];[0, 1];
[0.449, 15.333, 10.667, 0.772];[0.471, 13.667, 7.333, 0.766];[1, 0];
[0.466, 12.0, 6.333, 0.776];[0.5, 11.0, 11.667, 0.8];[0, 1];
[0.495, 12.667, 9.0, 0.74];[0.454, 11.0, 9.333, 0.737];[1, 0];
[0.441, 17.667, 11.667, 0.708];[0.534, 15.0, 8.667, 0.821];[1, 0];
[0.46, 14.333, 6.0, 0.744];[0.419, 13.333, 12.333, 0.693];[0, 1];
[0.516, 15.0, 6.667, 0.721];[0.448, 10.667, 7.333, 0.752];[0, 1];
[0.428, 14.0, 11.0, 0.765];[0.422, 12.667, 11.333, 0.748];[1, 0];
[0.494, 10.333, 8.333, 0.826];[0.431, 11.667, 12.333, 0.789];[0, 1];
[0.446, 14.333, 9.667, 0.686];[0.479, 11.333, 8.667, 0.906];[0, 1];
[0.457, 15.667, 9.333, 0.775];[0.434, 18.333, 10.0, 0.819];[1, 0];
[0.477, 12.667, 11.667, 0.708];[0.468, 16.333, 7.0, 0.867];[0, 1];
[0.461, 14.667, 11.667, 0.789];[0.477, 12.333, 11.667, 0.769];[0, 1];
[0.476, 12.333, 11.0, 0.733];[0.476, 14.667, 12.0, 0.719];[0, 1];
[0.44, 10.667, 10.333, 0.661];[0.441, 13.333, 12.0, 0.782];[0, 1];
[0.454, 11.333, 7.333, 0.847];[0.401, 15.0, 7.333, 0.654];[0, 1];
[0.526, 16.333, 9.333, 0.711];[0.467, 15.0, 8.333, 0.849];[0, 1];
[0.51, 15.333, 5.667, 0.701];[0.475, 10.0, 10.0, 0.839];[1, 0];
[0.46, 9.0, 9.0, 0.79];[0.473, 14.667, 11.667, 0.797];[1, 0];
[0.428, 11.667, 11.0, 0.726];[0.439, 11.0, 6.0, 0.728];[1, 0];
[0.47, 13.0, 13.333, 0.642];[0.541, 7.667, 6.0, 0.676];[0, 1];
[0.449, 16.667, 11.667, 0.781];[0.456, 15.0, 10.333, 0.679];[1, 0];
[0.503, 12.667, 8.0, 0.67];[0.428, 15.333, 10.0, 0.793];[1, 0];
[0.469, 15.333, 7.667, 0.794];[0.46, 16.0, 10.333, 0.808];[1, 0];
[0.435, 16.0, 18.0, 0.6];[0.444, 15.0, 10.0, 0.808];[0, 1];
[0.394, 13.333, 9.667, 0.75];[0.406, 12.0, 11.333, 0.618];[1, 0];
[0.396, 14.667, 10.667, 0.579];[0.469, 12.333, 9.333, 0.754];[1, 0];
[0.461, 15.667, 11.333, 0.777];[0.476, 18.667, 8.0, 0.808];[0, 1];
[0.485, 14.333, 6.333, 0.825];[0.453, 17.667, 8.667, 0.807];[1, 0];
[0.464, 13.0, 7.333, 0.746];[0.434, 14.0, 6.667, 0.667];[1, 0];
[0.472, 15.667, 4.667, 0.745];[0.48, 14.333, 9.333, 0.735];[1, 0];
[0.439, 15.333, 11.0, 0.642];[0.52, 16.0, 7.0, 0.814];[0, 1];
[0.505, 15.333, 12.667, 0.802];[0.473, 15.333, 8.667, 0.823];[0, 1];
[0.453, 10.667, 7.667, 0.79];[0.453, 11.0, 7.667, 0.756];[1, 0];
[0.507, 15.333, 8.667, 0.725];[0.464, 13.667, 6.333, 0.833];[1, 0];
[0.451, 16.667, 8.333, 0.877];[0.506, 11.333, 8.667, 0.758];[1, 0];
[0.441, 16.333, 10.667, 0.73];[0.484, 14.333, 4.667, 0.726];[0, 1];
[0.418, 13.333, 13.0, 0.79];[0.451, 12.0, 9.667, 0.673];[0, 1];
[0.545, 12.0, 10.0, 0.733];[0.489, 19.0, 10.0, 0.684];[0, 1];
[0.479, 15.333, 11.667, 0.788];[0.437, 14.0, 10.333, 0.813];[1, 0];
[0.496, 12.667, 13.667, 0.748];[0.456, 10.0, 9.667, 0.805];[0, 1];
[0.465, 12.0, 13.0, 0.776];[0.494, 12.667, 5.333, 0.699];[1, 0];
[0.445, 13.667, 10.333, 0.792];[0.464, 16.667, 8.0, 0.827];[0, 1];
[0.488, 16.0, 7.0, 0.694];[0.464, 17.667, 9.667, 0.795];[1, 0];
[0.489, 14.667, 8.333, 0.73];[0.47, 13.0, 7.667, 0.769];[0, 1];
[0.393, 13.667, 12.667, 0.761];[0.436, 9.667, 9.667, 0.818];[1, 0];
[0.456, 11.667, 12.333, 0.862];[0.508, 12.333, 8.333, 0.737];[0, 1];
[0.432, 14.333, 8.333, 0.81];[0.452, 12.333, 15.0, 0.72];[1, 0];
[0.43, 16.0, 12.333, 0.744];[0.445, 9.667, 9.0, 0.657];[0, 1];
[0.467, 11.333, 4.333, 0.824];[0.409, 15.0, 11.333, 0.819];[1, 0];
[0.459, 12.0, 7.0, 0.699];[0.424, 14.333, 11.333, 0.783];[0, 1];
[0.484, 13.333, 9.667, 0.785];[0.429, 14.667, 13.333, 0.774];[0, 1];
[0.451, 14.667, 6.0, 0.78];[0.473, 14.0, 7.667, 0.771];[1, 0];
[0.489, 14.333, 6.667, 0.752];[0.453, 12.667, 8.0, 0.696];[0, 1];
[0.54, 13.667, 7.333, 0.813];[0.461, 13.333, 8.333, 0.796];[0, 1];
[0.391, 13.0, 10.333, 0.77];[0.484, 13.333, 14.0, 0.782];[1, 0];
[0.434, 14.0, 10.0, 0.737];[0.424, 11.333, 13.0, 0.733];[0, 1];
[0.469, 11.333, 7.0, 0.87];[0.466, 9.667, 9.667, 0.647];[1, 0];
[0.464, 13.667, 10.0, 0.731];[0.496, 12.333, 10.0, 0.857];[1, 0];
[0.455, 12.667, 11.333, 0.753];[0.401, 13.333, 15.333, 0.759];[0, 1];
[0.414, 11.0, 8.333, 0.731];[0.395, 16.0, 11.0, 0.78];[0, 1];
[0.446, 12.667, 10.333, 0.753];[0.454, 16.333, 4.667, 0.775];[1, 0];
[0.456, 11.0, 10.333, 0.69];[0.453, 12.0, 9.667, 0.844];[1, 0];
[0.431, 14.333, 14.667, 0.724];[0.449, 15.333, 10.333, 0.794];[1, 0];
[0.464, 16.667, 8.333, 0.837];[0.402, 15.333, 10.333, 0.758];[1, 0];
[0.392, 9.667, 11.333, 0.808];[0.45, 13.0, 8.0, 0.82];[0, 1];
[0.465, 15.0, 9.667, 0.688];[0.482, 14.333, 10.0, 0.793];[1, 0];
[0.398, 13.333, 10.333, 0.66];[0.487, 15.333, 9.667, 0.708];[1, 0];
[0.448, 10.333, 8.333, 0.731];[0.448, 11.0, 11.333, 0.715];[1, 0];
[0.509, 10.0, 7.667, 0.767];[0.446, 14.333, 9.0, 0.761];[0, 1];
[0.475, 11.667, 12.0, 0.817];[0.474, 12.333, 3.667, 0.844];[1, 0];
[0.454, 14.333, 9.0, 0.777];[0.434, 13.333, 8.333, 0.783];[0, 1];
[0.467, 15.333, 8.0, 0.652];[0.486, 16.667, 8.0, 0.688];[1, 0];
[0.471, 14.667, 6.667, 0.726];[0.517, 15.0, 7.333, 0.709];[0, 1];
[0.428, 17.0, 8.0, 0.758];[0.461, 13.667, 10.667, 0.795];[0, 1];
[0.452, 11.333, 9.667, 0.746];[0.45, 10.667, 10.667, 0.749];[1, 0];
[0.484, 13.0, 9.333, 0.794];[0.438, 11.0, 9.333, 0.7];[1, 0];
[0.432, 14.0, 7.0, 0.828];[0.431, 12.333, 11.667, 0.732];[1, 0];
[0.487, 15.333, 10.667, 0.879];[0.377, 11.667, 10.667, 0.689];[1, 0];
[0.488, 10.667, 10.333, 0.751];[0.428, 13.667, 11.333, 0.697];[0, 1];
[0.436, 15.667, 13.0, 0.884];[0.409, 11.667, 11.0, 0.767];[1, 0];
[0.517, 14.0, 6.0, 0.571];[0.5, 18.0, 15.0, 0.714];[0, 1];
[0.454, 14.667, 13.0, 0.682];[0.453, 15.0, 11.667, 0.819];[1, 0];
[0.475, 14.0, 8.333, 0.766];[0.449, 16.333, 9.333, 0.79];[0, 1];
[0.424, 10.333, 12.333, 0.738];[0.469, 14.0, 9.0, 0.82];[0, 1];
[0.424, 15.0, 10.333, 0.741];[0.505, 17.333, 7.667, 0.823];[1, 0];
[0.494, 12.0, 8.333, 0.715];[0.485, 12.0, 6.0, 0.817];[0, 1];
[0.484, 11.0, 12.667, 0.753];[0.395, 14.667, 9.667, 0.758];[0, 1];
[0.489, 13.667, 8.0, 0.715];[0.441, 14.667, 6.0, 0.666];[1, 0];
[0.399, 15.0, 10.667, 0.815];[0.439, 12.667, 8.0, 0.742];[1, 0];
[0.414, 16.667, 9.333, 0.838];[0.489, 17.0, 11.333, 0.843];[1, 0];
[0.553, 14.333, 12.0, 0.817];[0.405, 10.0, 10.333, 0.69];[1, 0];
[0.458, 17.667, 12.333, 0.789];[0.5, 19.333, 7.333, 0.737];[1, 0];
[0.479, 9.667, 9.667, 0.758];[0.487, 10.667, 12.0, 0.731];[0, 1];
[0.44, 11.667, 10.0, 0.759];[0.426, 11.667, 11.333, 0.717];[1, 0];
[0.526, 12.333, 7.0, 0.808];[0.486, 15.667, 12.0, 0.855];[1, 0];
[0.521, 19.0, 13.0, 0.842];[0.465, 15.667, 8.333, 0.802];[1, 0];
[0.457, 11.0, 8.0, 0.777];[0.43, 11.333, 8.667, 0.643];[1, 0];
[0.486, 15.0, 7.0, 0.822];[0.376, 14.333, 9.0, 0.745];[0, 1];
[0.51, 16.0, 9.667, 0.763];[0.456, 16.0, 10.0, 0.767];[1, 0];
[0.442, 14.0, 8.667, 0.722];[0.506, 17.333, 6.333, 0.697];[0, 1];
[0.486, 10.667, 8.667, 0.865];[0.496, 12.0, 6.667, 0.795];[0, 1];
[0.428, 16.0, 10.0, 0.806];[0.451, 14.333, 10.0, 0.859];[1, 0];
[0.48, 10.0, 10.667, 0.773];[0.493, 15.0, 10.0, 0.789];[1, 0];
[0.492, 15.0, 7.0, 0.763];[0.463, 12.667, 8.667, 0.747];[1, 0];
[0.447, 11.0, 8.667, 0.844];[0.495, 12.0, 7.333, 0.822];[1, 0];
[0.424, 12.667, 12.0, 0.715];[0.439, 14.667, 9.667, 0.661];[0, 1];
[0.426, 13.0, 9.667, 0.708];[0.442, 19.333, 11.667, 0.809];[1, 0];
[0.491, 14.0, 9.0, 0.857];[0.449, 15.0, 13.0, 0.806];[0, 1];
[0.452, 11.333, 11.333, 0.742];[0.425, 13.333, 11.667, 0.759];[1, 0];
[0.413, 16.333, 8.667, 0.839];[0.475, 18.667, 13.333, 0.708];[0, 1];
[0.464, 14.333, 9.0, 0.668];[0.466, 14.333, 7.667, 0.84];[0, 1];
[0.424, 14.0, 7.333, 0.808];[0.432, 10.667, 8.667, 0.656];[1, 0];
[0.485, 16.0, 10.333, 0.763];[0.407, 10.667, 9.333, 0.693];[1, 0];
[0.446, 12.667, 12.0, 0.698];[0.456, 14.333, 10.0, 0.74];[1, 0];
[0.448, 12.667, 13.0, 0.829];[0.47, 15.333, 9.333, 0.774];[1, 0];
[0.519, 14.0, 8.667, 0.821];[0.5, 14.667, 9.0, 0.752];[1, 0];
[0.448, 14.0, 8.667, 0.828];[0.463, 15.0, 11.667, 0.769];[1, 0];
[0.44, 11.333, 10.333, 0.826];[0.438, 13.667, 8.667, 0.782];[1, 0];
[0.472, 10.333, 9.667, 0.785];[0.45, 14.0, 10.0, 0.814];[0, 1];
[0.492, 13.667, 6.333, 0.754];[0.436, 15.0, 10.0, 0.767];[1, 0];
[0.496, 9.667, 8.0, 0.694];[0.422, 11.667, 12.667, 0.783];[1, 0];
[0.463, 14.0, 11.667, 0.791];[0.397, 14.333, 8.0, 0.688];[1, 0];
[0.438, 20.667, 9.667, 0.743];[0.469, 17.667, 11.333, 0.81];[0, 1];
[0.437, 11.0, 9.333, 0.792];[0.494, 13.333, 11.0, 0.756];[0, 1];
[0.491, 13.333, 9.333, 0.738];[0.443, 14.0, 10.0, 0.694];[1, 0];
[0.522, 13.667, 8.333, 0.69];[0.475, 12.0, 9.667, 0.78];[1, 0];
[0.444, 16.333, 9.333, 0.766];[0.459, 12.667, 10.667, 0.797];[1, 0];
[0.432, 17.333, 12.0, 0.807];[0.498, 16.333, 8.0, 0.905];[0, 1];
[0.509, 11.667, 9.0, 0.772];[0.42, 12.333, 8.667, 0.728];[0, 1];
[0.467, 10.667, 11.0, 0.833];[0.422, 13.333, 11.0, 0.823];[0, 1];
[0.452, 16.667, 9.667, 0.715];[0.483, 12.667, 9.667, 0.873];[1, 0];
[0.471, 12.0, 6.333, 0.719];[0.436, 9.0, 10.333, 0.785];[1, 0];
[0.464, 16.0, 9.0, 0.692];[0.396, 11.0, 11.0, 0.785];[1, 0];
[0.549, 14.333, 8.0, 0.731];[0.494, 15.0, 6.667, 0.714];[1, 0];
[0.443, 14.667, 11.0, 0.764];[0.516, 18.333, 9.333, 0.855];[1, 0];
[0.432, 11.333, 15.667, 0.769];[0.402, 14.0, 11.667, 0.777];[1, 0];
[0.445, 12.0, 7.0, 0.799];[0.453, 11.333, 12.0, 0.716];[1, 0];
[0.436, 17.0, 8.667, 0.623];[0.504, 14.333, 7.667, 0.864];[0, 1];
[0.465, 11.333, 9.0, 0.754];[0.47, 11.667, 9.0, 0.882];[1, 0];
[0.512, 14.667, 9.0, 0.667];[0.417, 10.0, 12.0, 0.721];[1, 0];
[0.469, 13.667, 6.333, 0.783];[0.465, 12.333, 12.0, 0.692];[1, 0];
[0.443, 14.0, 6.0, 0.84];[0.42, 13.333, 10.333, 0.752];[0, 1];
[0.427, 16.0, 10.333, 0.815];[0.478, 14.667, 12.333, 0.718];[1, 0];
[0.495, 16.0, 7.333, 0.831];[0.447, 17.0, 16.333, 0.699];[0, 1];
[0.468, 13.0, 10.333, 0.696];[0.439, 12.333, 10.667, 0.699];[1, 0];
[0.44, 14.0, 7.333, 0.686];[0.438, 14.0, 10.0, 0.831];[1, 0];
[0.406, 8.0, 11.333, 0.807];[0.501, 13.667, 8.0, 0.765];[0, 1];
[0.431, 14.0, 9.667, 0.769];[0.489, 20.0, 7.0, 0.745];[0, 1];
[0.427, 14.333, 13.0, 0.722];[0.438, 10.0, 8.667, 0.802];[0, 1];
[0.447, 14.333, 8.333, 0.837];[0.449, 11.667, 7.333, 0.818];[0, 1];
[0.46, 18.667, 8.0, 0.844];[0.429, 15.667, 12.0, 0.783];[0, 1];
[0.486, 17.333, 6.667, 0.828];[0.415, 15.333, 13.0, 0.831];[0, 1];
[0.433, 14.333, 12.333, 0.682];[0.473, 16.0, 7.667, 0.891];[1, 0];
[0.513, 14.667, 6.667, 0.753];[0.468, 14.0, 7.667, 0.779];[1, 0];
[0.498, 12.667, 10.333, 0.779];[0.397, 15.667, 12.333, 0.755];[1, 0];
[0.479, 14.667, 9.667, 0.853];[0.49, 10.333, 12.0, 0.738];[0, 1];
[0.441, 14.667, 9.333, 0.721];[0.468, 14.667, 14.0, 0.717];[0, 1];
[0.496, 12.667, 12.333, 0.785];[0.442, 12.0, 10.667, 0.754];[0, 1];
[0.49, 12.0, 10.0, 0.836];[0.453, 15.0, 8.667, 0.837];[1, 0];
[0.457, 10.0, 11.0, 0.743];[0.469, 14.333, 11.667, 0.788];[0, 1];
[0.478, 14.0, 10.667, 0.676];[0.528, 13.667, 9.667, 0.776];[1, 0];
[0.482, 13.333, 10.0, 0.853];[0.403, 9.667, 14.0, 0.77];[0, 1];
[0.412, 12.333, 12.0, 0.729];[0.542, 17.0, 10.0, 0.756];[0, 1];
[0.434, 13.333, 16.0, 0.711];[0.493, 16.333, 9.0, 0.791];[0, 1];
[0.451, 13.333, 9.0, 0.771];[0.462, 11.333, 9.667, 0.73];[0, 1];
[0.472, 17.667, 11.0, 0.774];[0.506, 13.333, 11.0, 0.754];[1, 0];
[0.465, 11.667, 10.667, 0.816];[0.439, 10.333, 7.0, 0.808];[1, 0];
[0.385, 16.0, 5.667, 0.779];[0.486, 16.0, 9.667, 0.721];[1, 0];
[0.411, 12.0, 10.667, 0.79];[0.431, 11.0, 14.0, 0.836];[0, 1];
[0.455, 11.333, 9.333, 0.642];[0.496, 12.667, 6.667, 0.76];[0, 1];
[0.463, 11.333, 6.333, 0.819];[0.435, 12.0, 6.0, 0.774];[1, 0];
[0.458, 15.0, 11.0, 0.838];[0.426, 13.333, 12.333, 0.727];[0, 1];
[0.435, 9.333, 5.667, 0.746];[0.424, 14.0, 11.333, 0.802];[0, 1];
[0.407, 15.667, 13.333, 0.702];[0.483, 14.0, 11.333, 0.743];[0, 1];
[0.455, 14.333, 9.667, 0.841];[0.499, 14.333, 9.0, 0.752];[1, 0];
[0.471, 13.333, 6.667, 0.839];[0.472, 14.667, 5.333, 0.728];[1, 0];
[0.435, 16.0, 18.0, 0.6];[0.464, 12.667, 12.333, 0.809];[0, 1];
[0.448, 12.667, 9.667, 0.73];[0.405, 15.333, 12.667, 0.696];[0, 1];
[0.479, 15.0, 9.333, 0.79];[0.498, 16.667, 7.333, 0.729];[1, 0];
[0.404, 15.667, 12.667, 0.835];[0.509, 13.0, 9.333, 0.723];[0, 1];
[0.47, 14.0, 8.0, 0.883];[0.393, 14.333, 7.333, 0.803];[1, 0];
[0.473, 12.333, 7.333, 0.792];[0.451, 15.0, 10.667, 0.67];[0, 1];
[0.462, 14.667, 9.333, 0.884];[0.418, 18.333, 15.0, 0.738];[1, 0];
[0.517, 13.333, 7.667, 0.871];[0.452, 12.0, 6.667, 0.819];[0, 1];
[0.444, 10.667, 9.667, 0.755];[0.452, 11.667, 7.333, 0.731];[1, 0];
[0.432, 10.0, 13.333, 0.806];[0.473, 12.667, 8.667, 0.669];[1, 0];
[0.516, 16.0, 8.333, 0.849];[0.466, 13.333, 7.667, 0.835];[0, 1];
[0.419, 15.0, 13.333, 0.787];[0.495, 11.667, 8.333, 0.683];[0, 1];
[0.431, 11.333, 8.0, 0.695];[0.49, 13.333, 5.0, 0.809];[0, 1];
[0.481, 12.667, 10.0, 0.778];[0.446, 15.333, 14.0, 0.751];[1, 0];
[0.47, 22.0, 10.333, 0.728];[0.435, 11.0, 13.0, 0.701];[0, 1];
[0.466, 14.333, 5.333, 0.85];[0.465, 11.333, 10.667, 0.773];[1, 0];
[0.408, 14.0, 8.333, 0.724];[0.47, 11.0, 10.667, 0.739];[0, 1];
[0.473, 10.667, 11.333, 0.689];[0.379, 13.0, 6.0, 0.857];[1, 0];
[0.449, 12.0, 12.333, 0.684];[0.482, 8.333, 9.0, 0.657];[1, 0];
[0.505, 13.0, 8.667, 0.782];[0.465, 14.333, 11.333, 0.792];[0, 1];
[0.474, 10.0, 9.0, 0.738];[0.459, 15.667, 12.333, 0.818];[1, 0];
[0.458, 12.333, 8.333, 0.821];[0.449, 15.667, 11.333, 0.757];[0, 1];
[0.424, 16.333, 7.333, 0.767];[0.468, 17.333, 8.667, 0.808];[1, 0];
[0.476, 15.667, 14.333, 0.618];[0.406, 12.333, 8.667, 0.821];[1, 0];
[0.429, 14.667, 10.333, 0.82];[0.476, 15.667, 10.667, 0.74];[1, 0];
[0.52, 15.0, 7.667, 0.853];[0.457, 10.667, 11.667, 0.786];[1, 0];
[0.457, 11.0, 8.667, 0.751];[0.434, 17.667, 12.0, 0.736];[0, 1];
[0.434, 9.0, 7.667, 0.702];[0.436, 15.0, 12.0, 0.789];[0, 1];
[0.463, 14.333, 7.333, 0.717];[0.48, 11.667, 11.333, 0.648];[0, 1];
[0.444, 10.333, 8.333, 0.61];[0.436, 9.0, 10.667, 0.797];[0, 1];
[0.463, 12.667, 10.0, 0.649];[0.478, 15.667, 11.0, 0.713];[1, 0];
[0.486, 13.0, 5.0, 0.813];[0.431, 9.667, 11.0, 0.848];[0, 1];
[0.427, 11.0, 6.667, 0.737];[0.475, 11.667, 8.0, 0.803];[0, 1];
[0.438, 13.0, 9.667, 0.755];[0.475, 12.667, 8.0, 0.887];[1, 0];
[0.451, 19.333, 9.0, 0.737];[0.445, 17.0, 11.333, 0.731];[1, 0];
[0.452, 11.333, 8.0, 0.794];[0.491, 13.667, 11.667, 0.805];[1, 0];
[0.396, 12.667, 11.0, 0.771];[0.468, 14.667, 6.667, 0.827];[1, 0];
[0.479, 13.667, 6.667, 0.615];[0.488, 13.0, 9.333, 0.852];[1, 0];
[0.419, 8.667, 8.333, 0.682];[0.472, 11.0, 11.0, 0.697];[0, 1];
[0.506, 15.0, 6.333, 0.799];[0.477, 8.333, 9.333, 0.717];[1, 0];
[0.475, 15.667, 11.0, 0.756];[0.475, 12.0, 8.333, 0.768];[1, 0];
[0.45, 14.333, 9.333, 0.743];[0.455, 14.333, 10.0, 0.788];[0, 1];
[0.428, 16.667, 12.667, 0.79];[0.434, 13.0, 10.667, 0.787];[1, 0];
[0.513, 11.667, 5.0, 0.782];[0.486, 11.333, 7.333, 0.805];[0, 1];
[0.502, 14.667, 8.333, 0.877];[0.471, 12.667, 8.333, 0.639];[1, 0];
[0.517, 11.667, 11.667, 0.712];[0.443, 15.667, 9.0, 0.751];[1, 0];
[0.523, 13.667, 9.0, 0.73];[0.497, 17.333, 12.333, 0.674];[1, 0];
[0.547, 17.0, 7.333, 0.773];[0.458, 9.0, 11.667, 0.782];[1, 0];
[0.5, 18.0, 15.0, 0.714];[0.439, 15.0, 11.333, 0.761];[1, 0];
[0.417, 14.333, 11.333, 0.752];[0.517, 16.0, 8.0, 0.607];[0, 1];
[0.495, 11.0, 10.0, 0.791];[0.467, 15.667, 9.333, 0.731];[1, 0];
[0.478, 12.0, 7.667, 0.793];[0.484, 12.0, 15.0, 0.933];[0, 1];
[0.462, 13.333, 13.0, 0.829];[0.433, 13.333, 12.667, 0.728];[0, 1];
[0.398, 17.667, 10.333, 0.679];[0.456, 14.667, 8.667, 0.853];[0, 1];
[0.438, 16.333, 11.0, 0.792];[0.457, 15.0, 14.667, 0.762];[0, 1];
[0.441, 13.0, 9.667, 0.725];[0.465, 13.333, 9.0, 0.738];[1, 0];
[0.471, 15.333, 9.667, 0.784];[0.485, 17.333, 9.333, 0.717];[0, 1];
[0.468, 14.0, 7.667, 0.816];[0.43, 12.667, 14.667, 0.648];[0, 1];
[0.458, 17.0, 10.0, 0.801];[0.441, 17.667, 10.0, 0.717];[1, 0];
[0.453, 13.667, 7.0, 0.784];[0.481, 13.333, 11.333, 0.788];[1, 0];
[0.425, 15.667, 13.0, 0.846];[0.517, 11.333, 10.333, 0.76];[0, 1];
[0.499, 11.667, 10.0, 0.67];[0.472, 17.0, 12.0, 0.749];[1, 0];
[0.453, 16.667, 6.667, 0.753];[0.441, 11.0, 9.333, 0.826];[0, 1];
[0.487, 11.0, 9.333, 0.846];[0.463, 13.667, 11.0, 0.713];[0, 1];
[0.408, 12.0, 12.667, 0.87];[0.463, 12.667, 10.333, 0.822];[0, 1];
[0.417, 17.333, 8.333, 0.725];[0.387, 14.667, 10.333, 0.877];[1, 0];
[0.464, 11.667, 11.333, 0.801];[0.445, 12.0, 9.0, 0.651];[1, 0];
[0.474, 9.667, 10.0, 0.72];[0.494, 18.0, 8.333, 0.677];[0, 1];
[0.492, 11.667, 9.333, 0.8];[0.448, 16.0, 14.0, 0.716];[0, 1];
[0.437, 10.667, 9.667, 0.781];[0.422, 11.667, 10.667, 0.713];[0, 1];
[0.506, 14.667, 6.0, 0.718];[0.469, 17.333, 6.667, 0.811];[1, 0];
[0.482, 9.333, 8.0, 0.738];[0.481, 19.0, 7.0, 0.824];[1, 0];
[0.399, 17.333, 11.333, 0.778];[0.495, 16.667, 10.0, 0.684];[0, 1];
[0.429, 12.333, 11.667, 0.785];[0.469, 11.333, 6.667, 0.764];[0, 1];
[0.442, 12.333, 10.0, 0.757];[0.48, 13.0, 14.333, 0.78];[1, 0];
[0.43, 17.333, 13.333, 0.795];[0.428, 17.333, 8.0, 0.796];[1, 0];
[0.423, 14.333, 8.0, 0.767];[0.413, 12.0, 7.0, 0.714];[0, 1];
[0.441, 14.667, 8.0, 0.795];[0.473, 13.0, 7.667, 0.794];[0, 1];
[0.437, 13.667, 11.667, 0.704];[0.504, 15.667, 10.667, 0.72];[0, 1];
[0.449, 10.333, 5.667, 0.751];[0.473, 13.333, 13.667, 0.696];[0, 1];
[0.463, 13.667, 12.333, 0.868];[0.479, 15.0, 9.333, 0.775];[0, 1];
[0.465, 13.0, 6.667, 0.79];[0.456, 12.333, 10.0, 0.789];[0, 1];
[0.415, 12.667, 9.333, 0.831];[0.482, 13.0, 8.0, 0.753];[1, 0];
[0.444, 12.0, 8.667, 0.727];[0.437, 12.333, 7.667, 0.817];[1, 0];
[0.468, 16.0, 6.0, 0.826];[0.446, 11.333, 11.333, 0.807];[1, 0];
[0.453, 14.0, 8.333, 0.801];[0.556, 14.0, 5.667, 0.851];[1, 0];
[0.435, 12.333, 12.0, 0.808];[0.483, 15.0, 10.667, 0.749];[0, 1];
[0.444, 13.333, 9.667, 0.805];[0.444, 11.667, 14.333, 0.638];[1, 0];
[0.453, 13.333, 11.333, 0.797];[0.484, 17.333, 9.333, 0.715];[1, 0];
[0.542, 14.333, 8.667, 0.849];[0.44, 12.667, 12.333, 0.687];[1, 0];
[0.48, 14.667, 8.0, 0.724];[0.483, 12.667, 9.667, 0.838];[1, 0];
[0.415, 10.0, 9.667, 0.663];[0.465, 15.333, 13.0, 0.663];[1, 0];
[0.478, 15.667, 9.667, 0.763];[0.438, 13.667, 11.0, 0.803];[0, 1];
[0.436, 9.667, 10.0, 0.781];[0.467, 16.0, 7.667, 0.818];[0, 1];
[0.475, 14.667, 7.333, 0.7];[0.453, 16.0, 7.333, 0.694];[1, 0];
[0.482, 13.333, 8.667, 0.803];[0.495, 15.333, 6.0, 0.839];[0, 1];
[0.501, 11.333, 8.333, 0.795];[0.436, 9.667, 6.333, 0.799];[1, 0];
[0.379, 13.0, 6.0, 0.857];[0.425, 14.0, 16.0, 0.692];[1, 0];
[0.449, 12.0, 11.333, 0.75];[0.438, 15.667, 9.333, 0.719];[1, 0];
[0.438, 12.333, 8.0, 0.683];[0.434, 9.667, 10.333, 0.77];[1, 0];
[0.491, 15.667, 7.667, 0.687];[0.448, 15.333, 14.333, 0.755];[0, 1];
[0.443, 14.0, 16.667, 0.764];[0.485, 12.333, 11.333, 0.819];[0, 1];
[0.471, 17.667, 7.667, 0.902];[0.443, 11.667, 7.333, 0.76];[1, 0];
[0.456, 15.667, 8.333, 0.707];[0.431, 12.0, 12.0, 0.799];[0, 1];
[0.499, 17.0, 6.667, 0.843];[0.452, 16.333, 10.667, 0.817];[1, 0];
[0.417, 15.0, 10.667, 0.815];[0.468, 13.667, 9.0, 0.798];[1, 0];
[0.449, 16.667, 8.0, 0.831];[0.458, 14.0, 5.667, 0.678];[0, 1];
[0.542, 17.0, 10.0, 0.75];[0.458, 12.0, 9.667, 0.826];[0, 1];
[0.436, 11.667, 9.667, 0.688];[0.47, 10.667, 6.667, 0.804];[0, 1];
[0.442, 13.333, 11.333, 0.785];[0.46, 14.667, 10.667, 0.63];[1, 0];
[0.432, 10.667, 12.667, 0.853];[0.526, 17.667, 8.667, 0.736];[0, 1];
[0.438, 11.667, 11.333, 0.897];[0.452, 16.333, 9.333, 0.767];[1, 0];
[0.398, 15.0, 13.333, 0.797];[0.488, 19.0, 10.333, 0.723];[0, 1];
[0.455, 13.667, 6.667, 0.684];[0.457, 11.333, 8.667, 0.67];[1, 0];
[0.521, 14.0, 8.667, 0.73];[0.537, 13.333, 5.333, 0.809];[1, 0];
[0.48, 19.0, 5.0, 0.772];[0.469, 13.0, 12.667, 0.774];[0, 1];
[0.438, 11.333, 13.0, 0.777];[0.433, 14.0, 8.667, 0.823];[0, 1];
[0.436, 15.333, 7.333, 0.709];[0.475, 14.333, 7.667, 0.77];[1, 0];
[0.454, 15.667, 8.333, 0.891];[0.482, 9.0, 9.333, 0.718];[0, 1];
[0.544, 17.667, 7.0, 0.777];[0.472, 18.0, 14.0, 0.772];[0, 1];
[0.453, 12.333, 9.0, 0.846];[0.455, 12.667, 9.0, 0.725];[0, 1];
[0.52, 14.0, 9.0, 0.754];[0.513, 11.0, 9.0, 0.812];[1, 0];
[0.455, 15.0, 11.667, 0.841];[0.455, 14.333, 8.0, 0.804];[1, 0];
[0.487, 11.667, 11.667, 0.8];[0.445, 11.0, 7.667, 0.821];[1, 0];
[0.459, 13.333, 10.667, 0.72];[0.471, 13.333, 11.0, 0.767];[1, 0];
[0.493, 15.667, 10.0, 0.849];[0.447, 15.667, 7.667, 0.822];[1, 0];
[0.448, 15.333, 10.333, 0.775];[0.445, 11.667, 13.0, 0.783];[1, 0];
[0.486, 15.667, 9.0, 0.789];[0.482, 15.333, 10.667, 0.817];[0, 1];
[0.48, 13.333, 10.0, 0.821];[0.441, 13.333, 11.667, 0.836];[1, 0];
[0.45, 15.667, 15.667, 0.684];[0.433, 10.667, 12.0, 0.783];[1, 0];
[0.422, 14.667, 12.0, 0.825];[0.452, 15.0, 8.333, 0.698];[1, 0];
[0.527, 14.333, 9.0, 0.861];[0.471, 12.0, 9.0, 0.826];[1, 0];
[0.5, 12.333, 7.333, 0.804];[0.446, 14.667, 6.333, 0.845];[1, 0];
[0.444, 10.333, 10.0, 0.789];[0.505, 13.0, 9.333, 0.841];[1, 0];
[0.421, 14.0, 9.333, 0.711];[0.446, 15.333, 12.333, 0.732];[0, 1];
[0.486, 12.667, 6.333, 0.719];[0.438, 11.667, 13.0, 0.83];[0, 1];
[0.463, 13.0, 11.667, 0.882];[0.53, 16.333, 9.667, 0.71];[0, 1];
[0.504, 12.667, 7.667, 0.833];[0.488, 14.0, 8.667, 0.66];[0, 1];
[0.491, 14.667, 6.333, 0.811];[0.41, 16.333, 9.667, 0.759];[1, 0];
[0.452, 13.0, 11.667, 0.787];[0.492, 9.667, 5.333, 0.717];[1, 0];
[0.483, 15.667, 10.667, 0.73];[0.447, 13.667, 8.0, 0.812];[1, 0];
[0.469, 11.667, 10.667, 0.7];[0.429, 14.333, 13.333, 0.71];[1, 0];
[0.406, 15.667, 12.0, 0.824];[0.497, 18.333, 8.0, 0.638];[1, 0];
[0.446, 9.333, 13.0, 0.779];[0.458, 16.333, 13.333, 0.77];[1, 0];
[0.559, 21.0, 7.0, 0.796];[0.501, 19.333, 9.667, 0.74];[1, 0];
[0.462, 10.667, 11.333, 0.809];[0.466, 14.333, 13.333, 0.756];[0, 1];
[0.41, 17.333, 11.333, 0.793];[0.384, 14.333, 13.667, 0.691];[1, 0];
[0.483, 9.667, 10.0, 0.679];[0.494, 10.667, 9.0, 0.738];[1, 0];
[0.496, 9.0, 8.0, 0.721];[0.465, 13.333, 9.0, 0.831];[0, 1];
[0.447, 12.0, 7.0, 0.781];[0.457, 12.667, 13.667, 0.833];[1, 0];
[0.464, 11.667, 13.333, 0.873];[0.436, 10.333, 10.667, 0.73];[1, 0];
[0.493, 10.667, 10.333, 0.856];[0.481, 16.667, 8.333, 0.721];[1, 0];
[0.453, 11.667, 12.0, 0.907];[0.469, 11.333, 8.0, 0.744];[0, 1];
[0.493, 10.667, 10.333, 0.786];[0.459, 14.333, 13.333, 0.777];[0, 1];
[0.401, 11.333, 9.0, 0.797];[0.465, 9.667, 5.333, 0.69];[1, 0];
[0.49, 14.0, 9.333, 0.807];[0.455, 16.667, 12.333, 0.853];[0, 1];
[0.469, 11.0, 9.333, 0.772];[0.472, 11.0, 11.333, 0.72];[1, 0];
[0.431, 12.333, 11.667, 0.749];[0.495, 18.333, 8.667, 0.717];[1, 0];
[0.413, 13.0, 5.333, 0.787];[0.52, 12.667, 6.333, 0.804];[0, 1];
[0.47, 14.0, 10.667, 0.781];[0.452, 13.0, 12.667, 0.829];[0, 1];
[0.506, 18.333, 6.667, 0.886];[0.426, 13.333, 13.333, 0.803];[1, 0];
[0.431, 13.667, 17.333, 0.69];[0.518, 14.0, 6.333, 0.727];[0, 1];
[0.509, 9.667, 8.0, 0.831];[0.444, 15.0, 7.333, 0.781];[1, 0];
[0.462, 14.0, 8.333, 0.675];[0.444, 10.667, 12.667, 0.824];[1, 0];
[0.408, 15.667, 8.667, 0.837];[0.448, 14.0, 9.0, 0.78];[1, 0];
[0.461, 14.0, 8.333, 0.784];[0.487, 18.667, 8.667, 0.749];[1, 0];
[0.507, 13.0, 9.0, 0.759];[0.447, 14.0, 12.0, 0.657];[1, 0];
[0.493, 14.0, 9.0, 0.822];[0.506, 9.333, 11.667, 0.604];[1, 0];
[0.448, 14.333, 8.667, 0.747];[0.49, 12.667, 11.0, 0.742];[1, 0];
[0.49, 10.333, 8.0, 0.775];[0.465, 11.333, 9.667, 0.825];[0, 1];
[0.449, 12.0, 8.0, 0.79];[0.483, 12.667, 8.0, 0.83];[0, 1];
[0.411, 17.667, 12.0, 0.73];[0.419, 13.667, 8.333, 0.773];[1, 0];
[0.455, 15.333, 8.0, 0.801];[0.468, 14.333, 10.0, 0.751];[0, 1];
[0.443, 12.333, 8.667, 0.76];[0.475, 11.0, 12.0, 0.734];[1, 0];
[0.421, 14.333, 13.0, 0.827];[0.474, 13.0, 11.0, 0.804];[1, 0];
[0.42, 14.667, 13.333, 0.63];[0.467, 16.333, 6.333, 0.8];[1, 0];
[0.482, 15.667, 10.667, 0.734];[0.419, 17.667, 8.0, 0.741];[0, 1];
[0.459, 14.333, 11.0, 0.679];[0.428, 15.0, 10.0, 0.756];[1, 0];
[0.54, 16.667, 6.0, 0.823];[0.462, 17.0, 7.0, 0.82];[1, 0];
[0.481, 16.0, 6.333, 0.788];[0.43, 15.667, 12.667, 0.775];[0, 1];
[0.469, 8.333, 10.0, 0.749];[0.422, 16.0, 13.667, 0.758];[1, 0];
[0.456, 18.0, 12.0, 0.737];[0.483, 14.667, 7.667, 0.705];[0, 1];
[0.482, 13.333, 10.0, 0.642];[0.456, 10.333, 7.0, 0.822];[1, 0];
[0.456, 10.667, 5.333, 0.711];[0.474, 14.333, 12.333, 0.826];[0, 1];
[0.462, 17.333, 9.667, 0.707];[0.428, 18.333, 11.333, 0.769];[0, 1];
[0.476, 14.667, 8.667, 0.766];[0.438, 15.0, 9.333, 0.871];[1, 0];
[0.468, 13.333, 11.667, 0.72];[0.461, 10.333, 12.333, 0.805];[1, 0];
[0.438, 12.333, 8.333, 0.744];[0.47, 13.667, 8.0, 0.744];[1, 0];
[0.494, 13.333, 8.667, 0.814];[0.477, 14.333, 8.0, 0.855];[1, 0];
[0.432, 10.0, 12.333, 0.732];[0.51, 10.0, 9.0, 0.727];[1, 0];
[0.472, 12.667, 10.333, 0.819];[0.42, 15.667, 10.333, 0.772];[1, 0];
[0.479, 14.333, 7.667, 0.763];[0.47, 14.333, 8.333, 0.775];[0, 1];
[0.459, 10.333, 9.333, 0.626];[0.469, 14.667, 14.667, 0.793];[1, 0];
[0.465, 11.0, 10.0, 0.757];[0.459, 14.0, 11.333, 0.794];[1, 0];
[0.45, 12.667, 9.0, 0.714];[0.443, 14.0, 8.333, 0.87];[1, 0];
[0.45, 13.0, 10.333, 0.778];[0.445, 12.667, 14.0, 0.759];[1, 0];
[0.49, 15.667, 9.0, 0.875];[0.46, 15.667, 10.667, 0.683];[1, 0];
[0.449, 16.0, 10.333, 0.792];[0.471, 8.333, 8.667, 0.805];[1, 0];
[0.42, 14.333, 9.667, 0.763];[0.433, 12.333, 9.0, 0.686];[0, 1];
[0.453, 12.667, 11.667, 0.715];[0.443, 12.333, 11.0, 0.742];[0, 1];
[0.481, 13.0, 9.667, 0.808];[0.522, 14.0, 5.333, 0.75];[0, 1];
[0.454, 15.333, 14.0, 0.868];[0.441, 14.0, 11.667, 0.794];[1, 0];
[0.482, 16.0, 9.667, 0.717];[0.406, 12.333, 11.333, 0.703];[0, 1];
[0.504, 17.0, 7.333, 0.79];[0.507, 13.667, 8.667, 0.779];[0, 1];
[0.484, 15.667, 8.333, 0.679];[0.5, 12.667, 8.667, 0.739];[0, 1];
[0.488, 16.333, 9.0, 0.747];[0.431, 16.667, 14.667, 0.563];[0, 1];
[0.463, 9.667, 10.667, 0.647];[0.421, 13.0, 10.0, 0.772];[0, 1];
[0.534, 14.0, 8.667, 0.773];[0.458, 13.333, 6.333, 0.78];[1, 0];
[0.486, 16.0, 11.333, 0.773];[0.543, 19.0, 4.667, 0.807];[0, 1];
[0.482, 14.667, 8.0, 0.837];[0.41, 12.333, 13.0, 0.832];[0, 1];
[0.4, 10.667, 14.0, 0.808];[0.515, 11.667, 12.0, 0.65];[0, 1];
[0.446, 15.0, 10.0, 0.767];[0.455, 15.333, 9.0, 0.715];[0, 1];
[0.515, 13.667, 11.0, 0.753];[0.469, 12.333, 14.0, 0.761];[1, 0];
[0.452, 15.0, 13.0, 0.867];[0.409, 14.0, 13.667, 0.778];[1, 0];
[0.44, 11.667, 11.0, 0.707];[0.472, 13.333, 11.0, 0.802];[0, 1];
[0.409, 17.667, 11.667, 0.773];[0.462, 17.667, 8.333, 0.802];[1, 0];
[0.465, 15.333, 10.667, 0.695];[0.458, 16.0, 10.0, 0.768];[1, 0];
[0.462, 13.667, 14.0, 0.834];[0.444, 13.333, 9.667, 0.657];[1, 0];
[0.439, 13.0, 9.667, 0.913];[0.463, 10.333, 10.667, 0.828];[1, 0];
[0.434, 15.0, 8.667, 0.696];[0.433, 12.667, 8.333, 0.803];[0, 1];
[0.547, 12.0, 8.0, 0.787];[0.44, 16.333, 9.667, 0.904];[0, 1];
[0.431, 11.333, 12.333, 0.631];[0.447, 13.333, 9.667, 0.73];[1, 0];
[0.504, 16.333, 7.0, 0.869];[0.446, 13.0, 8.667, 0.778];[1, 0];
[0.434, 14.667, 11.667, 0.82];[0.505, 15.333, 7.333, 0.67];[1, 0];
[0.412, 13.667, 8.333, 0.692];[0.425, 10.0, 10.333, 0.781];[1, 0];
[0.456, 13.333, 9.333, 0.809];[0.459, 10.333, 9.0, 0.824];[1, 0];
[0.465, 11.667, 8.333, 0.825];[0.433, 9.0, 9.333, 0.819];[1, 0];
[0.465, 17.333, 7.0, 0.814];[0.422, 19.0, 14.0, 0.701];[0, 1];
[0.437, 11.667, 10.0, 0.736];[0.497, 17.0, 10.667, 0.789];[1, 0];
[0.435, 11.333, 14.333, 0.736];[0.505, 16.667, 8.333, 0.784];[1, 0];
[0.482, 15.333, 9.667, 0.626];[0.465, 14.333, 8.333, 0.723];[0, 1];
[0.492, 14.333, 8.0, 0.738];[0.441, 18.0, 12.667, 0.77];[1, 0];
[0.434, 15.333, 9.667, 0.726];[0.475, 16.0, 11.333, 0.689];[1, 0];
[0.479, 16.0, 9.333, 0.734];[0.43, 14.333, 9.333, 0.749];[0, 1];
[0.453, 12.667, 8.0, 0.783];[0.45, 16.667, 13.0, 0.806];[0, 1];
[0.442, 11.667, 6.333, 0.772];[0.429, 13.0, 12.333, 0.75];[1, 0];
[0.503, 13.0, 9.333, 0.654];[0.469, 12.0, 11.333, 0.778];[1, 0];
[0.435, 16.0, 10.0, 0.871];[0.421, 14.0, 7.0, 0.709];[0, 1];
[0.45, 11.333, 6.667, 0.76];[0.487, 10.667, 9.333, 0.856];[1, 0];
[0.448, 17.667, 10.667, 0.782];[0.515, 14.333, 10.0, 0.824];[0, 1];
[0.455, 12.333, 10.0, 0.795];[0.448, 9.333, 11.0, 0.703];[1, 0];
[0.492, 17.667, 9.667, 0.784];[0.45, 12.0, 8.0, 0.798];[0, 1];
[0.407, 14.333, 9.0, 0.775];[0.447, 11.333, 9.333, 0.733];[0, 1];
[0.487, 8.667, 8.667, 0.723];[0.458, 12.0, 11.667, 0.661];[0, 1];
[0.477, 12.667, 8.333, 0.812];[0.465, 13.333, 10.333, 0.775];[0, 1];
[0.432, 15.0, 7.333, 0.69];[0.452, 15.333, 11.0, 0.774];[1, 0];
[0.409, 15.667, 13.0, 0.763];[0.414, 18.0, 7.667, 0.818];[1, 0];
[0.411, 12.667, 13.667, 0.722];[0.459, 17.0, 8.0, 0.83];[0, 1];
[0.406, 11.0, 11.667, 0.845];[0.475, 10.333, 9.333, 0.779];[0, 1];
[0.5, 16.333, 10.333, 0.746];[0.4, 12.333, 8.667, 0.796];[1, 0];
[0.486, 9.667, 9.667, 0.855];[0.482, 10.667, 11.0, 0.843];[0, 1];
[0.439, 13.333, 12.0, 0.809];[0.452, 12.0, 9.0, 0.818];[1, 0];
[0.477, 15.0, 8.333, 0.881];[0.458, 13.0, 10.0, 0.755];[0, 1];
[0.449, 13.0, 8.0, 0.711];[0.469, 11.0, 11.333, 0.77];[0, 1];
[0.456, 18.0, 8.0, 0.838];[0.46, 16.333, 10.0, 0.884];[0, 1];
[0.491, 13.667, 7.0, 0.744];[0.471, 18.0, 12.0, 0.887];[1, 0];
[0.473, 16.667, 8.667, 0.848];[0.458, 18.333, 11.0, 0.71];[1, 0];
[0.522, 16.333, 9.333, 0.912];[0.41, 10.667, 9.333, 0.814];[0, 1];
[0.515, 15.667, 6.667, 0.705];[0.386, 16.0, 14.667, 0.781];[1, 0];
[0.405, 16.0, 7.667, 0.864];[0.478, 12.333, 10.667, 0.786];[0, 1];
[0.438, 13.333, 8.0, 0.763];[0.46, 11.333, 10.0, 0.774];[0, 1];
[0.467, 10.333, 7.0, 0.735];[0.446, 12.667, 9.667, 0.809];[1, 0];
[0.467, 11.0, 8.667, 0.722];[0.495, 7.667, 9.0, 0.754];[0, 1];
[0.42, 16.333, 10.667, 0.788];[0.497, 20.667, 9.0, 0.805];[0, 1];
[0.482, 14.0, 11.0, 0.691];[0.475, 15.667, 11.667, 0.776];[1, 0];
[0.506, 11.333, 9.0, 0.795];[0.482, 12.333, 10.333, 0.837];[1, 0];
[0.462, 14.0, 8.333, 0.75];[0.44, 12.0, 10.333, 0.736];[1, 0];
[0.461, 13.667, 10.333, 0.766];[0.455, 12.0, 13.333, 0.816];[0, 1];
[0.449, 11.667, 9.333, 0.857];[0.461, 14.0, 12.667, 0.829];[0, 1];
[0.493, 13.0, 5.333, 0.719];[0.459, 13.667, 8.333, 0.842];[1, 0];
[0.443, 13.667, 13.333, 0.877];[0.46, 9.0, 6.667, 0.842];[1, 0];
[0.484, 17.667, 10.333, 0.739];[0.454, 11.667, 6.667, 0.708];[0, 1];
[0.474, 15.333, 6.333, 0.796];[0.49, 14.0, 9.333, 0.793];[1, 0];
[0.452, 15.667, 8.333, 0.812];[0.467, 16.333, 8.667, 0.772];[1, 0];
[0.506, 15.667, 10.0, 0.781];[0.494, 18.667, 8.667, 0.761];[1, 0];
[0.433, 9.333, 15.0, 0.715];[0.522, 12.333, 7.667, 0.806];[1, 0];
[0.508, 14.667, 10.333, 0.823];[0.432, 15.0, 11.333, 0.721];[1, 0];
[0.473, 15.0, 7.667, 0.863];[0.432, 13.667, 9.667, 0.807];[0, 1];
[0.475, 10.667, 7.333, 0.829];[0.475, 15.0, 8.667, 0.757];[0, 1];
[0.459, 16.333, 8.667, 0.81];[0.36, 16.0, 13.0, 0.762];[1, 0];
[0.469, 12.333, 8.0, 0.713];[0.394, 10.0, 10.667, 0.797];[0, 1];
[0.412, 7.667, 14.333, 0.808];[0.489, 14.0, 7.0, 0.819];[0, 1];
[0.453, 13.667, 12.667, 0.818];[0.432, 12.667, 11.0, 0.75];[1, 0];
[0.455, 11.333, 9.0, 0.723];[0.428, 12.667, 12.0, 0.721];[0, 1];
[0.438, 13.333, 6.333, 0.846];[0.468, 13.333, 10.0, 0.803];[0, 1];
[0.472, 15.667, 9.0, 0.797];[0.44, 14.0, 13.333, 0.598];[1, 0];
[0.434, 14.0, 9.667, 0.937];[0.462, 16.667, 10.667, 0.658];[1, 0];
[0.435, 12.667, 13.333, 0.798];[0.497, 10.333, 8.0, 0.729];[0, 1];
[0.424, 14.0, 11.667, 0.756];[0.509, 17.0, 10.0, 0.784];[1, 0];
[0.472, 16.333, 11.333, 0.854];[0.42, 15.333, 12.667, 0.688];[1, 0];
[0.387, 14.667, 9.667, 0.767];[0.509, 10.333, 7.333, 0.772];[1, 0];
[0.486, 13.667, 12.333, 0.824];[0.472, 12.667, 13.667, 0.808];[0, 1];
[0.493, 17.0, 9.667, 0.639];[0.506, 9.667, 9.0, 0.722];[1, 0];
[0.461, 16.333, 9.333, 0.725];[0.474, 12.0, 8.0, 0.77];[0, 1];
[0.43, 21.0, 12.0, 0.8];[0.45, 14.333, 9.0, 0.739];[1, 0];
[0.45, 11.0, 8.667, 0.802];[0.487, 13.667, 6.667, 0.728];[0, 1];
[0.519, 10.667, 8.667, 0.793];[0.428, 13.0, 9.667, 0.748];[1, 0];
[0.449, 12.0, 6.0, 0.667];[0.516, 18.0, 5.0, 0.727];[1, 0];
[0.444, 13.667, 5.667, 0.716];[0.49, 13.333, 9.333, 0.841];[1, 0];
[0.398, 14.0, 12.0, 0.931];[0.444, 15.0, 10.0, 0.808];[1, 0];
[0.401, 13.333, 12.0, 0.784];[0.526, 12.0, 8.0, 0.619];[0, 1];
[0.453, 14.333, 7.667, 0.745];[0.505, 16.0, 9.0, 0.713];[1, 0];
[0.524, 14.333, 8.333, 0.796];[0.416, 15.333, 12.667, 0.767];[1, 0];
[0.445, 9.0, 7.333, 0.792];[0.438, 11.0, 10.667, 0.744];[1, 0];
[0.417, 12.667, 9.333, 0.693];[0.415, 14.0, 9.0, 0.766];[1, 0];
[0.49, 16.0, 8.0, 0.716];[0.443, 12.667, 8.0, 0.821];[1, 0];
[0.453, 14.0, 6.333, 0.718];[0.375, 13.0, 11.333, 0.764];[1, 0];
[0.417, 19.0, 14.0, 0.688];[0.533, 16.0, 7.0, 0.829];[0, 1];
[0.447, 11.667, 7.333, 0.804];[0.417, 11.0, 11.667, 0.805];[1, 0];
[0.466, 12.0, 11.0, 0.849];[0.474, 13.333, 9.667, 0.8];[1, 0];
[0.465, 13.667, 8.667, 0.68];[0.454, 10.667, 8.667, 0.774];[1, 0];
[0.46, 16.333, 7.667, 0.9];[0.386, 12.0, 10.667, 0.682];[0, 1];
[0.508, 15.333, 4.667, 0.789];[0.405, 11.667, 8.667, 0.661];[1, 0];
[0.464, 11.0, 10.0, 0.779];[0.427, 10.0, 9.667, 0.772];[1, 0];
[0.527, 16.333, 11.0, 0.741];[0.427, 12.333, 9.0, 0.846];[0, 1];
[0.442, 12.0, 8.333, 0.652];[0.475, 10.667, 9.0, 0.793];[1, 0];
[0.463, 16.667, 9.667, 0.844];[0.405, 15.667, 12.0, 0.901];[1, 0];
[0.438, 13.667, 9.667, 0.772];[0.432, 12.0, 6.333, 0.835];[1, 0];
[0.484, 16.0, 9.333, 0.708];[0.4, 17.667, 9.667, 0.824];[0, 1];
[0.46, 15.0, 9.667, 0.847];[0.434, 18.667, 16.667, 0.803];[0, 1];
[0.487, 12.0, 11.333, 0.755];[0.453, 13.333, 11.333, 0.76];[1, 0];
[0.426, 15.333, 9.667, 0.815];[0.452, 14.667, 13.333, 0.83];[1, 0];
[0.523, 17.667, 9.333, 0.868];[0.436, 19.0, 13.333, 0.791];[1, 0];
[0.426, 11.333, 7.0, 0.761];[0.432, 16.333, 6.0, 0.838];[0, 1];
[0.465, 12.333, 10.333, 0.672];[0.508, 12.667, 7.0, 0.702];[0, 1];
[0.455, 16.333, 13.0, 0.83];[0.504, 16.0, 8.333, 0.851];[0, 1];
[0.523, 16.333, 9.333, 0.771];[0.394, 11.667, 11.0, 0.645];[1, 0];
[0.481, 16.0, 7.667, 0.844];[0.465, 14.333, 9.0, 0.729];[0, 1];
[0.473, 16.333, 14.0, 0.71];[0.472, 14.333, 8.0, 0.661];[1, 0];
[0.496, 14.333, 7.0, 0.758];[0.452, 12.333, 9.333, 0.677];[0, 1];
[0.483, 16.667, 8.0, 0.832];[0.487, 9.667, 8.333, 0.715];[0, 1];
[0.496, 16.333, 10.0, 0.805];[0.364, 13.667, 13.333, 0.735];[0, 1];
[0.462, 17.667, 8.0, 0.75];[0.487, 18.667, 9.333, 0.669];[0, 1];
[0.462, 14.333, 9.333, 0.655];[0.409, 14.667, 12.0, 0.709];[1, 0];
[0.48, 14.667, 9.0, 0.724];[0.48, 17.0, 11.333, 0.793];[0, 1];
[0.455, 12.333, 11.333, 0.814];[0.493, 10.0, 11.0, 0.805];[1, 0];
[0.47, 10.333, 11.0, 0.746];[0.463, 15.333, 10.667, 0.799];[1, 0];
[0.452, 13.333, 9.333, 0.816];[0.428, 17.667, 13.0, 0.754];[1, 0];
[0.433, 17.0, 9.0, 0.883];[0.428, 13.0, 10.0, 0.82];[0, 1];
[0.399, 16.0, 13.333, 0.735];[0.424, 15.0, 8.0, 0.775];[0, 1];
[0.493, 14.333, 8.0, 0.773];[0.444, 16.0, 12.333, 0.784];[0, 1];
[0.442, 12.333, 8.667, 0.741];[0.485, 12.667, 7.667, 0.762];[0, 1];
[0.504, 18.333, 12.0, 0.754];[0.465, 14.333, 9.333, 0.889];[1, 0];
[0.455, 14.333, 7.333, 0.863];[0.467, 11.667, 7.667, 0.712];[1, 0];
[0.403, 21.0, 10.333, 0.829];[0.444, 15.333, 10.0, 0.722];[0, 1];
[0.398, 15.667, 12.0, 0.729];[0.507, 10.333, 6.667, 0.772];[0, 1];
[0.425, 14.0, 16.0, 0.692];[0.516, 18.0, 5.0, 0.727];[0, 1];
[0.459, 10.333, 10.667, 0.812];[0.478, 14.333, 9.333, 0.77];[1, 0];
[0.551, 15.333, 6.333, 0.835];[0.426, 16.0, 14.0, 0.797];[1, 0];
[0.465, 11.0, 11.0, 0.75];[0.452, 14.333, 14.667, 0.62];[0, 1];
[0.467, 15.0, 9.667, 0.783];[0.461, 13.0, 12.333, 0.871];[0, 1];
[0.445, 17.0, 9.0, 0.717];[0.448, 12.0, 8.667, 0.911];[0, 1];
[0.465, 18.333, 12.0, 0.808];[0.393, 16.0, 10.667, 0.814];[1, 0];
[0.411, 13.667, 14.333, 0.717];[0.452, 16.667, 9.333, 0.774];[0, 1];
[0.51, 16.0, 10.667, 0.668];[0.453, 13.333, 10.0, 0.792];[1, 0];
[0.424, 11.333, 12.0, 0.627];[0.482, 10.333, 11.667, 0.874];[0, 1];
[0.493, 13.0, 8.0, 0.856];[0.443, 16.0, 9.0, 0.81];[0, 1];
[0.501, 12.667, 10.333, 0.737];[0.415, 12.667, 10.667, 0.826];[1, 0];
[0.466, 13.667, 8.333, 0.705];[0.474, 14.333, 7.0, 0.776];[0, 1];
[0.463, 13.333, 6.333, 0.744];[0.462, 13.667, 12.333, 0.737];[1, 0];
[0.458, 14.333, 11.667, 0.77];[0.423, 13.667, 10.667, 0.703];[0, 1];
[0.452, 13.667, 9.667, 0.793];[0.433, 14.333, 7.333, 0.828];[1, 0];
[0.435, 13.0, 9.0, 0.768];[0.502, 12.333, 11.667, 0.739];[1, 0];
[0.461, 14.333, 8.333, 0.671];[0.43, 13.667, 10.667, 0.726];[0, 1];
[0.429, 13.0, 5.333, 0.831];[0.434, 12.667, 11.0, 0.809];[0, 1];
[0.436, 16.0, 12.667, 0.837];[0.45, 12.333, 7.0, 0.814];[1, 0];
[0.49, 15.333, 11.667, 0.77];[0.481, 12.0, 9.667, 0.838];[1, 0];
[0.434, 15.667, 10.0, 0.814];[0.508, 14.667, 8.667, 0.893];[1, 0];
[0.497, 11.333, 7.0, 0.779];[0.479, 12.0, 8.333, 0.8];[1, 0];
[0.424, 12.0, 8.0, 0.685];[0.42, 13.333, 15.333, 0.598];[1, 0];
[0.506, 14.667, 7.333, 0.692];[0.486, 16.0, 9.667, 0.73];[0, 1];
[0.467, 14.0, 12.333, 0.724];[0.443, 15.0, 11.0, 0.766];[1, 0];
[0.468, 10.667, 8.667, 0.763];[0.468, 13.333, 11.0, 0.678];[1, 0];
[0.469, 14.0, 11.667, 0.8];[0.419, 14.0, 12.667, 0.81];[1, 0];
[0.467, 15.667, 7.333, 0.776];[0.457, 11.333, 6.667, 0.789];[1, 0];
[0.433, 12.333, 10.0, 0.747];[0.406, 16.667, 12.333, 0.643];[0, 1];
[0.457, 13.333, 13.0, 0.761];[0.498, 13.0, 10.0, 0.718];[1, 0];
[0.414, 14.333, 12.667, 0.655];[0.519, 12.0, 12.333, 0.771];[0, 1];
[0.459, 10.667, 9.0, 0.795];[0.441, 12.667, 10.0, 0.673];[1, 0];
[0.445, 13.333, 14.333, 0.765];[0.485, 13.333, 7.0, 0.664];[0, 1];
[0.479, 15.0, 7.333, 0.826];[0.459, 8.667, 12.333, 0.807];[0, 1];
[0.476, 10.333, 9.333, 0.852];[0.479, 11.333, 8.667, 0.721];[0, 1];
[0.401, 11.667, 11.0, 0.824];[0.485, 13.667, 11.667, 0.846];[1, 0];
[0.484, 16.667, 9.0, 0.693];[0.411, 13.667, 13.0, 0.8];[0, 1];
[0.468, 16.0, 9.667, 0.738];[0.462, 17.333, 11.667, 0.706];[1, 0];
[0.457, 14.333, 12.0, 0.799];[0.428, 15.333, 9.333, 0.632];[1, 0];
[0.438, 14.667, 12.333, 0.679];[0.411, 14.333, 9.0, 0.798];[1, 0];
[0.433, 13.667, 7.333, 0.759];[0.424, 13.0, 10.0, 0.755];[0, 1];
[0.451, 13.667, 8.667, 0.674];[0.502, 12.667, 8.0, 0.857];[0, 1];
[0.473, 15.0, 8.333, 0.836];[0.405, 12.667, 8.0, 0.845];[1, 0];
[0.445, 14.667, 11.667, 0.748];[0.41, 15.333, 9.333, 0.752];[0, 1];
[0.401, 13.0, 7.667, 0.666];[0.495, 12.333, 7.0, 0.841];[0, 1];
[0.42, 13.0, 12.0, 0.817];[0.494, 17.333, 7.667, 0.652];[0, 1];
[0.394, 14.0, 11.667, 0.81];[0.497, 13.0, 9.0, 0.737];[0, 1];
[0.442, 14.667, 9.667, 0.782];[0.416, 15.0, 17.0, 0.584];[0, 1];
[0.398, 14.0, 12.0, 0.931];[0.459, 17.0, 16.0, 0.636];[1, 0];
[0.502, 12.333, 8.667, 0.773];[0.403, 14.667, 14.0, 0.697];[1, 0];
[0.462, 10.333, 10.0, 0.811];[0.462, 13.333, 10.333, 0.687];[1, 0];
[0.476, 18.667, 14.667, 0.818];[0.439, 14.667, 11.667, 0.614];[0, 1];
[0.44, 12.0, 8.333, 0.614];[0.466, 10.0, 6.333, 0.734];[0, 1];
[0.415, 11.333, 7.333, 0.747];[0.473, 13.333, 10.667, 0.714];[0, 1];
[0.557, 14.0, 6.0, 0.793];[0.458, 15.0, 12.333, 0.867];[0, 1];
[0.451, 14.0, 9.0, 0.756];[0.471, 11.667, 7.333, 0.795];[1, 0];
[0.462, 17.333, 10.333, 0.712];[0.418, 13.0, 8.333, 0.649];[1, 0];
[0.489, 16.333, 5.0, 0.672];[0.461, 14.667, 9.333, 0.809];[1, 0];
[0.503, 10.667, 8.0, 0.805];[0.484, 14.0, 11.667, 0.789];[1, 0];
[0.476, 13.333, 6.333, 0.751];[0.444, 14.0, 12.333, 0.731];[0, 1];
[0.404, 14.0, 12.0, 0.785];[0.436, 14.0, 6.667, 0.731];[1, 0];
[0.434, 12.333, 10.333, 0.816];[0.462, 17.667, 7.0, 0.784];[1, 0];
[0.463, 12.667, 8.667, 0.83];[0.444, 12.333, 9.333, 0.746];[0, 1];
[0.453, 16.667, 10.667, 0.757];[0.529, 10.333, 8.333, 0.74];[0, 1];
[0.542, 15.667, 8.0, 0.725];[0.464, 18.333, 11.333, 0.717];[1, 0];
[0.499, 12.0, 8.0, 0.786];[0.481, 11.0, 10.0, 0.733];[1, 0];
[0.47, 13.0, 7.667, 0.742];[0.433, 17.333, 9.333, 0.75];[0, 1];
[0.448, 13.333, 12.667, 0.787];[0.445, 15.667, 7.0, 0.853];[1, 0];
[0.422, 16.0, 9.0, 0.819];[0.512, 16.333, 10.0, 0.792];[0, 1];
[0.444, 20.333, 13.0, 0.754];[0.505, 9.333, 7.333, 0.77];[0, 1];
[0.427, 10.667, 8.667, 0.746];[0.443, 10.667, 10.0, 0.699];[0, 1];
[0.503, 15.0, 8.0, 0.587];[0.442, 14.0, 9.333, 0.861];[1, 0];
[0.466, 13.333, 6.667, 0.841];[0.444, 10.667, 9.667, 0.791];[0, 1];
[0.377, 10.667, 14.0, 0.793];[0.484, 11.333, 11.333, 0.799];[0, 1];
[0.404, 13.0, 11.333, 0.803];[0.504, 12.667, 8.0, 0.789];[0, 1];
[0.492, 13.0, 8.667, 0.684];[0.53, 16.667, 8.333, 0.714];[1, 0];
[0.515, 12.667, 6.667, 0.827];[0.449, 12.0, 6.0, 0.667];[1, 0];
[0.471, 13.0, 9.667, 0.882];[0.487, 13.333, 7.333, 0.778];[0, 1];
[0.457, 14.667, 8.667, 0.67];[0.472, 9.667, 9.333, 0.737];[1, 0];
[0.453, 12.667, 9.0, 0.74];[0.423, 15.667, 11.0, 0.847];[0, 1];
[0.497, 11.0, 10.333, 0.751];[0.417, 19.0, 9.667, 0.818];[0, 1];
[0.505, 13.333, 11.0, 0.785];[0.478, 18.0, 8.667, 0.78];[0, 1];
[0.472, 17.667, 7.0, 0.791];[0.424, 16.0, 8.333, 0.659];[0, 1];
[0.394, 19.333, 10.0, 0.76];[0.463, 16.0, 11.0, 0.694];[1, 0];
[0.437, 14.667, 9.667, 0.657];[0.469, 16.667, 7.333, 0.812];[1, 0];
[0.45, 12.667, 7.333, 0.863];[0.483, 16.333, 8.0, 0.633];[1, 0];
[0.468, 6.667, 8.333, 0.754];[0.49, 10.333, 7.667, 0.695];[1, 0];
[0.484, 12.667, 8.333, 0.846];[0.418, 11.333, 9.0, 0.867];[1, 0];
[0.444, 10.667, 10.0, 0.777];[0.43, 13.0, 8.667, 0.869];[0, 1];
[0.481, 15.333, 11.667, 0.825];[0.463, 13.667, 13.0, 0.79];[1, 0];
[0.541, 13.333, 8.0, 0.833];[0.46, 12.333, 9.667, 0.771];[0, 1];
[0.448, 14.0, 11.333, 0.686];[0.455, 13.667, 10.333, 0.822];[1, 0];
[0.483, 10.0, 6.667, 0.768];[0.493, 9.333, 6.667, 0.791];[1, 0];
[0.471, 12.0, 5.0, 0.809];[0.456, 15.667, 10.667, 0.765];[1, 0];
[0.452, 14.333, 9.333, 0.766];[0.484, 16.0, 9.0, 0.88];[0, 1];
[0.439, 11.0, 9.333, 0.793];[0.452, 16.333, 9.333, 0.842];[1, 0];
[0.468, 17.0, 13.667, 0.789];[0.482, 9.667, 8.667, 0.795];[1, 0];
[0.429, 13.0, 8.667, 0.855];[0.479, 14.0, 11.333, 0.765];[1, 0];
[0.464, 11.0, 9.0, 0.67];[0.494, 14.0, 8.0, 0.855];[1, 0];
[0.414, 15.333, 13.0, 0.79];[0.455, 12.0, 9.333, 0.808];[0, 1];
[0.463, 17.333, 8.333, 0.738];[0.432, 17.0, 8.667, 0.665];[1, 0];
[0.48, 10.0, 9.0, 0.754];[0.388, 14.333, 13.0, 0.744];[1, 0];
[0.448, 17.0, 9.667, 0.791];[0.532, 13.0, 10.0, 0.701];[1, 0];
[0.502, 14.0, 10.0, 0.83];[0.481, 11.0, 10.333, 0.794];[1, 0];
[0.406, 14.667, 12.667, 0.722];[0.485, 16.333, 6.0, 0.839];[1, 0];
[0.465, 15.0, 9.0, 0.728];[0.467, 13.667, 10.333, 0.832];[1, 0];
[0.433, 12.667, 10.0, 0.744];[0.481, 14.0, 5.667, 0.672];[0, 1];
[0.448, 11.667, 9.667, 0.8];[0.443, 14.0, 11.0, 0.816];[1, 0];
[0.417, 12.0, 12.333, 0.838];[0.475, 15.667, 8.0, 0.846];[1, 0];
[0.467, 16.333, 11.0, 0.69];[0.531, 13.333, 8.0, 0.723];[0, 1];
[0.513, 10.667, 6.667, 0.761];[0.525, 14.333, 8.667, 0.796];[1, 0];
[0.454, 10.333, 11.0, 0.687];[0.434, 13.667, 14.333, 0.825];[1, 0];
[0.458, 12.0, 14.0, 0.774];[0.457, 16.667, 9.333, 0.689];[1, 0];
[0.477, 13.333, 8.333, 0.794];[0.471, 16.0, 10.333, 0.736];[1, 0];
[0.465, 19.0, 7.667, 0.844];[0.442, 13.333, 10.667, 0.785];[1, 0];
[0.448, 14.0, 12.333, 0.814];[0.469, 13.333, 11.0, 0.803];[1, 0];
[0.496, 11.333, 6.667, 0.843];[0.504, 12.667, 11.333, 0.769];[0, 1];
[0.471, 12.0, 12.333, 0.73];[0.458, 13.333, 10.0, 0.795];[1, 0];
[0.457, 13.333, 10.333, 0.808];[0.471, 12.667, 9.333, 0.824];[1, 0];
[0.456, 11.333, 9.667, 0.864];[0.474, 12.667, 9.667, 0.819];[1, 0];
[0.512, 15.333, 11.667, 0.779];[0.475, 15.333, 11.333, 0.65];[0, 1];
[0.477, 13.0, 6.667, 0.738];[0.423, 15.333, 13.667, 0.715];[0, 1];
[0.415, 11.667, 8.667, 0.697];[0.454, 15.333, 9.0, 0.775];[1, 0];
[0.429, 17.0, 8.333, 0.728];[0.432, 13.0, 11.333, 0.781];[1, 0];
[0.44, 13.0, 7.333, 0.818];[0.504, 14.0, 8.333, 0.886];[1, 0];
[0.508, 11.0, 10.333, 0.82];[0.539, 13.667, 9.333, 0.881];[0, 1];
[0.466, 10.333, 11.333, 0.814];[0.441, 12.667, 7.667, 0.736];[0, 1];
[0.446, 13.0, 10.0, 0.712];[0.484, 15.667, 8.0, 0.682];[1, 0];
[0.5, 15.0, 6.0, 0.833];[0.417, 19.0, 14.0, 0.688];[1, 0];
[0.454, 10.0, 6.0, 0.771];[0.438, 13.333, 7.333, 0.805];[0, 1];
[0.503, 13.667, 7.667, 0.746];[0.465, 14.0, 11.0, 0.741];[0, 1];
[0.487, 12.667, 8.333, 0.814];[0.479, 13.333, 9.667, 0.85];[0, 1];
[0.431, 10.0, 9.667, 0.74];[0.486, 14.0, 8.333, 0.849];[1, 0];
[0.422, 12.0, 8.333, 0.792];[0.475, 15.333, 9.333, 0.748];[1, 0];
[0.42, 14.667, 13.667, 0.698];[0.462, 13.667, 9.0, 0.845];[1, 0];
[0.456, 14.0, 10.0, 0.768];[0.475, 17.0, 10.667, 0.779];[1, 0];
[0.48, 13.667, 8.667, 0.773];[0.482, 13.0, 6.333, 0.733];[1, 0];
[0.428, 10.0, 9.333, 0.745];[0.511, 12.667, 9.667, 0.788];[0, 1];
[0.44, 13.667, 12.667, 0.727];[0.465, 11.0, 9.0, 0.82];[1, 0];
[0.491, 11.0, 9.333, 0.839];[0.428, 17.667, 9.667, 0.746];[1, 0];
[0.496, 13.0, 7.0, 0.715];[0.4, 13.667, 11.0, 0.839];[1, 0];
[0.509, 16.667, 6.667, 0.639];[0.438, 18.0, 9.0, 0.823];[0, 1];
[0.509, 15.667, 8.333, 0.76];[0.475, 16.333, 9.667, 0.808];[0, 1];
[0.441, 12.333, 8.667, 0.723];[0.465, 14.667, 7.333, 0.779];[1, 0];
[0.522, 12.0, 7.667, 0.835];[0.507, 13.0, 9.667, 0.821];[1, 0];
[0.493, 14.0, 9.667, 0.806];[0.474, 15.667, 9.333, 0.781];[0, 1];
[0.439, 12.333, 11.333, 0.747];[0.473, 10.0, 9.0, 0.77];[1, 0];
[0.475, 10.333, 10.0, 0.783];[0.446, 12.667, 12.667, 0.701];[0, 1];
[0.423, 15.667, 14.667, 0.841];[0.494, 12.0, 9.667, 0.749];[1, 0];
[0.456, 17.0, 8.333, 0.804];[0.448, 17.333, 10.333, 0.728];[1, 0];
[0.46, 14.0, 14.0, 0.871];[0.541, 12.0, 6.667, 0.839];[0, 1];
[0.488, 13.667, 7.0, 0.843];[0.443, 10.667, 11.0, 0.787];[1, 0];
[0.435, 15.333, 15.333, 0.801];[0.52, 17.0, 8.0, 0.826];[1, 0];
[0.456, 17.333, 10.333, 0.687];[0.477, 13.0, 6.0, 0.692];[0, 1];
[0.409, 12.333, 5.667, 0.794];[0.431, 19.0, 9.0, 0.806];[1, 0];
[0.432, 11.667, 7.0, 0.785];[0.454, 13.667, 5.333, 0.717];[1, 0];
[0.471, 14.667, 9.667, 0.719];[0.437, 15.333, 10.333, 0.651];[1, 0];
[0.533, 16.0, 7.0, 0.829];[0.472, 13.0, 8.0, 0.838];[0, 1];
[0.428, 11.667, 9.0, 0.8];[0.508, 11.0, 8.333, 0.815];[0, 1];
[0.422, 15.667, 11.667, 0.649];[0.451, 16.333, 7.333, 0.769];[1, 0];
[0.386, 11.333, 12.333, 0.862];[0.458, 14.333, 8.667, 0.665];[0, 1];
[0.453, 13.667, 11.0, 0.829];[0.464, 13.0, 12.0, 0.693];[1, 0];
[0.503, 15.0, 8.0, 0.836];[0.477, 14.0, 7.667, 0.87];[1, 0];
[0.455, 14.0, 10.0, 0.796];[0.494, 12.667, 4.667, 0.767];[0, 1];
[0.46, 12.0, 8.333, 0.783];[0.43, 13.333, 8.333, 0.83];[1, 0];
[0.446, 10.333, 7.0, 0.76];[0.436, 15.0, 10.667, 0.731];[1, 0];
[0.492, 12.333, 9.333, 0.777];[0.489, 13.0, 7.667, 0.699];[1, 0];
[0.427, 13.0, 7.0, 0.761];[0.515, 16.0, 9.0, 0.6];[1, 0];
[0.472, 16.0, 6.667, 0.809];[0.477, 11.667, 6.667, 0.786];[0, 1];
[0.455, 12.0, 10.0, 0.789];[0.465, 17.333, 8.667, 0.796];[1, 0];
[0.455, 14.667, 9.333, 0.77];[0.397, 11.667, 11.667, 0.654];[1, 0];
[0.44, 13.333, 10.667, 0.841];[0.503, 18.667, 9.667, 0.795];[1, 0];
[0.53, 12.667, 9.333, 0.69];[0.466, 11.667, 9.667, 0.902];[1, 0];
[0.495, 13.667, 10.667, 0.746];[0.431, 12.333, 10.667, 0.745];[0, 1];
[0.451, 13.333, 13.0, 0.681];[0.453, 17.0, 9.0, 0.842];[0, 1];
[0.45, 14.333, 11.0, 0.81];[0.414, 12.333, 7.333, 0.875];[1, 0];
[0.473, 14.0, 10.667, 0.764];[0.433, 11.667, 10.0, 0.745];[0, 1];
[0.465, 11.0, 7.667, 0.828];[0.48, 10.333, 7.333, 0.806];[0, 1];
[0.463, 14.667, 8.333, 0.697];[0.458, 10.333, 11.0, 0.761];[0, 1];
[0.413, 17.333, 8.333, 0.926];[0.483, 10.667, 9.333, 0.727];[1, 0];
[0.397, 14.0, 11.667, 0.799];[0.428, 14.667, 9.667, 0.737];[1, 0];
[0.489, 13.0, 9.333, 0.802];[0.493, 10.0, 7.0, 0.822];[0, 1];
[0.477, 12.333, 11.667, 0.613];[0.531, 9.667, 9.0, 0.732];[1, 0];
[0.486, 10.667, 12.0, 0.733];[0.431, 9.667, 9.333, 0.798];[0, 1];
[0.506, 12.667, 8.667, 0.813];[0.453, 14.0, 12.333, 0.831];[1, 0];
[0.497, 11.667, 7.0, 0.653];[0.478, 13.333, 7.0, 0.841];[1, 0];
[0.436, 11.0, 11.333, 0.769];[0.459, 12.333, 13.0, 0.755];[1, 0];
[0.444, 12.667, 5.333, 0.727];[0.433, 12.0, 9.0, 0.763];[0, 1];
[0.476, 10.0, 10.333, 0.721];[0.439, 10.667, 9.333, 0.716];[0, 1];
[0.401, 17.333, 12.667, 0.689];[0.476, 14.667, 9.667, 0.794];[1, 0];
[0.467, 12.333, 10.667, 0.774];[0.457, 14.333, 12.333, 0.788];[1, 0];
[0.5, 11.333, 10.333, 0.713];[0.477, 18.0, 9.0, 0.782];[0, 1];
[0.5, 15.0, 6.0, 0.833];[0.463, 14.0, 8.0, 0.833];[0, 1];
[0.438, 12.333, 11.667, 0.685];[0.438, 12.667, 10.333, 0.739];[1, 0];
[0.483, 12.0, 6.0, 0.77];[0.499, 10.667, 6.667, 0.842];[1, 0];
[0.484, 10.667, 9.333, 0.884];[0.493, 12.667, 7.0, 0.815];[1, 0];
[0.45, 11.0, 9.333, 0.818];[0.419, 16.667, 10.0, 0.724];[1, 0];
[0.494, 13.0, 7.667, 0.766];[0.42, 11.667, 10.667, 0.854];[1, 0];
[0.463, 13.333, 9.667, 0.721];[0.396, 12.0, 9.333, 0.732];[0, 1];
[0.471, 15.333, 10.0, 0.632];[0.434, 12.333, 9.333, 0.616];[0, 1];
[0.432, 14.667, 14.0, 0.819];[0.455, 9.667, 8.667, 0.774];[0, 1];
[0.454, 16.333, 12.333, 0.694];[0.487, 16.667, 7.333, 0.766];[1, 0];
[0.478, 13.0, 6.333, 0.678];[0.475, 14.667, 10.333, 0.797];[1, 0];
[0.382, 9.667, 10.0, 0.792];[0.481, 10.667, 10.0, 0.702];[1, 0];
[0.456, 11.333, 11.667, 0.854];[0.462, 10.333, 12.333, 0.898];[0, 1];
[0.453, 13.0, 10.0, 0.811];[0.413, 12.0, 7.0, 0.714];[1, 0];
[0.421, 15.0, 14.0, 0.822];[0.435, 17.667, 13.0, 0.77];[1, 0];
[0.524, 13.333, 4.667, 0.828];[0.494, 18.0, 11.667, 0.789];[1, 0];
[0.387, 9.667, 11.0, 0.828];[0.407, 15.667, 10.667, 0.797];[0, 1];
[0.527, 15.667, 9.0, 0.773];[0.469, 10.333, 12.667, 0.746];[1, 0];
[0.444, 17.667, 11.333, 0.786];[0.452, 15.0, 8.0, 0.776];[1, 0];
[0.457, 12.333, 11.333, 0.718];[0.448, 14.0, 11.667, 0.792];[0, 1];
[0.468, 14.0, 6.0, 0.784];[0.489, 13.333, 8.0, 0.802];[0, 1];
[0.444, 16.333, 10.333, 0.845];[0.477, 12.333, 6.333, 0.772];[1, 0];
[0.498, 12.667, 7.667, 0.673];[0.436, 15.333, 12.333, 0.705];[1, 0];
[0.444, 14.667, 8.333, 0.8];[0.452, 13.0, 11.667, 0.784];[1, 0];
[0.439, 13.0, 8.333, 0.785];[0.418, 9.0, 13.333, 0.855];[1, 0];
[0.453, 15.333, 9.667, 0.735];[0.526, 13.667, 8.667, 0.742];[1, 0];
[0.437, 9.667, 8.333, 0.77];[0.515, 11.333, 7.667, 0.755];[0, 1];
[0.463, 14.0, 9.333, 0.665];[0.432, 12.333, 10.0, 0.703];[1, 0];
[0.478, 11.667, 10.0, 0.769];[0.488, 11.333, 8.333, 0.727];[0, 1];
[0.516, 11.667, 4.333, 0.812];[0.515, 10.0, 4.667, 0.776];[1, 0];
[0.434, 11.667, 11.0, 0.799];[0.491, 12.0, 6.667, 0.759];[1, 0];
[0.469, 13.0, 9.333, 0.729];[0.43, 18.0, 11.0, 0.755];[1, 0];
[0.444, 13.667, 8.333, 0.804];[0.43, 15.667, 14.0, 0.714];[1, 0];
[0.476, 10.333, 10.667, 0.794];[0.454, 16.333, 8.667, 0.803];[0, 1];
[0.455, 12.667, 13.0, 0.77];[0.502, 14.0, 9.333, 0.78];[1, 0];
[0.48, 14.667, 11.667, 0.688];[0.445, 12.0, 8.667, 0.83];[1, 0];
[0.42, 14.0, 8.667, 0.806];[0.49, 13.333, 10.0, 0.815];[1, 0];
[0.493, 16.0, 10.0, 0.772];[0.447, 13.333, 10.333, 0.755];[0, 1];
[0.413, 20.333, 10.0, 0.845];[0.471, 13.667, 7.333, 0.704];[0, 1];
[0.488, 16.333, 8.333, 0.797];[0.513, 12.333, 9.667, 0.75];[1, 0];
[0.458, 14.333, 8.333, 0.799];[0.413, 16.0, 12.667, 0.696];[1, 0];
[0.424, 12.667, 8.0, 0.677];[0.478, 11.333, 8.667, 0.763];[0, 1];
[0.49, 14.0, 10.333, 0.844];[0.447, 16.0, 11.0, 0.802];[0, 1];
[0.467, 15.333, 10.0, 0.782];[0.472, 11.667, 11.333, 0.734];[0, 1];
[0.441, 11.667, 6.667, 0.78];[0.42, 10.333, 11.333, 0.822];[1, 0];
[0.455, 15.0, 9.333, 0.794];[0.453, 11.0, 7.0, 0.827];[1, 0];
[0.435, 12.333, 9.667, 0.767];[0.472, 20.0, 12.0, 0.818];[0, 1];
[0.439, 11.333, 7.667, 0.773];[0.436, 9.0, 8.333, 0.744];[1, 0];
[0.483, 12.0, 11.667, 0.804];[0.456, 12.333, 11.667, 0.716];[1, 0];
[0.442, 11.0, 12.333, 0.742];[0.468, 10.0, 11.667, 0.727];[0, 1];
[0.439, 16.0, 8.0, 0.743];[0.504, 12.333, 9.333, 0.751];[0, 1];
[0.484, 14.667, 5.667, 0.728];[0.461, 12.333, 8.667, 0.8];[1, 0];
[0.398, 12.333, 12.0, 0.872];[0.438, 11.333, 9.667, 0.804];[1, 0];
[0.506, 11.667, 5.667, 0.78];[0.494, 13.0, 9.667, 0.817];[1, 0];
[0.455, 9.0, 9.0, 0.718];[0.431, 12.667, 16.333, 0.771];[1, 0];
[0.475, 12.0, 12.333, 0.662];[0.466, 9.667, 9.0, 0.802];[1, 0];
[0.443, 11.0, 10.667, 0.826];[0.446, 16.667, 13.0, 0.783];[0, 1];
[0.445, 13.667, 7.0, 0.691];[0.432, 12.667, 8.0, 0.838];[0, 1];
[0.462, 12.0, 8.667, 0.698];[0.425, 17.667, 11.0, 0.788];[1, 0];
[0.491, 10.333, 9.0, 0.775];[0.448, 14.0, 8.667, 0.707];[1, 0];
[0.509, 10.667, 9.0, 0.79];[0.442, 11.333, 15.667, 0.613];[1, 0];
[0.536, 12.667, 9.0, 0.84];[0.478, 9.0, 8.333, 0.694];[1, 0];
[0.448, 15.667, 10.0, 0.796];[0.479, 11.333, 5.667, 0.839];[0, 1];
[0.433, 13.0, 7.667, 0.889];[0.451, 14.667, 11.333, 0.767];[1, 0];
[0.411, 13.667, 12.667, 0.755];[0.486, 9.667, 5.333, 0.706];[0, 1];
[0.43, 13.667, 9.667, 0.781];[0.543, 17.0, 9.0, 1.0];[0, 1];
[0.418, 14.0, 6.0, 0.839];[0.47, 15.0, 9.0, 0.689];[0, 1];
[0.43, 12.0, 12.667, 0.664];[0.472, 15.667, 10.333, 0.803];[0, 1];
[0.46, 9.333, 9.333, 0.807];[0.464, 15.667, 9.0, 0.8];[1, 0];
[0.471, 12.333, 11.333, 0.806];[0.421, 13.333, 12.0, 0.704];[1, 0];
[0.484, 14.0, 10.0, 0.705];[0.471, 15.667, 11.667, 0.73];[1, 0];
[0.442, 12.667, 11.0, 0.707];[0.456, 14.0, 13.333, 0.845];[0, 1];
[0.457, 13.667, 8.333, 0.677];[0.427, 10.333, 12.333, 0.83];[1, 0];
[0.504, 13.333, 8.0, 0.738];[0.488, 12.0, 8.333, 0.87];[1, 0];
[0.461, 16.0, 7.333, 0.708];[0.449, 14.667, 9.333, 0.704];[0, 1];
[0.473, 12.0, 6.333, 0.644];[0.503, 14.0, 8.0, 0.668];[0, 1];
[0.466, 12.333, 11.0, 0.747];[0.453, 10.333, 11.0, 0.793];[0, 1];
[0.464, 14.667, 5.667, 0.729];[0.47, 7.667, 6.333, 0.714];[0, 1];
[0.446, 16.667, 12.667, 0.747];[0.387, 17.667, 14.0, 0.771];[0, 1];
[0.459, 13.667, 12.333, 0.721];[0.423, 16.667, 12.0, 0.844];[0, 1];
[0.441, 16.0, 9.0, 0.855];[0.436, 9.667, 12.0, 0.587];[0, 1];
[0.488, 15.333, 9.333, 0.794];[0.463, 11.333, 6.667, 0.793];[1, 0];
[0.426, 12.0, 7.0, 0.816];[0.512, 14.0, 9.667, 0.715];[0, 1];
[0.408, 15.0, 13.667, 0.782];[0.496, 18.0, 12.0, 0.746];[0, 1];
[0.493, 13.667, 11.0, 0.735];[0.459, 12.667, 13.333, 0.792];[0, 1];
[0.476, 12.333, 7.667, 0.725];[0.5, 10.0, 5.667, 0.7];[1, 0];
[0.471, 11.333, 9.667, 0.868];[0.501, 12.0, 9.0, 0.75];[0, 1];
[0.488, 13.333, 9.0, 0.829];[0.525, 13.667, 10.667, 0.709];[0, 1];
[0.44, 12.667, 8.333, 0.71];[0.492, 15.667, 12.0, 0.792];[1, 0];
[0.413, 10.333, 7.667, 0.836];[0.508, 13.333, 13.0, 0.736];[0, 1];
[0.5, 14.0, 6.0, 0.837];[0.413, 12.0, 10.333, 0.677];[0, 1];
[0.511, 18.0, 10.0, 0.8];[0.468, 14.0, 6.0, 0.784];[0, 1];
[0.45, 14.333, 9.0, 0.829];[0.469, 15.0, 7.667, 0.735];[1, 0];
[0.457, 11.667, 9.667, 0.802];[0.419, 14.333, 12.0, 0.767];[1, 0];
[0.418, 10.333, 11.333, 0.785];[0.444, 12.667, 6.333, 0.664];[0, 1];
[0.473, 15.667, 13.0, 0.745];[0.483, 12.667, 8.0, 0.691];[1, 0];
[0.488, 18.667, 13.667, 0.785];[0.462, 15.333, 10.333, 0.688];[0, 1];
[0.453, 13.0, 8.0, 0.616];[0.413, 13.0, 8.0, 0.843];[0, 1];
[0.457, 13.0, 8.333, 0.821];[0.469, 10.667, 8.333, 0.833];[1, 0];
[0.472, 12.0, 14.667, 0.807];[0.471, 13.0, 9.667, 0.772];[1, 0];
[0.475, 11.333, 6.667, 0.808];[0.436, 12.333, 12.667, 0.734];[0, 1];
[0.437, 14.0, 10.667, 0.782];[0.448, 11.667, 8.333, 0.794];[0, 1];
[0.484, 13.0, 7.0, 0.727];[0.42, 19.0, 15.667, 0.788];[0, 1];
[0.408, 12.667, 8.667, 0.822];[0.444, 12.667, 10.333, 0.858];[0, 1];
[0.468, 10.333, 7.333, 0.831];[0.462, 14.0, 8.0, 0.772];[0, 1];
[0.449, 12.667, 9.667, 0.714];[0.498, 12.0, 7.0, 0.789];[0, 1];
[0.502, 13.0, 7.0, 0.828];[0.472, 15.0, 9.667, 0.735];[1, 0];
[0.443, 14.667, 13.0, 0.766];[0.394, 14.333, 7.667, 0.819];[1, 0];
[0.482, 11.0, 11.333, 0.775];[0.452, 11.333, 16.333, 0.738];[0, 1];
[0.475, 15.0, 9.0, 0.661];[0.469, 14.333, 8.333, 0.752];[0, 1];
[0.455, 13.667, 8.333, 0.83];[0.46, 13.0, 12.333, 0.768];[1, 0];
[0.531, 12.667, 8.0, 0.798];[0.477, 11.333, 9.333, 0.748];[0, 1];
[0.458, 14.0, 11.667, 0.718];[0.459, 16.333, 12.0, 0.814];[0, 1];
[0.431, 17.333, 9.667, 0.748];[0.49, 17.667, 14.333, 0.763];[0, 1];
[0.484, 13.333, 9.333, 0.858];[0.506, 12.667, 7.667, 0.728];[0, 1];
[0.517, 13.667, 9.333, 0.752];[0.463, 13.667, 10.0, 0.702];[0, 1];
[0.439, 15.0, 14.667, 0.791];[0.462, 11.0, 14.0, 0.766];[1, 0];
[0.43, 14.667, 10.0, 0.755];[0.523, 14.0, 8.667, 0.883];[1, 0];
[0.436, 13.333, 9.333, 0.759];[0.492, 14.667, 6.667, 0.673];[1, 0];
[0.451, 15.333, 8.667, 0.842];[0.449, 16.667, 10.0, 0.746];[0, 1];
[0.437, 10.667, 8.0, 0.678];[0.442, 12.333, 8.0, 0.789];[0, 1];
[0.461, 14.667, 8.0, 0.803];[0.434, 17.333, 15.0, 0.661];[1, 0];
[0.456, 13.667, 14.0, 0.814];[0.453, 14.333, 8.0, 0.672];[1, 0];
[0.518, 13.667, 10.667, 0.816];[0.437, 12.333, 11.333, 0.799];[0, 1];
[0.465, 12.667, 11.667, 0.765];[0.51, 14.333, 11.667, 0.758];[1, 0];
[0.479, 14.0, 10.333, 0.792];[0.445, 14.0, 8.667, 0.806];[1, 0];
[0.432, 12.333, 6.333, 0.793];[0.462, 14.0, 8.333, 0.773];[1, 0];
[0.524, 17.0, 8.667, 0.778];[0.477, 16.0, 11.333, 0.775];[0, 1];
[0.51, 11.0, 9.333, 0.875];[0.46, 16.667, 11.333, 0.808];[1, 0];
[0.443, 11.333, 9.333, 0.933];[0.489, 12.667, 6.333, 0.795];[1, 0];
[0.437, 16.333, 12.667, 0.802];[0.506, 22.0, 9.0, 0.867];[1, 0];
[0.489, 14.667, 11.333, 0.78];[0.452, 10.0, 11.667, 0.74];[0, 1];
[0.427, 12.333, 9.333, 0.785];[0.505, 11.0, 13.0, 0.764];[0, 1];
[0.434, 14.333, 10.333, 0.861];[0.467, 14.0, 10.667, 0.742];[1, 0];
[0.459, 11.667, 9.667, 0.83];[0.449, 12.333, 10.667, 0.693];[1, 0];
[0.481, 14.667, 7.0, 0.774];[0.434, 12.333, 9.333, 0.691];[1, 0];
[0.507, 15.667, 7.333, 0.766];[0.44, 12.667, 11.667, 0.709];[1, 0];
[0.503, 18.0, 11.333, 0.828];[0.41, 14.333, 14.0, 0.687];[0, 1];
[0.434, 9.667, 9.667, 0.753];[0.494, 14.667, 12.667, 0.772];[0, 1];
[0.489, 14.333, 9.333, 0.75];[0.53, 15.333, 6.333, 0.828];[1, 0];
[0.447, 14.667, 9.0, 0.781];[0.413, 15.0, 8.333, 0.889];[0, 1];
[0.446, 11.0, 9.333, 0.842];[0.453, 17.667, 8.667, 0.942];[0, 1];
[0.494, 10.667, 12.667, 0.791];[0.426, 12.0, 9.0, 0.848];[1, 0];
[0.478, 12.333, 8.333, 0.827];[0.466, 15.667, 12.333, 0.609];[0, 1];
[0.491, 12.333, 8.667, 0.879];[0.469, 12.667, 12.333, 0.675];[1, 0];
[0.506, 14.0, 8.667, 0.807];[0.465, 12.0, 11.333, 0.803];[0, 1];
[0.432, 10.667, 9.0, 0.786];[0.539, 13.333, 9.0, 0.707];[0, 1];
[0.474, 11.667, 9.333, 0.8];[0.483, 14.667, 9.333, 0.813];[1, 0];
[0.435, 17.333, 10.333, 0.691];[0.401, 15.0, 9.667, 0.628];[1, 0];
[0.485, 14.667, 8.0, 0.788];[0.417, 14.0, 10.0, 0.715];[0, 1];
[0.444, 15.667, 6.667, 0.764];[0.466, 12.333, 10.667, 0.761];[1, 0];
[0.442, 13.333, 7.333, 0.737];[0.449, 11.667, 6.0, 0.754];[0, 1];
[0.53, 13.0, 7.333, 0.794];[0.451, 15.333, 14.333, 0.691];[1, 0];
[0.432, 15.667, 14.667, 0.719];[0.447, 15.0, 11.667, 0.77];[1, 0];
[0.511, 13.333, 6.0, 0.843];[0.498, 14.0, 9.667, 0.74];[1, 0];
[0.457, 14.0, 6.0, 0.775];[0.473, 12.667, 14.333, 0.75];[0, 1];
[0.435, 13.667, 12.667, 0.751];[0.418, 14.0, 9.333, 0.735];[0, 1];
[0.475, 11.667, 9.333, 0.819];[0.459, 15.0, 10.667, 0.777];[0, 1];
[0.441, 11.333, 10.667, 0.827];[0.394, 10.667, 9.333, 0.818];[1, 0];
[0.46, 11.333, 11.667, 0.774];[0.459, 13.667, 11.0, 0.64];[1, 0];
[0.409, 11.0, 14.0, 0.625];[0.472, 13.0, 8.0, 0.838];[0, 1];
[0.494, 14.333, 8.667, 0.896];[0.502, 17.0, 11.0, 0.811];[1, 0];
[0.527, 18.333, 9.333, 0.804];[0.445, 14.333, 9.333, 0.779];[0, 1];
[0.477, 11.0, 9.667, 0.791];[0.436, 14.0, 10.333, 0.709];[0, 1];
[0.475, 14.0, 11.0, 0.752];[0.477, 13.667, 9.333, 0.741];[0, 1];
[0.439, 13.333, 10.667, 0.799];[0.466, 15.667, 11.667, 0.733];[1, 0];
[0.43, 14.0, 6.333, 0.767];[0.477, 17.667, 10.333, 0.841];[0, 1];
[0.462, 15.667, 7.0, 0.807];[0.478, 15.667, 11.0, 0.81];[0, 1];
[0.454, 13.667, 12.667, 0.672];[0.436, 14.333, 11.333, 0.727];[1, 0];
[0.465, 14.0, 7.0, 0.767];[0.458, 17.0, 10.333, 0.822];[0, 1];
[0.468, 17.0, 7.667, 0.724];[0.475, 12.333, 10.0, 0.71];[0, 1];
[0.513, 12.667, 7.667, 0.857];[0.428, 13.0, 11.667, 0.801];[0, 1];
[0.39, 13.667, 11.667, 0.727];[0.477, 14.667, 9.667, 0.628];[0, 1];
[0.451, 13.667, 12.667, 0.765];[0.452, 12.333, 7.0, 0.813];[1, 0];
[0.469, 17.0, 10.333, 0.768];[0.497, 14.0, 7.0, 0.774];[0, 1];
[0.463, 11.0, 7.333, 0.803];[0.543, 17.0, 9.0, 1.0];[1, 0];
[0.484, 12.667, 10.0, 0.766];[0.425, 12.0, 9.0, 0.753];[1, 0];
[0.418, 14.667, 10.0, 0.749];[0.5, 10.333, 8.333, 0.786];[1, 0];
[0.437, 15.333, 10.333, 0.703];[0.452, 14.0, 10.0, 0.79];[1, 0];
[0.408, 14.0, 13.667, 0.889];[0.416, 14.667, 9.0, 0.791];[1, 0];
[0.464, 11.333, 7.667, 0.853];[0.414, 12.667, 12.333, 0.852];[0, 1];
[0.473, 11.0, 11.0, 0.705];[0.476, 15.667, 7.667, 0.705];[0, 1];
[0.414, 13.333, 8.333, 0.711];[0.439, 13.667, 11.0, 0.749];[0, 1];
[0.414, 13.667, 11.0, 0.736];[0.484, 15.0, 10.667, 0.762];[0, 1];
[0.518, 15.0, 7.667, 0.817];[0.454, 14.667, 7.667, 0.707];[1, 0];
[0.471, 16.0, 10.0, 0.667];[0.44, 13.0, 8.333, 0.782];[1, 0];
[0.477, 14.333, 9.0, 0.66];[0.408, 16.0, 11.0, 0.75];[0, 1];
[0.468, 13.333, 8.0, 0.858];[0.475, 11.0, 5.667, 0.8];[1, 0];
[0.418, 13.667, 12.333, 0.839];[0.431, 11.667, 7.0, 0.673];[1, 0];
[0.524, 14.0, 6.0, 0.912];[0.493, 12.0, 6.333, 0.727];[1, 0];
[0.499, 12.667, 6.667, 0.864];[0.474, 15.0, 12.0, 0.729];[1, 0];
[0.442, 10.667, 11.667, 0.716];[0.48, 12.333, 11.667, 0.773];[0, 1];
[0.439, 14.333, 9.0, 0.769];[0.434, 13.667, 12.667, 0.793];[0, 1];
[0.498, 12.333, 7.333, 0.722];[0.461, 12.333, 12.333, 0.758];[0, 1];
[0.433, 16.333, 9.667, 0.795];[0.458, 13.0, 8.333, 0.783];[0, 1];
[0.453, 11.0, 12.0, 0.884];[0.37, 13.0, 11.0, 0.694];[0, 1];
[0.43, 13.0, 11.667, 0.711];[0.465, 10.667, 8.667, 0.798];[0, 1];
[0.531, 17.333, 12.0, 0.58];[0.527, 10.333, 8.0, 0.608];[1, 0];
[0.472, 15.667, 9.0, 0.758];[0.493, 15.667, 14.0, 0.768];[0, 1];
[0.435, 15.0, 10.667, 0.796];[0.467, 13.333, 8.0, 0.686];[1, 0];
[0.506, 10.667, 5.667, 0.894];[0.5, 16.333, 7.333, 0.838];[0, 1];
[0.441, 13.0, 10.333, 0.764];[0.499, 9.333, 13.0, 0.791];[0, 1];
[0.472, 10.333, 6.667, 0.686];[0.467, 12.0, 9.0, 0.808];[0, 1];
[0.53, 12.667, 7.667, 0.804];[0.445, 15.0, 14.0, 0.721];[1, 0];
[0.399, 10.333, 10.333, 0.828];[0.431, 14.667, 12.0, 0.715];[0, 1];
[0.468, 12.0, 5.333, 0.644];[0.408, 16.667, 12.333, 0.738];[1, 0];
[0.449, 12.333, 14.333, 0.783];[0.465, 11.0, 7.667, 0.778];[0, 1];
[0.461, 15.667, 11.333, 0.811];[0.439, 16.333, 8.667, 0.714];[1, 0];
[0.468, 14.667, 8.0, 0.821];[0.448, 16.667, 13.333, 0.821];[1, 0];
[0.405, 10.0, 8.333, 0.756];[0.485, 12.0, 11.667, 0.723];[0, 1];
[0.469, 13.0, 7.333, 0.781];[0.429, 13.0, 12.333, 0.76];[0, 1];
[0.494, 15.667, 9.333, 0.786];[0.469, 12.667, 10.333, 0.871];[0, 1];
[0.439, 11.333, 9.0, 0.762];[0.487, 12.0, 7.667, 0.797];[1, 0];
[0.488, 11.667, 9.333, 0.818];[0.475, 12.667, 9.333, 0.811];[1, 0];
[0.469, 15.0, 10.0, 0.823];[0.477, 14.0, 14.333, 0.729];[1, 0];
[0.453, 13.333, 11.333, 0.777];[0.468, 11.0, 13.667, 0.736];[1, 0];
[0.504, 10.333, 8.333, 0.832];[0.534, 14.0, 9.333, 0.733];[0, 1];
[0.459, 14.333, 9.0, 0.75];[0.476, 14.667, 7.667, 0.716];[1, 0];
[0.502, 13.667, 8.0, 0.702];[0.486, 14.667, 13.0, 0.726];[0, 1];
