[0.512, 15.667, 10.667, 0.649];[0.501, 16.333, 11.0, 0.741];[1, 0];
[0.508, 12.667, 6.667, 0.705];[0.495, 13.667, 9.0, 0.845];[0, 1];
[0.469, 15.333, 11.667, 0.742];[0.457, 15.667, 11.667, 0.716];[1, 0];
[0.472, 15.667, 13.667, 0.57];[0.455, 16.333, 10.0, 0.842];[0, 1];
[0.459, 13.333, 11.333, 0.747];[0.387, 8.333, 14.333, 0.835];[0, 1];
[0.485, 18.0, 7.0, 0.692];[0.381, 17.0, 11.0, 0.727];[0, 1];
[0.465, 15.667, 11.667, 0.674];[0.458, 14.0, 12.0, 0.778];[0, 1];
[0.414, 13.0, 10.333, 0.671];[0.464, 13.0, 8.0, 0.653];[0, 1];
[0.494, 14.0, 8.667, 0.708];[0.488, 14.667, 14.0, 0.691];[1, 0];
[0.451, 12.0, 10.667, 0.718];[0.462, 9.333, 7.667, 0.781];[0, 1];
[0.497, 15.667, 9.0, 0.67];[0.481, 13.333, 11.333, 0.689];[0, 1];
[0.489, 18.0, 10.667, 0.865];[0.43, 15.667, 9.333, 0.82];[0, 1];
[0.478, 17.667, 8.667, 0.855];[0.395, 16.0, 12.667, 0.796];[1, 0];
[0.483, 16.0, 12.333, 0.753];[0.484, 14.667, 9.0, 0.766];[1, 0];
[0.475, 10.333, 10.0, 0.874];[0.436, 12.667, 13.667, 0.811];[1, 0];
[0.488, 12.667, 8.333, 0.744];[0.506, 12.0, 11.333, 0.792];[0, 1];
[0.371, 12.667, 12.667, 0.699];[0.433, 10.667, 9.333, 0.793];[0, 1];
[0.411, 15.0, 9.667, 0.726];[0.452, 14.0, 12.333, 0.735];[1, 0];
[0.411, 15.0, 10.0, 0.772];[0.525, 15.0, 9.333, 0.769];[1, 0];
[0.478, 16.0, 13.667, 0.713];[0.475, 10.667, 11.0, 0.725];[1, 0];
[0.483, 12.667, 9.667, 0.723];[0.45, 14.0, 12.333, 0.74];[0, 1];
[0.486, 17.0, 14.0, 0.724];[0.471, 16.333, 11.667, 0.734];[0, 1];
[0.466, 13.0, 11.0, 0.811];[0.441, 13.667, 11.0, 0.8];[1, 0];
[0.427, 15.0, 13.667, 0.795];[0.542, 19.0, 11.0, 0.817];[0, 1];
[0.439, 15.333, 10.0, 0.738];[0.491, 11.0, 5.333, 0.661];[0, 1];
[0.47, 16.333, 11.333, 0.819];[0.498, 18.0, 11.0, 0.667];[1, 0];
[0.362, 16.667, 11.0, 0.785];[0.468, 14.667, 9.667, 0.813];[1, 0];
[0.473, 13.333, 7.0, 0.633];[0.464, 15.667, 6.333, 0.808];[1, 0];
[0.548, 11.333, 7.0, 0.646];[0.484, 11.0, 12.333, 0.879];[1, 0];
[0.451, 11.0, 10.333, 0.728];[0.481, 13.333, 11.0, 0.756];[0, 1];
[0.442, 16.0, 12.667, 0.773];[0.424, 15.0, 12.333, 0.822];[0, 1];
[0.477, 14.667, 8.0, 0.848];[0.483, 9.333, 10.0, 0.705];[0, 1];
[0.443, 12.0, 13.333, 0.879];[0.428, 14.0, 11.0, 0.71];[0, 1];
[0.411, 18.0, 9.0, 0.778];[0.413, 19.0, 13.667, 0.803];[0, 1];
[0.446, 11.333, 16.667, 0.832];[0.433, 12.0, 16.333, 0.769];[0, 1];
[0.434, 13.0, 11.0, 0.815];[0.527, 21.333, 10.0, 0.81];[1, 0];
[0.467, 14.667, 12.667, 0.783];[0.479, 13.333, 8.0, 0.766];[1, 0];
[0.437, 15.0, 11.0, 0.763];[0.468, 14.0, 9.333, 0.775];[0, 1];
[0.456, 12.667, 8.667, 0.771];[0.444, 16.0, 11.667, 0.727];[0, 1];
[0.48, 10.0, 8.0, 0.774];[0.453, 12.667, 12.333, 0.762];[0, 1];
[0.439, 13.0, 12.333, 0.742];[0.462, 17.667, 11.333, 0.771];[0, 1];
[0.416, 14.333, 9.667, 0.788];[0.431, 14.667, 11.333, 0.765];[1, 0];
[0.501, 14.667, 11.667, 0.815];[0.49, 13.0, 11.333, 0.735];[0, 1];
[0.454, 15.667, 7.333, 0.827];[0.44, 14.333, 11.667, 0.747];[1, 0];
[0.457, 15.0, 11.0, 0.818];[0.476, 12.667, 8.333, 0.723];[1, 0];
[0.429, 15.0, 9.0, 0.788];[0.365, 20.0, 22.0, 0.63];[0, 1];
[0.433, 11.0, 9.0, 0.898];[0.489, 13.0, 9.667, 0.808];[0, 1];
[0.443, 12.0, 10.667, 0.738];[0.386, 10.667, 12.667, 0.721];[1, 0];
[0.42, 14.667, 15.667, 0.838];[0.439, 13.333, 9.667, 0.875];[0, 1];
[0.427, 15.667, 6.667, 0.693];[0.398, 16.0, 10.0, 0.605];[1, 0];
[0.406, 14.667, 11.0, 0.763];[0.424, 14.0, 10.0, 0.827];[0, 1];
[0.441, 15.333, 10.667, 0.807];[0.427, 12.667, 8.667, 0.608];[0, 1];
[0.424, 11.333, 14.0, 0.704];[0.481, 18.667, 11.667, 0.669];[1, 0];
[0.467, 11.0, 13.333, 0.654];[0.453, 12.0, 9.333, 0.819];[0, 1];
[0.379, 13.333, 17.0, 0.656];[0.435, 15.0, 13.333, 0.686];[0, 1];
[0.526, 24.0, 10.0, 0.697];[0.393, 16.0, 9.0, 0.762];[0, 1];
[0.46, 12.333, 13.333, 0.682];[0.435, 15.667, 8.333, 0.671];[1, 0];
[0.514, 13.667, 8.333, 0.71];[0.44, 16.0, 11.333, 0.718];[1, 0];
[0.434, 11.333, 13.667, 0.806];[0.505, 11.667, 13.0, 0.721];[0, 1];
[0.462, 13.0, 11.333, 0.843];[0.475, 17.333, 11.0, 0.72];[0, 1];
[0.472, 10.0, 9.333, 0.808];[0.448, 14.667, 8.0, 0.787];[1, 0];
[0.463, 12.0, 16.667, 0.784];[0.462, 10.333, 11.0, 0.776];[0, 1];
[0.454, 13.0, 8.0, 0.636];[0.426, 14.333, 10.667, 0.778];[0, 1];
[0.464, 19.667, 12.0, 0.707];[0.444, 17.333, 12.667, 0.709];[0, 1];
[0.436, 16.333, 16.333, 0.683];[0.448, 15.667, 8.0, 0.737];[0, 1];
[0.44, 14.667, 13.0, 0.888];[0.466, 13.0, 10.0, 0.844];[1, 0];
[0.449, 13.667, 9.667, 0.704];[0.509, 10.667, 12.333, 0.819];[1, 0];
[0.46, 11.0, 9.0, 0.888];[0.417, 14.0, 12.0, 0.716];[1, 0];
[0.46, 11.0, 11.0, 0.745];[0.443, 13.667, 11.667, 0.713];[0, 1];
[0.512, 10.333, 13.667, 0.806];[0.442, 14.333, 12.0, 0.726];[0, 1];
[0.487, 12.333, 12.667, 0.837];[0.448, 12.333, 17.333, 0.729];[0, 1];
[0.472, 19.0, 15.0, 0.708];[0.452, 15.0, 11.0, 0.769];[0, 1];
[0.445, 11.667, 12.667, 0.783];[0.467, 16.333, 13.667, 0.78];[0, 1];
[0.448, 15.0, 12.667, 0.865];[0.482, 17.0, 10.667, 0.742];[1, 0];
[0.484, 13.667, 7.667, 0.72];[0.428, 19.0, 16.667, 0.683];[0, 1];
[0.403, 15.0, 9.667, 0.663];[0.427, 17.0, 13.0, 0.666];[1, 0];
[0.516, 14.0, 9.333, 0.794];[0.443, 14.333, 16.0, 0.659];[0, 1];
[0.451, 20.0, 7.667, 0.833];[0.458, 14.0, 12.0, 0.864];[0, 1];
[0.459, 16.333, 13.667, 0.781];[0.451, 17.0, 11.333, 0.745];[1, 0];
[0.446, 13.667, 14.667, 0.793];[0.471, 13.667, 10.333, 0.648];[0, 1];
[0.419, 14.333, 11.333, 0.826];[0.471, 14.333, 11.667, 0.798];[0, 1];
[0.492, 14.0, 11.333, 0.794];[0.516, 22.0, 7.667, 0.68];[0, 1];
[0.489, 10.667, 12.667, 0.779];[0.43, 11.0, 9.667, 0.821];[1, 0];
[0.516, 16.667, 10.0, 0.808];[0.452, 18.667, 8.667, 0.837];[1, 0];
[0.502, 16.0, 9.667, 0.771];[0.485, 16.0, 10.667, 0.8];[1, 0];
[0.415, 10.667, 15.333, 0.726];[0.447, 13.667, 8.333, 0.753];[0, 1];
[0.428, 15.333, 13.0, 0.806];[0.433, 11.667, 12.667, 0.752];[1, 0];
[0.407, 14.333, 10.667, 0.684];[0.465, 16.0, 8.667, 0.692];[0, 1];
[0.479, 13.0, 4.333, 0.748];[0.454, 11.667, 9.0, 0.762];[1, 0];
[0.423, 12.333, 13.0, 0.769];[0.429, 9.333, 13.0, 0.682];[0, 1];
[0.442, 13.667, 12.0, 0.7];[0.436, 14.333, 12.0, 0.798];[1, 0];
[0.48, 12.333, 8.333, 0.802];[0.484, 16.0, 10.0, 0.732];[1, 0];
[0.497, 16.667, 10.667, 0.758];[0.423, 13.667, 10.0, 0.67];[0, 1];
[0.442, 14.333, 14.333, 0.834];[0.468, 16.333, 9.667, 0.84];[1, 0];
[0.425, 14.333, 11.333, 0.755];[0.447, 12.667, 8.667, 0.778];[1, 0];
[0.493, 15.667, 6.0, 0.827];[0.443, 17.667, 12.333, 0.725];[0, 1];
[0.507, 15.333, 9.0, 0.853];[0.49, 12.0, 8.0, 0.873];[0, 1];
[0.471, 12.0, 11.667, 0.596];[0.516, 13.0, 11.667, 0.767];[0, 1];
[0.463, 14.667, 10.667, 0.67];[0.431, 12.667, 14.333, 0.72];[0, 1];
[0.537, 10.667, 9.667, 0.774];[0.488, 10.667, 8.0, 0.714];[1, 0];
[0.447, 17.0, 9.667, 0.895];[0.444, 16.333, 12.667, 0.725];[0, 1];
[0.454, 12.333, 13.667, 0.74];[0.445, 18.667, 12.333, 0.823];[0, 1];
[0.46, 19.333, 11.0, 0.674];[0.538, 15.333, 12.333, 0.784];[1, 0];
[0.489, 17.333, 7.667, 0.87];[0.437, 14.0, 6.667, 0.756];[0, 1];
[0.461, 11.667, 10.0, 0.737];[0.488, 14.667, 10.667, 0.717];[1, 0];
[0.47, 10.667, 11.0, 0.778];[0.436, 12.0, 10.0, 0.771];[0, 1];
[0.495, 14.333, 8.667, 0.793];[0.429, 12.667, 9.667, 0.833];[0, 1];
[0.502, 16.0, 5.333, 0.788];[0.484, 14.0, 11.0, 0.717];[1, 0];
[0.463, 19.0, 10.0, 0.787];[0.473, 14.0, 10.0, 0.786];[0, 1];
[0.399, 12.333, 10.0, 0.798];[0.444, 11.667, 11.667, 0.719];[1, 0];
[0.423, 16.0, 9.333, 0.771];[0.43, 15.333, 8.333, 0.81];[0, 1];
[0.348, 12.0, 17.0, 0.769];[0.437, 10.667, 13.667, 0.746];[1, 0];
[0.423, 19.0, 12.333, 0.817];[0.437, 15.0, 17.667, 0.783];[1, 0];
[0.424, 15.0, 11.667, 0.758];[0.508, 16.333, 8.0, 0.818];[0, 1];
[0.471, 17.667, 10.0, 0.678];[0.479, 16.0, 8.333, 0.672];[0, 1];
[0.451, 11.667, 8.333, 0.765];[0.418, 12.0, 16.667, 0.787];[1, 0];
[0.495, 11.667, 13.333, 0.698];[0.426, 17.0, 10.333, 0.811];[1, 0];
[0.469, 16.0, 9.0, 0.763];[0.444, 14.333, 9.0, 0.67];[1, 0];
[0.433, 12.667, 11.667, 0.765];[0.457, 14.333, 8.667, 0.753];[1, 0];
[0.428, 13.333, 10.333, 0.638];[0.408, 13.0, 17.0, 0.716];[0, 1];
[0.44, 18.333, 13.0, 0.694];[0.447, 12.333, 10.0, 0.728];[0, 1];
[0.468, 13.667, 9.0, 0.744];[0.483, 11.667, 9.667, 0.802];[0, 1];
[0.445, 10.667, 13.0, 0.763];[0.429, 12.333, 14.333, 0.838];[0, 1];
[0.492, 15.667, 11.0, 0.741];[0.403, 12.0, 8.667, 0.789];[0, 1];
[0.473, 16.333, 9.0, 0.682];[0.43, 13.667, 10.667, 0.743];[1, 0];
[0.502, 10.0, 10.333, 0.889];[0.435, 10.667, 8.0, 0.795];[1, 0];
[0.51, 12.667, 10.333, 0.744];[0.5, 15.333, 10.333, 0.794];[0, 1];
[0.455, 14.333, 10.333, 0.776];[0.519, 16.0, 8.333, 0.762];[0, 1];
[0.477, 12.0, 10.0, 0.806];[0.453, 10.0, 12.667, 0.73];[0, 1];
[0.42, 17.0, 10.667, 0.689];[0.423, 16.0, 12.333, 0.748];[1, 0];
[0.396, 11.333, 9.333, 0.727];[0.457, 14.667, 9.667, 0.726];[0, 1];
[0.4, 14.0, 13.333, 0.725];[0.45, 15.333, 13.333, 0.798];[0, 1];
[0.474, 10.333, 9.333, 0.784];[0.446, 13.667, 12.333, 0.802];[0, 1];
[0.408, 13.333, 15.333, 0.848];[0.456, 13.333, 11.0, 0.784];[1, 0];
[0.479, 12.667, 6.333, 0.77];[0.469, 15.333, 11.0, 0.611];[1, 0];
[0.457, 11.333, 12.0, 0.706];[0.436, 12.667, 14.0, 0.806];[0, 1];
[0.518, 14.667, 10.667, 0.797];[0.449, 11.667, 8.333, 0.736];[0, 1];
[0.48, 9.333, 9.667, 0.809];[0.474, 13.333, 10.0, 0.826];[0, 1];
[0.465, 16.0, 8.333, 0.706];[0.36, 15.0, 13.0, 0.714];[0, 1];
[0.485, 16.0, 8.667, 0.832];[0.446, 14.333, 11.667, 0.854];[0, 1];
[0.479, 13.667, 7.333, 0.723];[0.442, 12.667, 12.333, 0.666];[0, 1];
[0.443, 12.667, 7.333, 0.806];[0.454, 15.0, 11.333, 0.809];[0, 1];
[0.458, 15.0, 10.667, 0.745];[0.449, 15.333, 8.667, 0.793];[1, 0];
[0.443, 11.0, 11.667, 0.738];[0.46, 13.667, 8.0, 0.769];[0, 1];
[0.459, 10.667, 13.333, 0.76];[0.469, 16.667, 8.0, 0.779];[1, 0];
[0.498, 15.667, 9.667, 0.729];[0.48, 14.0, 6.0, 0.755];[1, 0];
[0.417, 10.333, 16.333, 0.687];[0.482, 12.667, 11.333, 0.788];[0, 1];
[0.477, 17.0, 11.0, 0.769];[0.431, 11.667, 8.667, 0.743];[0, 1];
[0.421, 12.667, 10.0, 0.876];[0.51, 16.0, 9.333, 0.843];[1, 0];
[0.442, 14.333, 8.333, 0.744];[0.448, 12.667, 11.333, 0.82];[1, 0];
[0.441, 15.0, 9.0, 0.791];[0.446, 11.667, 10.667, 0.771];[1, 0];
[0.471, 11.667, 11.333, 0.806];[0.462, 19.333, 9.667, 0.785];[0, 1];
[0.469, 13.0, 10.333, 0.769];[0.465, 12.667, 7.333, 0.846];[0, 1];
[0.513, 12.0, 7.667, 0.774];[0.41, 13.333, 12.333, 0.713];[1, 0];
[0.432, 13.667, 10.667, 0.74];[0.453, 15.667, 10.0, 0.76];[0, 1];
[0.459, 11.667, 11.667, 0.731];[0.398, 11.0, 11.0, 0.753];[0, 1];
[0.47, 13.0, 12.667, 0.762];[0.498, 13.333, 8.333, 0.766];[0, 1];
[0.49, 13.333, 14.0, 0.816];[0.508, 14.333, 12.333, 0.699];[1, 0];
[0.446, 19.0, 10.0, 0.839];[0.48, 19.333, 11.333, 0.634];[0, 1];
[0.442, 14.333, 11.667, 0.81];[0.453, 20.0, 11.667, 0.677];[0, 1];
[0.413, 17.0, 10.667, 0.787];[0.462, 13.667, 10.667, 0.671];[0, 1];
[0.445, 15.667, 12.333, 0.719];[0.457, 12.333, 10.333, 0.742];[0, 1];
[0.418, 17.333, 12.667, 0.785];[0.46, 15.667, 12.667, 0.793];[0, 1];
[0.497, 12.667, 14.333, 0.634];[0.471, 11.667, 11.333, 0.733];[0, 1];
[0.416, 16.0, 10.0, 0.791];[0.435, 16.667, 10.667, 0.712];[0, 1];
[0.501, 15.0, 6.333, 0.844];[0.466, 13.333, 9.0, 0.852];[0, 1];
[0.476, 13.333, 12.333, 0.733];[0.471, 14.333, 16.333, 0.715];[0, 1];
[0.484, 11.667, 12.0, 0.739];[0.432, 10.667, 10.0, 0.718];[0, 1];
[0.473, 15.333, 14.0, 0.698];[0.547, 16.0, 9.0, 0.804];[1, 0];
[0.437, 12.333, 15.0, 0.712];[0.512, 19.667, 10.667, 0.734];[0, 1];
[0.436, 18.0, 14.667, 0.768];[0.449, 12.333, 13.0, 0.929];[0, 1];
[0.471, 13.0, 13.333, 0.802];[0.451, 18.333, 9.333, 0.949];[0, 1];
[0.467, 12.0, 12.0, 0.808];[0.533, 15.0, 8.0, 0.737];[0, 1];
[0.463, 14.333, 12.333, 0.723];[0.497, 15.667, 9.0, 0.753];[0, 1];
[0.44, 10.333, 12.667, 0.825];[0.452, 15.0, 9.667, 0.692];[1, 0];
[0.443, 15.0, 16.0, 0.765];[0.488, 18.333, 12.0, 0.767];[1, 0];
[0.495, 17.333, 5.333, 0.778];[0.436, 17.0, 15.0, 0.647];[0, 1];
[0.47, 18.0, 11.667, 0.703];[0.433, 12.667, 13.0, 0.79];[0, 1];
[0.474, 18.0, 11.0, 0.852];[0.474, 16.0, 10.0, 0.798];[0, 1];
[0.448, 15.333, 13.333, 0.721];[0.406, 17.333, 12.667, 0.691];[1, 0];
[0.425, 18.0, 8.667, 0.694];[0.414, 13.667, 13.667, 0.782];[1, 0];
[0.426, 9.333, 8.333, 0.853];[0.447, 14.333, 14.0, 0.75];[0, 1];
[0.445, 12.667, 12.333, 0.764];[0.447, 16.0, 11.0, 0.795];[1, 0];
[0.444, 16.0, 12.333, 0.766];[0.497, 13.667, 11.0, 0.623];[0, 1];
[0.512, 13.0, 10.667, 0.917];[0.417, 15.0, 14.0, 0.703];[1, 0];
[0.417, 12.0, 15.333, 0.844];[0.495, 13.333, 8.333, 0.795];[1, 0];
[0.431, 14.667, 10.333, 0.824];[0.471, 14.333, 8.333, 0.819];[0, 1];
[0.424, 13.0, 15.333, 0.776];[0.439, 12.333, 9.333, 0.785];[1, 0];
[0.463, 14.333, 12.333, 0.809];[0.436, 13.333, 9.0, 0.79];[0, 1];
[0.432, 11.667, 9.333, 0.781];[0.426, 15.333, 11.0, 0.79];[1, 0];
[0.506, 12.0, 12.0, 0.659];[0.438, 10.0, 10.667, 0.88];[0, 1];
[0.459, 17.0, 7.667, 0.812];[0.459, 13.0, 14.667, 0.678];[1, 0];
[0.489, 11.667, 8.333, 0.691];[0.471, 14.0, 12.0, 0.697];[1, 0];
[0.516, 12.0, 8.333, 0.69];[0.488, 14.333, 8.667, 0.694];[1, 0];
[0.493, 14.0, 11.0, 0.776];[0.486, 14.0, 12.333, 0.766];[1, 0];
[0.463, 14.0, 11.333, 0.852];[0.418, 12.667, 15.333, 0.819];[1, 0];
[0.486, 15.667, 8.667, 0.691];[0.387, 11.667, 13.333, 0.775];[0, 1];
[0.468, 11.667, 14.667, 0.783];[0.505, 16.0, 9.667, 0.874];[0, 1];
[0.349, 21.0, 14.0, 0.842];[0.365, 20.0, 22.0, 0.63];[1, 0];
[0.464, 16.333, 12.667, 0.709];[0.433, 14.0, 8.333, 0.741];[0, 1];
[0.471, 12.333, 7.0, 0.812];[0.409, 12.0, 7.333, 0.7];[1, 0];
[0.457, 9.667, 8.667, 0.688];[0.479, 16.333, 9.667, 0.616];[1, 0];
[0.499, 13.0, 6.333, 0.798];[0.479, 15.667, 12.333, 0.843];[0, 1];
[0.468, 9.667, 7.333, 0.811];[0.422, 14.667, 12.333, 0.73];[1, 0];
[0.495, 15.333, 9.667, 0.787];[0.51, 17.0, 11.0, 0.766];[0, 1];
[0.465, 12.0, 11.333, 0.777];[0.479, 17.0, 10.333, 0.808];[1, 0];
[0.445, 11.0, 10.0, 0.605];[0.485, 14.667, 12.667, 0.789];[0, 1];
[0.448, 16.0, 9.667, 0.735];[0.406, 16.333, 11.333, 0.874];[0, 1];
[0.436, 11.333, 12.0, 0.722];[0.472, 8.0, 5.0, 0.817];[1, 0];
[0.39, 16.333, 13.667, 0.866];[0.415, 10.333, 10.333, 0.847];[1, 0];
[0.471, 13.333, 9.333, 0.773];[0.431, 13.333, 14.0, 0.839];[0, 1];
[0.476, 12.667, 9.333, 0.657];[0.493, 10.667, 7.0, 0.68];[0, 1];
[0.455, 17.333, 14.0, 0.761];[0.48, 11.0, 8.0, 0.679];[0, 1];
[0.494, 12.333, 6.333, 0.667];[0.458, 19.667, 10.667, 0.848];[0, 1];
[0.43, 14.667, 10.333, 0.68];[0.494, 18.0, 16.0, 0.66];[0, 1];
[0.5, 15.667, 14.0, 0.692];[0.462, 9.333, 10.333, 0.733];[1, 0];
[0.4, 14.333, 12.0, 0.722];[0.478, 11.333, 9.0, 0.742];[0, 1];
[0.464, 12.667, 15.667, 0.821];[0.461, 11.667, 12.667, 0.797];[1, 0];
[0.398, 15.0, 13.667, 0.702];[0.437, 11.333, 11.0, 0.724];[0, 1];
[0.435, 12.333, 14.0, 0.869];[0.45, 16.333, 11.0, 0.731];[0, 1];
[0.498, 14.333, 8.0, 0.804];[0.481, 13.333, 11.0, 0.757];[0, 1];
[0.439, 16.333, 8.333, 0.834];[0.459, 12.667, 17.333, 0.832];[0, 1];
[0.474, 12.0, 9.0, 0.77];[0.475, 14.0, 9.333, 0.707];[0, 1];
[0.516, 13.0, 11.333, 0.755];[0.453, 12.667, 9.333, 0.714];[1, 0];
[0.47, 16.0, 7.667, 0.801];[0.479, 16.0, 8.0, 0.849];[1, 0];
[0.438, 10.667, 14.333, 0.809];[0.416, 14.0, 9.667, 0.662];[1, 0];
[0.461, 10.0, 10.0, 0.808];[0.473, 12.333, 12.0, 0.826];[1, 0];
[0.462, 14.667, 9.333, 0.799];[0.461, 16.0, 14.667, 0.791];[1, 0];
[0.434, 14.333, 9.667, 0.799];[0.408, 13.0, 14.0, 0.774];[1, 0];
[0.424, 10.667, 14.667, 0.747];[0.473, 15.0, 11.667, 0.727];[1, 0];
[0.444, 11.333, 9.667, 0.816];[0.535, 14.667, 9.333, 0.802];[0, 1];
[0.463, 18.0, 13.0, 0.657];[0.493, 15.0, 10.667, 0.741];[1, 0];
[0.42, 14.0, 14.0, 0.824];[0.4, 15.0, 15.0, 0.81];[0, 1];
[0.461, 12.333, 8.0, 0.85];[0.497, 12.667, 10.0, 0.767];[1, 0];
[0.461, 13.667, 11.0, 0.693];[0.409, 17.333, 17.667, 0.76];[0, 1];
[0.413, 14.667, 9.333, 0.814];[0.474, 14.333, 8.667, 0.63];[0, 1];
[0.447, 17.0, 18.0, 0.684];[0.455, 12.0, 10.0, 0.571];[0, 1];
[0.438, 11.333, 11.333, 0.811];[0.466, 14.333, 14.333, 0.744];[1, 0];
[0.417, 7.0, 17.0, 0.853];[0.459, 14.667, 12.333, 0.69];[0, 1];
[0.45, 18.333, 11.667, 0.72];[0.374, 18.333, 11.667, 0.633];[0, 1];
[0.411, 16.333, 13.0, 0.771];[0.494, 15.0, 9.667, 0.731];[0, 1];
[0.488, 11.333, 8.667, 0.794];[0.433, 12.667, 10.0, 0.7];[1, 0];
[0.475, 14.0, 5.0, 0.864];[0.51, 13.0, 9.0, 0.705];[0, 1];
[0.429, 13.0, 10.667, 0.724];[0.455, 13.333, 7.0, 0.758];[0, 1];
[0.481, 12.667, 8.667, 0.69];[0.511, 13.333, 10.333, 0.676];[1, 0];
[0.43, 10.333, 12.667, 0.818];[0.446, 11.667, 14.0, 0.739];[1, 0];
[0.442, 14.667, 16.333, 0.732];[0.442, 13.333, 11.667, 0.813];[0, 1];
[0.39, 14.333, 13.333, 0.783];[0.501, 13.0, 6.0, 0.738];[0, 1];
[0.488, 14.333, 14.0, 0.736];[0.435, 13.0, 11.333, 0.691];[1, 0];
[0.467, 15.667, 6.667, 0.814];[0.469, 11.667, 10.0, 0.78];[1, 0];
[0.445, 17.333, 10.667, 0.841];[0.412, 10.0, 14.0, 0.741];[0, 1];
[0.447, 13.333, 13.667, 0.767];[0.42, 12.0, 20.0, 0.726];[0, 1];
[0.438, 18.0, 13.0, 0.678];[0.449, 13.667, 11.333, 0.747];[1, 0];
[0.47, 16.667, 6.667, 0.769];[0.395, 14.667, 10.667, 0.677];[1, 0];
[0.468, 19.0, 11.333, 0.67];[0.414, 20.333, 9.667, 0.717];[0, 1];
[0.485, 18.0, 7.0, 0.692];[0.455, 12.0, 10.0, 0.571];[0, 1];
[0.467, 14.667, 9.0, 0.708];[0.483, 13.667, 11.333, 0.91];[0, 1];
[0.444, 14.333, 13.0, 0.595];[0.48, 11.333, 10.667, 0.695];[1, 0];
[0.49, 16.0, 10.333, 0.703];[0.471, 12.667, 11.333, 0.736];[0, 1];
[0.469, 15.333, 8.667, 0.795];[0.427, 11.333, 9.333, 0.817];[1, 0];
[0.493, 16.667, 10.667, 0.769];[0.466, 12.0, 9.333, 0.825];[0, 1];
[0.47, 14.667, 11.667, 0.756];[0.459, 15.333, 12.0, 0.823];[1, 0];
[0.439, 9.0, 9.333, 0.773];[0.48, 14.667, 14.333, 0.835];[0, 1];
[0.48, 11.0, 11.0, 0.824];[0.475, 15.0, 13.333, 0.742];[1, 0];
[0.494, 13.0, 11.667, 0.787];[0.469, 15.0, 7.667, 0.727];[0, 1];
[0.403, 14.667, 16.667, 0.718];[0.394, 15.333, 16.0, 0.788];[0, 1];
[0.463, 14.333, 9.333, 0.68];[0.439, 12.333, 10.667, 0.698];[1, 0];
[0.489, 13.667, 8.667, 0.813];[0.447, 13.0, 12.0, 0.725];[1, 0];
[0.433, 12.333, 11.0, 0.79];[0.431, 16.667, 9.0, 0.743];[0, 1];
[0.412, 15.0, 12.667, 0.795];[0.411, 14.667, 10.333, 0.781];[0, 1];
[0.536, 12.0, 9.0, 0.738];[0.459, 15.667, 12.333, 0.792];[1, 0];
[0.488, 14.667, 8.0, 0.767];[0.456, 11.667, 10.667, 0.657];[1, 0];
[0.446, 11.0, 9.0, 0.66];[0.458, 14.333, 11.333, 0.834];[0, 1];
[0.432, 16.667, 8.0, 0.804];[0.442, 12.667, 12.0, 0.817];[1, 0];
[0.447, 15.667, 11.0, 0.716];[0.417, 14.333, 13.667, 0.757];[0, 1];
[0.469, 13.333, 14.0, 0.708];[0.405, 12.667, 15.0, 0.787];[0, 1];
[0.432, 15.667, 9.0, 0.811];[0.43, 12.667, 12.667, 0.742];[1, 0];
[0.424, 13.667, 13.333, 0.656];[0.423, 16.667, 13.0, 0.756];[1, 0];
[0.469, 15.0, 9.667, 0.784];[0.39, 14.0, 13.667, 0.824];[1, 0];
[0.447, 14.667, 10.667, 0.754];[0.417, 16.667, 11.667, 0.67];[1, 0];
[0.439, 12.333, 10.0, 0.744];[0.466, 11.667, 14.333, 0.72];[0, 1];
[0.462, 17.333, 13.667, 0.706];[0.417, 19.333, 16.667, 0.711];[1, 0];
[0.496, 16.667, 6.0, 0.855];[0.446, 13.667, 14.0, 0.728];[1, 0];
[0.516, 17.333, 7.0, 0.887];[0.474, 12.0, 13.667, 0.817];[1, 0];
[0.467, 15.0, 13.333, 0.781];[0.451, 16.0, 12.333, 0.635];[0, 1];
[0.415, 13.667, 13.0, 0.773];[0.435, 16.333, 11.0, 0.803];[1, 0];
[0.476, 12.667, 5.667, 0.665];[0.414, 14.667, 10.0, 0.806];[1, 0];
[0.498, 14.667, 9.667, 0.749];[0.453, 15.333, 7.0, 0.806];[1, 0];
[0.446, 15.667, 13.0, 0.733];[0.449, 14.0, 8.667, 0.761];[1, 0];
[0.503, 18.0, 9.0, 0.805];[0.463, 17.0, 7.0, 0.782];[0, 1];
[0.447, 13.333, 12.333, 0.756];[0.467, 19.333, 12.333, 0.636];[1, 0];
[0.446, 16.667, 11.667, 0.775];[0.464, 12.0, 8.0, 0.849];[1, 0];
[0.431, 16.0, 11.333, 0.769];[0.374, 17.0, 15.333, 0.696];[1, 0];
[0.472, 11.667, 11.0, 0.815];[0.508, 19.333, 8.667, 0.834];[1, 0];
[0.499, 11.333, 8.0, 0.745];[0.478, 15.333, 9.0, 0.808];[1, 0];
[0.431, 12.0, 11.667, 0.785];[0.439, 17.667, 8.333, 0.689];[1, 0];
[0.464, 11.667, 9.667, 0.825];[0.431, 14.0, 11.0, 0.775];[0, 1];
[0.394, 18.0, 16.667, 0.748];[0.497, 13.0, 11.0, 0.673];[1, 0];
[0.452, 17.0, 9.667, 0.653];[0.446, 13.0, 9.0, 0.702];[0, 1];
[0.403, 9.333, 12.333, 0.87];[0.491, 16.0, 11.667, 0.699];[1, 0];
[0.399, 14.333, 15.667, 0.796];[0.503, 16.333, 9.0, 0.785];[1, 0];
[0.472, 14.0, 10.667, 0.827];[0.446, 20.667, 12.667, 0.767];[0, 1];
[0.495, 15.0, 6.667, 0.79];[0.469, 14.667, 11.0, 0.784];[0, 1];
[0.39, 13.667, 9.333, 0.75];[0.508, 11.0, 12.333, 0.751];[1, 0];
[0.519, 20.0, 6.0, 0.833];[0.349, 21.0, 14.0, 0.842];[1, 0];
[0.474, 11.667, 12.333, 0.763];[0.466, 11.667, 11.667, 0.74];[0, 1];
[0.503, 12.667, 9.333, 0.734];[0.458, 14.333, 11.667, 0.742];[1, 0];
[0.414, 12.0, 11.0, 0.723];[0.418, 11.667, 10.667, 0.744];[0, 1];
[0.428, 11.667, 14.333, 0.658];[0.417, 13.0, 14.667, 0.799];[0, 1];
[0.394, 11.0, 11.0, 0.813];[0.398, 16.333, 17.333, 0.674];[1, 0];
[0.381, 15.333, 10.333, 0.751];[0.457, 12.333, 8.0, 0.68];[1, 0];
[0.451, 14.333, 10.333, 0.626];[0.43, 11.0, 15.667, 0.741];[1, 0];
[0.494, 13.333, 8.667, 0.772];[0.444, 19.333, 14.333, 0.854];[0, 1];
[0.48, 8.333, 9.333, 0.855];[0.485, 11.333, 8.667, 0.741];[1, 0];
[0.436, 19.0, 15.0, 0.735];[0.439, 14.333, 9.333, 0.747];[0, 1];
[0.429, 9.667, 15.667, 0.64];[0.491, 11.333, 9.0, 0.691];[1, 0];
[0.46, 14.667, 10.0, 0.745];[0.442, 12.0, 17.667, 0.699];[0, 1];
[0.427, 15.333, 12.0, 0.73];[0.488, 14.333, 11.667, 0.793];[1, 0];
[0.49, 12.333, 10.0, 0.743];[0.449, 13.333, 10.333, 0.712];[0, 1];
[0.389, 19.0, 16.667, 0.839];[0.396, 18.667, 15.0, 0.766];[0, 1];
[0.488, 12.667, 9.667, 0.622];[0.404, 12.667, 13.667, 0.683];[0, 1];
[0.476, 16.0, 13.333, 0.767];[0.418, 11.0, 12.667, 0.709];[1, 0];
[0.438, 11.333, 10.333, 0.792];[0.439, 11.667, 9.667, 0.786];[0, 1];
[0.464, 10.0, 9.667, 0.811];[0.454, 15.667, 11.0, 0.794];[0, 1];
[0.455, 15.333, 9.667, 0.665];[0.446, 12.667, 8.667, 0.679];[1, 0];
[0.446, 16.667, 12.333, 0.855];[0.492, 17.333, 9.667, 0.736];[0, 1];
[0.533, 17.333, 15.0, 0.71];[0.489, 10.667, 9.667, 0.764];[0, 1];
[0.444, 12.0, 11.667, 0.859];[0.528, 21.333, 7.667, 0.718];[1, 0];
[0.421, 13.667, 9.0, 0.847];[0.419, 12.333, 7.333, 0.701];[0, 1];
[0.412, 15.333, 11.0, 0.658];[0.449, 11.667, 7.333, 0.77];[1, 0];
[0.46, 9.333, 11.0, 0.792];[0.435, 8.333, 18.333, 0.671];[1, 0];
[0.463, 11.667, 12.0, 0.716];[0.409, 13.333, 7.333, 0.815];[1, 0];
[0.447, 16.667, 8.333, 0.85];[0.431, 11.333, 10.667, 0.642];[0, 1];
[0.417, 16.0, 7.333, 0.836];[0.381, 17.0, 11.0, 0.727];[0, 1];
[0.492, 11.333, 7.0, 0.781];[0.431, 14.333, 12.333, 0.856];[0, 1];
[0.486, 11.333, 9.333, 0.734];[0.452, 12.0, 11.333, 0.737];[1, 0];
[0.428, 12.333, 11.667, 0.795];[0.442, 15.0, 11.333, 0.71];[0, 1];
[0.465, 13.0, 12.0, 0.78];[0.392, 15.0, 12.333, 0.81];[0, 1];
[0.497, 16.0, 9.0, 0.837];[0.48, 12.667, 10.333, 0.819];[0, 1];
[0.48, 13.0, 11.333, 0.756];[0.46, 12.0, 13.333, 0.708];[1, 0];
[0.456, 18.667, 13.0, 0.641];[0.423, 18.333, 12.667, 0.783];[1, 0];
[0.398, 14.333, 6.333, 0.805];[0.433, 11.333, 10.0, 0.8];[0, 1];
[0.48, 11.333, 8.333, 0.746];[0.449, 15.667, 10.667, 0.74];[1, 0];
[0.526, 16.667, 9.0, 0.712];[0.535, 19.667, 11.333, 0.768];[1, 0];
[0.433, 13.667, 14.333, 0.746];[0.475, 14.667, 6.667, 0.889];[1, 0];
[0.411, 13.667, 15.333, 0.715];[0.454, 12.667, 6.667, 0.593];[0, 1];
[0.463, 14.667, 10.333, 0.76];[0.404, 9.333, 15.667, 0.774];[1, 0];
[0.448, 14.0, 10.667, 0.746];[0.459, 10.0, 10.0, 0.774];[0, 1];
[0.457, 15.333, 9.333, 0.712];[0.477, 18.333, 9.333, 0.705];[1, 0];
[0.419, 14.667, 9.667, 0.686];[0.444, 14.667, 10.667, 0.645];[0, 1];
[0.469, 15.667, 12.333, 0.86];[0.467, 17.0, 12.0, 0.771];[0, 1];
[0.463, 12.0, 10.333, 0.765];[0.474, 15.667, 14.0, 0.863];[0, 1];
[0.48, 18.0, 13.333, 0.751];[0.447, 13.667, 11.333, 0.817];[1, 0];
[0.448, 10.333, 12.0, 0.784];[0.482, 14.0, 13.333, 0.841];[1, 0];
[0.418, 16.0, 9.667, 0.834];[0.435, 16.667, 10.333, 0.752];[1, 0];
[0.407, 11.0, 17.667, 0.728];[0.447, 12.667, 14.667, 0.784];[1, 0];
[0.438, 13.0, 10.333, 0.818];[0.459, 13.667, 9.667, 0.782];[1, 0];
[0.518, 20.0, 10.0, 0.719];[0.388, 17.333, 14.333, 0.693];[0, 1];
[0.459, 13.0, 11.0, 0.779];[0.511, 12.0, 10.667, 0.772];[0, 1];
[0.447, 15.667, 14.333, 0.736];[0.452, 14.0, 11.333, 0.827];[0, 1];
[0.431, 10.667, 8.667, 0.777];[0.451, 13.0, 10.667, 0.791];[0, 1];
[0.489, 19.0, 10.667, 0.746];[0.514, 12.667, 7.667, 0.657];[1, 0];
[0.468, 13.0, 7.0, 0.645];[0.38, 14.0, 16.0, 0.8];[0, 1];
[0.49, 13.333, 13.333, 0.676];[0.471, 13.0, 11.333, 0.749];[1, 0];
[0.477, 14.0, 7.333, 0.801];[0.451, 15.0, 11.0, 0.729];[0, 1];
[0.435, 14.0, 10.333, 0.765];[0.503, 15.667, 9.667, 0.862];[0, 1];
[0.46, 13.0, 11.667, 0.736];[0.478, 16.333, 10.0, 0.765];[0, 1];
[0.384, 17.333, 15.0, 0.823];[0.423, 10.667, 9.333, 0.846];[0, 1];
[0.388, 13.0, 16.667, 0.717];[0.447, 16.0, 8.667, 0.806];[1, 0];
[0.472, 12.667, 9.667, 0.755];[0.465, 16.333, 8.0, 0.817];[0, 1];
[0.49, 15.333, 10.333, 0.719];[0.441, 16.0, 10.333, 0.775];[1, 0];
[0.425, 15.333, 12.0, 0.763];[0.418, 14.667, 8.667, 0.838];[0, 1];
[0.463, 16.333, 8.667, 0.789];[0.443, 20.667, 11.0, 0.769];[1, 0];
[0.451, 13.0, 14.667, 0.86];[0.454, 12.0, 8.333, 0.862];[0, 1];
[0.536, 18.667, 12.667, 0.798];[0.459, 12.667, 10.333, 0.716];[0, 1];
[0.409, 12.0, 14.0, 0.722];[0.414, 14.333, 12.333, 0.662];[1, 0];
[0.473, 16.333, 11.0, 0.753];[0.461, 15.667, 11.0, 0.736];[0, 1];
[0.488, 11.333, 8.667, 0.762];[0.412, 10.667, 10.0, 0.857];[1, 0];
[0.43, 13.667, 11.333, 0.877];[0.474, 8.0, 13.333, 0.76];[1, 0];
[0.454, 12.667, 10.333, 0.701];[0.468, 13.667, 5.333, 0.736];[1, 0];
[0.477, 12.667, 7.667, 0.777];[0.531, 14.667, 9.333, 0.84];[0, 1];
[0.432, 12.667, 13.333, 0.693];[0.484, 10.0, 9.0, 0.734];[0, 1];
[0.539, 13.333, 7.0, 0.747];[0.457, 11.0, 11.0, 0.795];[1, 0];
[0.491, 16.667, 7.333, 0.783];[0.439, 16.667, 8.667, 0.763];[0, 1];
[0.467, 12.333, 10.0, 0.671];[0.52, 15.667, 10.333, 0.779];[0, 1];
[0.413, 11.333, 16.333, 0.62];[0.423, 11.667, 8.667, 0.708];[1, 0];
[0.457, 14.0, 14.667, 0.819];[0.485, 14.667, 13.0, 0.737];[0, 1];
[0.437, 15.333, 10.333, 0.713];[0.411, 14.333, 12.0, 0.854];[0, 1];
[0.447, 14.0, 11.333, 0.734];[0.426, 14.333, 10.667, 0.809];[1, 0];
[0.419, 11.667, 17.0, 0.757];[0.406, 13.333, 13.0, 0.645];[1, 0];
[0.45, 14.333, 13.0, 0.718];[0.45, 15.667, 11.667, 0.868];[0, 1];
[0.436, 10.0, 11.0, 0.649];[0.469, 12.333, 11.667, 0.748];[0, 1];
[0.497, 14.667, 8.667, 0.771];[0.44, 13.0, 9.333, 0.714];[0, 1];
[0.487, 12.333, 5.667, 0.781];[0.451, 13.0, 11.0, 0.626];[1, 0];
[0.443, 13.0, 11.0, 0.741];[0.42, 13.0, 9.667, 0.85];[0, 1];
[0.453, 11.667, 13.667, 0.811];[0.476, 17.0, 9.667, 0.729];[0, 1];
[0.424, 14.667, 10.0, 0.776];[0.448, 9.333, 11.0, 0.693];[0, 1];
[0.479, 13.0, 11.333, 0.837];[0.46, 13.667, 9.0, 0.848];[0, 1];
[0.394, 16.667, 12.333, 0.686];[0.422, 15.333, 11.333, 0.775];[0, 1];
[0.401, 14.0, 10.667, 0.704];[0.502, 13.0, 7.333, 0.8];[1, 0];
[0.46, 15.333, 11.0, 0.7];[0.436, 13.0, 7.0, 0.77];[0, 1];
[0.458, 12.0, 17.0, 0.673];[0.46, 14.667, 7.333, 0.724];[1, 0];
[0.458, 12.667, 7.667, 0.836];[0.479, 15.0, 10.333, 0.786];[1, 0];
[0.408, 12.667, 10.0, 0.821];[0.39, 11.333, 13.333, 0.691];[1, 0];
[0.46, 16.333, 12.0, 0.719];[0.436, 18.0, 8.0, 0.713];[0, 1];
[0.427, 7.0, 16.0, 0.733];[0.5, 15.0, 10.0, 0.824];[0, 1];
[0.438, 12.333, 12.333, 0.776];[0.483, 13.0, 13.333, 0.762];[1, 0];
[0.462, 13.0, 8.0, 0.784];[0.42, 15.0, 14.0, 0.729];[1, 0];
[0.439, 14.667, 13.333, 0.667];[0.435, 12.333, 13.667, 0.753];[0, 1];
[0.43, 16.667, 15.0, 0.722];[0.484, 13.667, 11.0, 0.666];[1, 0];
[0.46, 12.667, 12.0, 0.653];[0.422, 15.333, 9.667, 0.909];[1, 0];
[0.444, 14.0, 10.667, 0.807];[0.495, 9.667, 8.0, 0.807];[0, 1];
[0.508, 12.0, 10.333, 0.696];[0.401, 9.667, 14.0, 0.806];[1, 0];
[0.426, 16.667, 10.333, 0.725];[0.448, 15.667, 13.0, 0.665];[0, 1];
[0.448, 11.333, 10.667, 0.765];[0.455, 12.333, 13.333, 0.719];[0, 1];
[0.413, 16.0, 13.667, 0.815];[0.408, 14.0, 12.667, 0.691];[1, 0];
[0.485, 13.333, 10.0, 0.792];[0.453, 15.333, 10.333, 0.678];[0, 1];
[0.505, 13.333, 14.667, 0.691];[0.438, 16.0, 11.0, 0.765];[1, 0];
[0.488, 10.667, 9.667, 0.688];[0.487, 13.0, 9.0, 0.78];[0, 1];
[0.467, 13.0, 11.667, 0.754];[0.576, 14.333, 6.0, 0.78];[0, 1];
[0.433, 17.0, 11.0, 0.747];[0.445, 17.667, 8.333, 0.764];[0, 1];
[0.422, 13.667, 14.667, 0.789];[0.38, 13.667, 12.667, 0.799];[1, 0];
[0.48, 14.667, 10.0, 0.861];[0.422, 13.667, 11.667, 0.774];[0, 1];
[0.466, 14.667, 12.0, 0.76];[0.43, 14.333, 8.333, 0.64];[1, 0];
[0.414, 14.0, 14.667, 0.75];[0.445, 16.333, 14.333, 0.664];[0, 1];
[0.456, 17.667, 10.0, 0.778];[0.498, 13.333, 9.667, 0.779];[0, 1];
[0.441, 11.667, 12.0, 0.774];[0.456, 14.667, 9.333, 0.752];[1, 0];
[0.441, 15.667, 11.0, 0.8];[0.449, 13.333, 12.667, 0.763];[0, 1];
[0.449, 14.333, 13.0, 0.804];[0.433, 17.0, 11.333, 0.632];[1, 0];
[0.533, 14.0, 8.333, 0.729];[0.511, 16.667, 8.333, 0.622];[1, 0];
[0.467, 14.667, 11.0, 0.711];[0.47, 17.333, 11.667, 0.739];[1, 0];
[0.513, 12.0, 5.667, 0.753];[0.483, 13.667, 12.333, 0.796];[1, 0];
[0.486, 18.0, 9.667, 0.728];[0.456, 10.667, 6.333, 0.719];[1, 0];
[0.473, 19.333, 14.0, 0.694];[0.446, 15.0, 10.333, 0.745];[0, 1];
[0.479, 15.0, 11.0, 0.866];[0.46, 14.333, 11.0, 0.658];[0, 1];
[0.404, 15.667, 12.333, 0.715];[0.414, 13.0, 8.333, 0.776];[1, 0];
[0.444, 15.333, 10.667, 0.797];[0.443, 14.0, 16.667, 0.721];[0, 1];
[0.496, 11.0, 10.667, 0.714];[0.474, 12.667, 11.333, 0.753];[0, 1];
[0.498, 11.0, 9.667, 0.768];[0.462, 14.0, 12.0, 0.727];[1, 0];
[0.529, 14.667, 10.667, 0.773];[0.361, 10.667, 14.0, 0.843];[1, 0];
[0.491, 12.333, 6.333, 0.722];[0.5, 15.667, 7.333, 0.736];[1, 0];
[0.44, 17.667, 13.667, 0.721];[0.472, 13.667, 13.333, 0.703];[0, 1];
[0.364, 4.0, 20.0, 0.588];[0.373, 16.0, 16.0, 0.792];[0, 1];
[0.47, 13.0, 9.667, 0.709];[0.423, 11.333, 8.667, 0.736];[0, 1];
[0.464, 11.667, 10.0, 0.841];[0.394, 13.667, 14.0, 0.745];[1, 0];
[0.509, 13.0, 6.0, 0.838];[0.458, 13.667, 8.333, 0.758];[1, 0];
[0.438, 11.333, 7.667, 0.785];[0.402, 12.0, 10.333, 0.82];[0, 1];
[0.404, 13.333, 13.333, 0.729];[0.473, 11.667, 13.0, 0.754];[0, 1];
[0.556, 13.333, 6.667, 0.786];[0.419, 11.333, 11.667, 0.81];[1, 0];
[0.432, 18.333, 13.0, 0.846];[0.447, 14.667, 13.0, 0.691];[1, 0];
[0.417, 13.333, 10.333, 0.717];[0.475, 8.0, 13.333, 0.668];[1, 0];
[0.491, 14.667, 7.333, 0.824];[0.494, 15.667, 9.667, 0.821];[1, 0];
[0.413, 17.0, 15.333, 0.662];[0.421, 14.667, 13.0, 0.756];[1, 0];
[0.418, 13.333, 14.0, 0.729];[0.507, 16.333, 9.667, 0.737];[1, 0];
[0.487, 16.667, 11.0, 0.716];[0.458, 18.333, 13.0, 0.646];[1, 0];
[0.45, 13.0, 12.667, 0.772];[0.398, 16.333, 12.333, 0.737];[1, 0];
[0.417, 14.0, 12.667, 0.776];[0.476, 19.333, 8.667, 0.747];[0, 1];
[0.442, 13.0, 9.0, 0.832];[0.464, 13.0, 11.0, 0.764];[1, 0];
[0.446, 14.0, 10.667, 0.643];[0.434, 16.0, 8.333, 0.722];[1, 0];
[0.526, 16.333, 9.0, 0.683];[0.402, 14.667, 14.667, 0.83];[1, 0];
[0.449, 12.0, 11.0, 0.852];[0.445, 12.333, 10.333, 0.807];[1, 0];
[0.516, 16.0, 7.0, 0.646];[0.419, 13.0, 13.667, 0.725];[1, 0];
[0.431, 14.0, 11.333, 0.612];[0.472, 14.667, 13.0, 0.724];[0, 1];
[0.47, 14.0, 14.333, 0.8];[0.421, 14.0, 13.667, 0.831];[1, 0];
[0.371, 9.667, 9.0, 0.822];[0.494, 15.0, 11.333, 0.794];[0, 1];
[0.497, 12.0, 9.333, 0.716];[0.43, 16.0, 15.667, 0.808];[1, 0];
[0.49, 14.0, 10.667, 0.833];[0.49, 12.667, 10.0, 0.724];[1, 0];
[0.505, 15.667, 8.333, 0.847];[0.487, 13.333, 12.0, 0.706];[1, 0];
[0.457, 12.667, 9.0, 0.723];[0.424, 15.667, 17.333, 0.754];[1, 0];
[0.456, 13.667, 9.0, 0.835];[0.469, 14.667, 12.0, 0.823];[1, 0];
[0.451, 14.667, 10.667, 0.724];[0.439, 14.333, 10.333, 0.758];[0, 1];
[0.449, 15.0, 11.667, 0.692];[0.462, 20.0, 12.667, 0.701];[1, 0];
[0.427, 13.333, 14.667, 0.772];[0.435, 13.0, 16.0, 0.745];[1, 0];
[0.548, 17.333, 10.333, 0.697];[0.452, 15.333, 9.333, 0.91];[1, 0];
[0.485, 14.333, 11.667, 0.757];[0.466, 12.667, 11.0, 0.715];[0, 1];
[0.473, 11.667, 11.0, 0.783];[0.406, 12.667, 12.667, 0.889];[1, 0];
[0.456, 10.0, 9.0, 0.797];[0.4, 14.667, 8.667, 0.758];[0, 1];
[0.44, 17.333, 10.333, 0.698];[0.418, 13.0, 13.0, 0.756];[0, 1];
[0.434, 8.667, 8.667, 0.773];[0.451, 10.667, 9.0, 0.738];[1, 0];
[0.434, 13.0, 10.333, 0.754];[0.43, 16.0, 18.667, 0.648];[0, 1];
[0.442, 17.667, 10.667, 0.721];[0.454, 17.667, 12.0, 0.766];[0, 1];
[0.429, 13.0, 11.667, 0.76];[0.447, 12.333, 11.0, 0.788];[0, 1];
[0.436, 15.0, 9.333, 0.717];[0.497, 9.667, 10.0, 0.759];[0, 1];
[0.435, 14.333, 11.333, 0.742];[0.421, 13.667, 12.667, 0.775];[1, 0];
[0.424, 15.0, 13.333, 0.67];[0.405, 12.0, 11.667, 0.71];[0, 1];
[0.477, 14.333, 6.667, 0.746];[0.474, 15.0, 11.0, 0.716];[0, 1];
[0.448, 12.333, 10.333, 0.677];[0.497, 11.333, 11.667, 0.83];[1, 0];
[0.441, 17.0, 12.333, 0.65];[0.413, 16.0, 12.0, 0.815];[1, 0];
[0.447, 13.333, 11.333, 0.805];[0.391, 17.333, 14.667, 0.662];[1, 0];
[0.441, 19.667, 7.0, 0.702];[0.466, 15.667, 8.333, 0.75];[1, 0];
[0.424, 15.0, 12.333, 0.679];[0.535, 12.667, 11.667, 0.691];[0, 1];
[0.462, 14.333, 11.667, 0.682];[0.462, 15.0, 10.333, 0.831];[0, 1];
[0.462, 14.667, 12.333, 0.625];[0.459, 13.333, 8.333, 0.774];[1, 0];
[0.479, 15.333, 8.333, 0.764];[0.459, 16.667, 12.0, 0.646];[1, 0];
[0.437, 12.333, 11.667, 0.727];[0.459, 10.0, 10.0, 0.71];[1, 0];
[0.474, 19.333, 12.0, 0.864];[0.465, 16.0, 8.333, 0.73];[0, 1];
[0.469, 13.667, 15.333, 0.739];[0.487, 13.667, 12.667, 0.738];[0, 1];
[0.416, 15.0, 13.0, 0.745];[0.457, 19.667, 9.333, 0.722];[0, 1];
[0.455, 12.0, 9.667, 0.712];[0.475, 13.333, 12.333, 0.785];[1, 0];
[0.44, 14.333, 8.667, 0.835];[0.465, 15.333, 8.333, 0.731];[1, 0];
[0.507, 15.0, 8.333, 0.652];[0.451, 13.333, 9.667, 0.8];[0, 1];
[0.472, 17.333, 9.0, 0.644];[0.46, 13.0, 11.333, 0.76];[1, 0];
[0.382, 14.667, 11.0, 0.757];[0.398, 11.667, 10.333, 0.617];[0, 1];
[0.455, 15.0, 15.333, 0.749];[0.434, 15.667, 11.333, 0.69];[0, 1];
[0.472, 9.333, 8.333, 0.833];[0.447, 16.333, 7.0, 0.682];[1, 0];
[0.453, 15.0, 9.333, 0.692];[0.455, 13.667, 14.0, 0.752];[1, 0];
[0.48, 15.0, 13.0, 0.811];[0.496, 17.333, 10.667, 0.719];[1, 0];
[0.501, 13.0, 10.0, 0.731];[0.475, 17.333, 11.333, 0.781];[0, 1];
[0.395, 12.667, 17.333, 0.665];[0.49, 13.0, 10.667, 0.661];[0, 1];
[0.507, 14.333, 12.667, 0.721];[0.471, 18.333, 12.0, 0.765];[0, 1];
[0.498, 16.333, 12.667, 0.624];[0.391, 14.0, 14.667, 0.708];[1, 0];
[0.389, 14.667, 14.333, 0.727];[0.503, 18.333, 13.333, 0.828];[1, 0];
[0.442, 11.0, 13.0, 0.585];[0.47, 12.667, 9.333, 0.735];[1, 0];
[0.443, 8.333, 14.0, 0.748];[0.461, 16.333, 8.667, 0.781];[0, 1];
[0.484, 16.333, 12.667, 0.689];[0.448, 12.333, 8.333, 0.747];[0, 1];
[0.495, 17.0, 11.0, 0.737];[0.484, 16.0, 13.0, 0.72];[1, 0];
[0.398, 16.333, 12.667, 0.787];[0.396, 18.667, 9.333, 0.834];[1, 0];
[0.46, 10.0, 10.333, 0.79];[0.433, 16.333, 13.333, 0.665];[1, 0];
[0.494, 12.0, 7.0, 0.647];[0.428, 13.333, 10.333, 0.661];[1, 0];
[0.427, 7.0, 16.0, 0.733];[0.465, 19.0, 11.667, 0.758];[0, 1];
[0.422, 10.333, 11.0, 0.71];[0.443, 12.0, 12.667, 0.782];[0, 1];
[0.478, 13.333, 9.333, 0.628];[0.416, 12.333, 14.0, 0.736];[0, 1];
[0.47, 12.333, 10.333, 0.823];[0.453, 14.333, 11.667, 0.819];[0, 1];
[0.44, 13.667, 8.667, 0.77];[0.547, 14.667, 9.0, 0.681];[0, 1];
[0.438, 14.0, 12.667, 0.776];[0.475, 9.333, 11.667, 0.698];[0, 1];
[0.487, 13.0, 8.333, 0.758];[0.436, 16.0, 9.667, 0.669];[1, 0];
[0.491, 15.0, 8.333, 0.8];[0.445, 15.667, 12.0, 0.756];[0, 1];
[0.47, 14.333, 5.333, 0.798];[0.466, 13.667, 13.0, 0.797];[0, 1];
[0.45, 11.333, 12.333, 0.769];[0.504, 16.667, 11.0, 0.719];[1, 0];
[0.401, 15.0, 14.0, 0.751];[0.43, 15.0, 11.333, 0.727];[0, 1];
[0.494, 9.0, 9.333, 0.59];[0.444, 10.667, 10.0, 0.689];[0, 1];
[0.529, 15.333, 5.333, 0.72];[0.493, 18.0, 11.667, 0.656];[1, 0];
[0.424, 11.0, 10.333, 0.68];[0.447, 13.333, 11.667, 0.721];[1, 0];
[0.483, 13.667, 13.0, 0.756];[0.44, 11.667, 14.333, 0.76];[0, 1];
[0.419, 12.333, 10.0, 0.762];[0.509, 14.667, 9.333, 0.776];[0, 1];
[0.438, 16.0, 10.667, 0.733];[0.494, 14.333, 7.667, 0.721];[0, 1];
[0.446, 15.333, 14.0, 0.536];[0.466, 13.0, 10.0, 0.739];[0, 1];
[0.432, 18.0, 11.0, 0.731];[0.433, 13.667, 11.0, 0.883];[1, 0];
[0.449, 12.333, 13.333, 0.793];[0.419, 13.667, 10.0, 0.804];[0, 1];
[0.503, 19.333, 9.0, 0.724];[0.421, 16.667, 12.333, 0.674];[0, 1];
[0.512, 16.333, 11.667, 0.645];[0.51, 13.333, 11.0, 0.78];[1, 0];
[0.444, 9.0, 12.0, 0.75];[0.479, 13.333, 9.333, 0.824];[0, 1];
[0.438, 13.0, 9.333, 0.776];[0.458, 9.0, 6.333, 0.797];[0, 1];
[0.433, 12.333, 11.667, 0.776];[0.442, 11.0, 12.667, 0.73];[0, 1];
[0.415, 16.0, 9.667, 0.74];[0.488, 18.333, 6.667, 0.794];[0, 1];
[0.495, 17.333, 12.333, 0.72];[0.485, 14.333, 7.667, 0.761];[0, 1];
[0.512, 17.667, 9.0, 0.697];[0.462, 13.667, 11.333, 0.717];[1, 0];
[0.459, 12.0, 9.333, 0.723];[0.47, 15.667, 10.667, 0.757];[0, 1];
[0.459, 12.667, 13.333, 0.716];[0.451, 15.333, 12.0, 0.756];[0, 1];
[0.416, 16.0, 13.0, 0.827];[0.465, 15.667, 11.0, 0.781];[0, 1];
[0.478, 13.0, 13.0, 0.752];[0.476, 16.0, 11.0, 0.658];[0, 1];
[0.455, 11.333, 14.0, 0.739];[0.473, 15.333, 8.0, 0.727];[1, 0];
[0.481, 11.333, 11.333, 0.757];[0.499, 13.333, 11.333, 0.641];[0, 1];
[0.457, 13.667, 15.0, 0.826];[0.458, 10.333, 8.333, 0.791];[0, 1];
[0.426, 12.0, 13.667, 0.865];[0.469, 13.0, 9.667, 0.716];[0, 1];
[0.435, 12.0, 11.667, 0.609];[0.492, 16.0, 11.333, 0.74];[0, 1];
[0.492, 12.333, 11.0, 0.698];[0.476, 11.667, 11.0, 0.779];[0, 1];
[0.481, 15.333, 8.667, 0.861];[0.448, 15.0, 9.0, 0.711];[0, 1];
[0.519, 20.0, 6.0, 0.833];[0.366, 12.0, 8.0, 0.708];[0, 1];
[0.44, 16.0, 13.0, 0.623];[0.444, 12.667, 14.0, 0.709];[0, 1];
[0.497, 16.333, 8.333, 0.682];[0.436, 20.0, 13.667, 0.653];[1, 0];
[0.471, 13.667, 11.667, 0.694];[0.443, 12.667, 11.333, 0.777];[1, 0];
[0.567, 13.0, 4.333, 0.697];[0.423, 17.333, 11.0, 0.825];[1, 0];
[0.515, 13.333, 12.333, 0.822];[0.419, 12.0, 14.667, 0.703];[1, 0];
[0.466, 14.667, 8.0, 0.774];[0.498, 13.667, 11.0, 0.832];[0, 1];
[0.411, 16.667, 10.333, 0.755];[0.452, 15.0, 13.0, 0.829];[0, 1];
[0.424, 16.333, 13.333, 0.667];[0.414, 15.667, 8.333, 0.69];[1, 0];
[0.438, 14.333, 11.0, 0.678];[0.444, 14.333, 7.667, 0.831];[1, 0];
[0.466, 12.667, 4.667, 0.726];[0.437, 10.667, 9.667, 0.751];[1, 0];
[0.478, 15.0, 7.333, 0.803];[0.5, 16.333, 9.333, 0.836];[0, 1];
[0.468, 13.0, 10.0, 0.791];[0.455, 11.333, 8.667, 0.749];[0, 1];
[0.484, 14.333, 10.0, 0.769];[0.437, 15.333, 10.0, 0.724];[0, 1];
[0.41, 10.0, 14.0, 0.712];[0.484, 15.667, 9.667, 0.791];[0, 1];
[0.486, 12.333, 8.0, 0.855];[0.441, 17.0, 9.333, 0.625];[1, 0];
[0.429, 17.333, 14.0, 0.638];[0.411, 11.667, 15.667, 0.757];[0, 1];
[0.436, 14.667, 10.667, 0.785];[0.476, 13.667, 8.0, 0.68];[0, 1];
[0.418, 10.333, 8.333, 0.733];[0.457, 10.0, 8.333, 0.748];[0, 1];
[0.405, 17.667, 13.667, 0.881];[0.457, 18.0, 12.667, 0.655];[0, 1];
[0.435, 13.333, 11.333, 0.719];[0.507, 14.333, 8.0, 0.69];[1, 0];
[0.472, 11.667, 12.333, 0.782];[0.428, 13.667, 10.333, 0.845];[1, 0];
[0.407, 13.0, 9.0, 0.767];[0.452, 11.0, 12.0, 0.707];[0, 1];
[0.557, 15.333, 8.667, 0.726];[0.431, 12.333, 13.0, 0.658];[1, 0];
[0.395, 12.0, 10.333, 0.818];[0.414, 14.333, 11.667, 0.78];[1, 0];
[0.386, 18.333, 13.667, 0.809];[0.452, 13.667, 13.667, 0.716];[0, 1];
[0.51, 11.333, 10.333, 0.73];[0.492, 14.0, 11.667, 0.628];[0, 1];
[0.467, 11.333, 11.0, 0.765];[0.503, 13.667, 11.0, 0.741];[1, 0];
[0.442, 13.0, 12.333, 0.814];[0.456, 13.0, 9.333, 0.748];[0, 1];
[0.482, 18.333, 11.333, 0.681];[0.475, 14.667, 8.667, 0.739];[0, 1];
[0.485, 13.333, 8.667, 0.802];[0.435, 17.667, 12.667, 0.763];[0, 1];
[0.514, 11.333, 10.667, 0.743];[0.398, 11.667, 13.333, 0.758];[0, 1];
[0.488, 15.333, 8.667, 0.832];[0.409, 13.333, 10.0, 0.796];[0, 1];
[0.427, 13.333, 12.333, 0.839];[0.418, 10.333, 12.667, 0.705];[0, 1];
[0.483, 16.667, 9.667, 0.731];[0.47, 17.333, 10.667, 0.73];[1, 0];
[0.433, 12.333, 11.0, 0.765];[0.412, 13.333, 9.0, 0.755];[0, 1];
[0.471, 13.333, 11.333, 0.786];[0.424, 14.333, 12.0, 0.867];[0, 1];
[0.444, 11.333, 11.333, 0.749];[0.448, 11.667, 10.667, 0.699];[1, 0];
[0.462, 16.0, 11.333, 0.703];[0.423, 17.333, 9.667, 0.736];[0, 1];
[0.413, 18.0, 11.333, 0.718];[0.45, 13.333, 16.333, 0.839];[0, 1];
[0.481, 13.667, 8.333, 0.868];[0.461, 13.0, 8.0, 0.862];[0, 1];
[0.365, 15.0, 10.667, 0.77];[0.422, 12.667, 12.333, 0.72];[1, 0];
[0.461, 13.333, 11.0, 0.77];[0.442, 11.667, 13.667, 0.632];[0, 1];
[0.455, 9.667, 10.333, 0.723];[0.398, 9.0, 7.667, 0.795];[0, 1];
[0.529, 17.0, 8.667, 0.792];[0.503, 13.0, 8.0, 0.743];[0, 1];
[0.436, 17.333, 9.667, 0.812];[0.46, 16.667, 9.0, 0.848];[0, 1];
[0.449, 13.333, 12.667, 0.722];[0.452, 11.333, 10.667, 0.777];[1, 0];
[0.44, 10.667, 10.667, 0.695];[0.45, 15.333, 11.0, 0.819];[0, 1];
[0.41, 12.333, 11.333, 0.829];[0.484, 12.0, 12.667, 0.845];[0, 1];
[0.435, 12.0, 13.0, 0.656];[0.416, 14.667, 10.333, 0.757];[0, 1];
[0.479, 13.0, 9.0, 0.693];[0.48, 17.333, 11.667, 0.817];[1, 0];
[0.497, 15.333, 10.333, 0.794];[0.546, 15.667, 7.333, 0.801];[0, 1];
[0.406, 12.0, 8.333, 0.789];[0.448, 12.333, 6.667, 0.808];[1, 0];
[0.408, 14.667, 11.667, 0.642];[0.444, 14.667, 8.667, 0.681];[0, 1];
[0.469, 18.333, 9.0, 0.768];[0.455, 20.0, 11.333, 0.709];[0, 1];
[0.465, 14.667, 10.0, 0.746];[0.445, 13.333, 9.0, 0.831];[0, 1];
[0.458, 16.0, 12.0, 0.865];[0.516, 14.0, 8.667, 0.732];[0, 1];
[0.477, 18.0, 10.0, 0.746];[0.453, 18.333, 14.0, 0.673];[1, 0];
[0.415, 18.333, 12.333, 0.762];[0.424, 14.0, 13.0, 0.747];[1, 0];
[0.468, 15.0, 11.333, 0.803];[0.492, 12.667, 8.333, 0.845];[1, 0];
[0.459, 15.0, 9.0, 0.705];[0.468, 12.0, 10.667, 0.741];[1, 0];
[0.447, 11.667, 14.333, 0.715];[0.417, 12.0, 11.667, 0.808];[1, 0];
[0.471, 12.0, 11.667, 0.742];[0.443, 17.667, 13.333, 0.739];[0, 1];
[0.42, 11.0, 14.0, 0.705];[0.465, 13.667, 10.333, 0.763];[0, 1];
[0.446, 13.0, 11.333, 0.727];[0.449, 13.667, 10.333, 0.781];[0, 1];
[0.427, 16.0, 11.667, 0.768];[0.452, 13.0, 8.333, 0.68];[1, 0];
[0.428, 12.0, 11.333, 0.808];[0.462, 16.667, 11.667, 0.724];[0, 1];
[0.463, 13.333, 5.0, 0.853];[0.447, 14.333, 9.0, 0.549];[0, 1];
[0.508, 14.0, 8.333, 0.694];[0.478, 14.333, 11.667, 0.722];[0, 1];
[0.435, 17.667, 12.333, 0.687];[0.53, 17.667, 9.333, 0.869];[1, 0];
[0.447, 17.0, 18.0, 0.684];[0.491, 12.667, 10.667, 0.68];[0, 1];
[0.406, 14.667, 17.0, 0.767];[0.455, 13.333, 11.333, 0.683];[1, 0];
[0.458, 11.667, 10.333, 0.739];[0.475, 13.667, 9.0, 0.805];[0, 1];
[0.476, 16.0, 13.0, 0.742];[0.431, 15.0, 11.0, 0.839];[0, 1];
[0.43, 17.0, 14.667, 0.775];[0.479, 16.333, 9.333, 0.797];[0, 1];
[0.444, 11.333, 11.0, 0.86];[0.427, 10.0, 11.0, 0.688];[0, 1];
[0.434, 12.333, 13.0, 0.789];[0.497, 16.333, 14.0, 0.783];[1, 0];
[0.394, 16.667, 8.0, 0.81];[0.397, 10.0, 12.0, 0.711];[1, 0];
[0.476, 10.333, 10.333, 0.763];[0.444, 14.0, 11.333, 0.743];[1, 0];
[0.417, 7.0, 17.0, 0.853];[0.36, 15.0, 13.0, 0.714];[0, 1];
[0.467, 16.667, 10.667, 0.756];[0.435, 17.333, 15.333, 0.785];[1, 0];
[0.47, 9.333, 9.333, 0.85];[0.457, 14.333, 9.0, 0.762];[0, 1];
[0.459, 17.0, 13.333, 0.69];[0.424, 14.333, 11.333, 0.779];[1, 0];
[0.42, 15.0, 14.667, 0.804];[0.44, 14.667, 11.333, 0.793];[0, 1];
[0.405, 12.667, 12.667, 0.786];[0.427, 13.0, 11.667, 0.737];[1, 0];
[0.411, 14.0, 11.667, 0.748];[0.441, 14.667, 11.333, 0.694];[1, 0];
[0.447, 11.0, 11.667, 0.7];[0.389, 12.333, 9.333, 0.834];[0, 1];
[0.443, 12.333, 16.333, 0.677];[0.455, 12.667, 12.0, 0.869];[0, 1];
[0.437, 15.0, 8.0, 0.826];[0.505, 13.667, 7.667, 0.835];[0, 1];
[0.473, 13.667, 12.0, 0.743];[0.488, 14.667, 8.667, 0.815];[0, 1];
[0.418, 16.0, 14.333, 0.78];[0.508, 13.333, 7.667, 0.795];[0, 1];
[0.445, 16.667, 6.333, 0.717];[0.436, 14.0, 9.333, 0.871];[1, 0];
[0.419, 13.0, 14.333, 0.621];[0.448, 16.0, 7.0, 0.824];[1, 0];
[0.486, 12.0, 12.0, 0.854];[0.475, 13.0, 9.333, 0.739];[0, 1];
[0.41, 15.0, 16.0, 0.674];[0.483, 12.0, 8.667, 0.702];[1, 0];
[0.437, 9.667, 11.667, 0.695];[0.453, 14.667, 12.333, 0.766];[1, 0];
[0.4, 16.0, 14.0, 0.79];[0.49, 11.667, 10.667, 0.684];[0, 1];
[0.5, 15.0, 10.0, 0.824];[0.373, 16.0, 16.0, 0.792];[0, 1];
[0.469, 14.667, 15.0, 0.816];[0.462, 15.667, 11.0, 0.743];[1, 0];
[0.454, 14.667, 10.667, 0.767];[0.467, 13.0, 14.0, 0.75];[0, 1];
[0.39, 16.667, 14.333, 0.817];[0.543, 15.333, 8.667, 0.727];[0, 1];
[0.506, 16.0, 5.667, 0.786];[0.456, 12.0, 7.333, 0.816];[0, 1];
[0.436, 13.333, 10.0, 0.868];[0.48, 11.667, 11.0, 0.818];[1, 0];
[0.5, 17.333, 12.0, 0.682];[0.405, 13.667, 8.667, 0.718];[0, 1];
[0.458, 14.333, 17.0, 0.863];[0.485, 18.0, 8.333, 0.789];[0, 1];
[0.453, 15.0, 9.333, 0.806];[0.447, 16.333, 13.667, 0.831];[0, 1];
[0.408, 18.0, 13.0, 0.895];[0.511, 19.0, 9.0, 0.5];[0, 1];
[0.391, 19.333, 12.0, 0.795];[0.428, 12.0, 13.0, 0.775];[0, 1];
[0.497, 14.0, 9.0, 0.836];[0.447, 16.333, 8.0, 0.638];[1, 0];
[0.437, 13.333, 11.667, 0.694];[0.442, 11.333, 10.667, 0.742];[0, 1];
[0.446, 13.667, 9.0, 0.789];[0.399, 14.0, 9.333, 0.743];[1, 0];
[0.454, 13.333, 6.333, 0.787];[0.483, 12.667, 9.667, 0.736];[0, 1];
[0.462, 11.667, 9.667, 0.792];[0.48, 12.333, 10.333, 0.665];[1, 0];
[0.453, 15.333, 7.333, 0.846];[0.446, 12.667, 8.333, 0.768];[1, 0];
[0.51, 15.333, 8.0, 0.788];[0.436, 12.333, 11.0, 0.735];[1, 0];
[0.44, 16.0, 9.333, 0.71];[0.474, 14.667, 9.667, 0.828];[0, 1];
[0.508, 13.0, 10.333, 0.693];[0.394, 12.0, 8.333, 0.831];[1, 0];
[0.439, 11.667, 13.333, 0.786];[0.481, 16.333, 13.667, 0.831];[1, 0];
[0.417, 16.333, 13.0, 0.81];[0.45, 11.0, 7.333, 0.725];[0, 1];
[0.352, 17.333, 11.667, 0.691];[0.454, 16.0, 11.333, 0.776];[0, 1];
[0.428, 11.667, 9.0, 0.886];[0.447, 12.0, 9.333, 0.739];[0, 1];
[0.479, 14.0, 9.667, 0.77];[0.419, 10.333, 10.333, 0.681];[1, 0];
[0.431, 15.333, 11.333, 0.713];[0.465, 17.667, 7.667, 0.706];[0, 1];
[0.411, 14.667, 12.333, 0.786];[0.484, 14.667, 9.0, 0.786];[1, 0];
[0.467, 15.667, 8.333, 0.834];[0.43, 11.333, 10.333, 0.771];[0, 1];
[0.46, 13.667, 12.667, 0.689];[0.536, 15.0, 7.667, 0.812];[1, 0];
[0.474, 12.333, 10.667, 0.845];[0.466, 13.333, 12.0, 0.738];[1, 0];
[0.425, 12.333, 12.333, 0.838];[0.408, 12.667, 10.667, 0.688];[0, 1];
[0.498, 12.333, 11.0, 0.736];[0.459, 14.667, 12.333, 0.782];[0, 1];
[0.454, 18.333, 8.667, 0.754];[0.428, 15.333, 7.333, 0.774];[1, 0];
[0.403, 11.333, 13.0, 0.688];[0.448, 18.667, 13.667, 0.771];[0, 1];
[0.524, 16.333, 11.0, 0.723];[0.469, 17.667, 11.667, 0.799];[1, 0];
[0.475, 13.667, 6.0, 0.686];[0.45, 12.0, 14.0, 0.767];[1, 0];
[0.46, 9.333, 12.667, 0.816];[0.476, 13.667, 7.667, 0.7];[0, 1];
[0.431, 15.0, 11.667, 0.752];[0.482, 17.333, 9.0, 0.765];[0, 1];
[0.496, 11.667, 9.0, 0.759];[0.491, 14.667, 11.667, 0.834];[1, 0];
[0.453, 10.0, 10.333, 0.763];[0.493, 10.333, 10.333, 0.701];[1, 0];
[0.405, 12.667, 13.0, 0.766];[0.461, 16.0, 10.667, 0.67];[1, 0];
[0.396, 18.667, 16.333, 0.775];[0.504, 15.333, 10.0, 0.695];[1, 0];
[0.468, 13.667, 13.0, 0.667];[0.426, 11.667, 12.0, 0.788];[1, 0];
[0.476, 15.333, 8.333, 0.648];[0.421, 12.667, 11.0, 0.79];[1, 0];
[0.512, 16.667, 9.333, 0.813];[0.524, 12.667, 6.333, 0.759];[1, 0];
[0.424, 8.667, 12.667, 0.806];[0.443, 15.0, 13.333, 0.853];[1, 0];
[0.478, 15.0, 14.0, 0.722];[0.524, 16.333, 10.667, 0.797];[0, 1];
[0.493, 11.667, 7.667, 0.767];[0.458, 11.0, 8.0, 0.771];[0, 1];
[0.43, 16.0, 10.667, 0.758];[0.444, 19.333, 11.667, 0.689];[1, 0];
[0.462, 9.667, 7.667, 0.73];[0.429, 9.333, 8.333, 0.699];[0, 1];
[0.403, 15.0, 14.0, 0.761];[0.437, 10.667, 8.667, 0.843];[1, 0];
[0.414, 9.667, 13.333, 0.733];[0.42, 14.333, 10.333, 0.771];[0, 1];
[0.463, 12.0, 5.667, 0.782];[0.422, 19.0, 14.0, 0.589];[1, 0];
[0.437, 11.333, 12.667, 0.819];[0.511, 14.667, 13.333, 0.828];[0, 1];
[0.434, 13.333, 10.333, 0.624];[0.443, 16.0, 7.0, 0.737];[1, 0];
[0.447, 15.333, 9.0, 0.937];[0.452, 15.0, 11.333, 0.719];[1, 0];
[0.465, 18.0, 9.667, 0.659];[0.451, 14.0, 9.333, 0.797];[0, 1];
[0.457, 17.333, 9.0, 0.857];[0.415, 15.667, 12.0, 0.731];[1, 0];
[0.425, 9.0, 10.667, 0.816];[0.393, 15.333, 10.667, 0.803];[1, 0];
[0.481, 12.333, 7.0, 0.748];[0.422, 15.0, 10.667, 0.801];[0, 1];
[0.429, 14.333, 9.667, 0.784];[0.46, 16.0, 10.333, 0.72];[0, 1];
[0.473, 13.667, 10.0, 0.794];[0.432, 13.667, 14.0, 0.534];[1, 0];
[0.426, 14.333, 8.667, 0.738];[0.486, 12.667, 6.667, 0.835];[0, 1];
[0.424, 16.667, 10.333, 0.561];[0.39, 12.0, 15.0, 0.849];[0, 1];
[0.446, 12.333, 9.333, 0.775];[0.482, 14.0, 9.333, 0.755];[1, 0];
[0.433, 16.333, 13.0, 0.824];[0.449, 15.333, 9.0, 0.843];[1, 0];
[0.541, 16.667, 4.667, 0.703];[0.44, 12.0, 13.333, 0.778];[0, 1];
[0.509, 15.667, 6.667, 0.811];[0.466, 14.0, 10.0, 0.783];[1, 0];
[0.447, 10.333, 11.333, 0.81];[0.441, 17.0, 12.333, 0.685];[1, 0];
[0.443, 12.333, 10.333, 0.823];[0.438, 13.0, 13.0, 0.749];[0, 1];
[0.499, 13.0, 10.333, 0.724];[0.476, 11.667, 9.0, 0.731];[0, 1];
[0.481, 14.667, 9.667, 0.715];[0.45, 16.333, 12.333, 0.753];[0, 1];
[0.455, 15.333, 10.667, 0.698];[0.504, 15.333, 10.333, 0.699];[1, 0];
[0.449, 14.333, 14.333, 0.712];[0.437, 13.0, 18.333, 0.786];[1, 0];
[0.481, 14.0, 10.667, 0.809];[0.476, 14.0, 11.0, 0.776];[1, 0];
[0.466, 15.667, 13.667, 0.794];[0.442, 13.0, 8.333, 0.75];[0, 1];
[0.439, 14.667, 11.333, 0.716];[0.456, 11.333, 12.0, 0.734];[0, 1];
[0.45, 13.333, 8.667, 0.789];[0.481, 11.0, 9.667, 0.77];[0, 1];
[0.439, 9.667, 11.0, 0.701];[0.45, 11.667, 15.0, 0.813];[0, 1];
[0.431, 15.333, 11.333, 0.665];[0.394, 11.667, 13.333, 0.848];[0, 1];
[0.421, 13.333, 15.333, 0.729];[0.407, 17.333, 11.333, 0.874];[1, 0];
[0.405, 11.667, 15.667, 0.748];[0.417, 15.333, 15.667, 0.836];[1, 0];
[0.448, 14.667, 7.0, 0.84];[0.441, 15.667, 10.0, 0.846];[1, 0];
[0.484, 10.333, 6.667, 0.848];[0.494, 12.0, 8.667, 0.707];[1, 0];
[0.491, 14.667, 12.667, 0.749];[0.509, 17.333, 11.333, 0.768];[0, 1];
[0.427, 11.333, 11.0, 0.791];[0.453, 13.667, 11.0, 0.769];[0, 1];
[0.434, 12.667, 10.667, 0.752];[0.449, 15.333, 17.667, 0.676];[0, 1];
[0.42, 14.333, 13.0, 0.823];[0.445, 18.333, 13.0, 0.822];[1, 0];
[0.484, 16.0, 10.0, 0.798];[0.474, 12.0, 12.0, 0.708];[0, 1];
[0.458, 12.333, 11.0, 0.792];[0.466, 13.667, 8.667, 0.816];[1, 0];
[0.446, 12.333, 9.0, 0.792];[0.491, 17.0, 10.0, 0.636];[1, 0];
[0.446, 10.0, 12.0, 0.745];[0.416, 13.333, 14.0, 0.752];[1, 0];
[0.432, 18.333, 11.667, 0.749];[0.348, 12.0, 17.0, 0.769];[1, 0];
[0.463, 11.0, 13.333, 0.688];[0.481, 12.0, 11.667, 0.713];[1, 0];
[0.494, 14.667, 6.333, 0.77];[0.532, 14.667, 8.333, 0.838];[0, 1];
[0.531, 9.667, 8.667, 0.748];[0.46, 11.0, 11.0, 0.759];[1, 0];
[0.402, 10.0, 14.0, 0.826];[0.436, 16.333, 13.667, 0.815];[0, 1];
[0.441, 14.0, 9.667, 0.823];[0.415, 13.0, 11.0, 0.824];[1, 0];
[0.476, 13.0, 12.667, 0.715];[0.446, 14.0, 7.333, 0.807];[1, 0];
[0.479, 17.0, 18.333, 0.73];[0.387, 9.333, 15.667, 0.804];[1, 0];
[0.459, 11.667, 11.0, 0.797];[0.438, 14.333, 10.667, 0.767];[1, 0];
[0.449, 10.333, 7.667, 0.775];[0.45, 17.667, 12.333, 0.756];[1, 0];
[0.454, 13.333, 10.0, 0.749];[0.48, 12.667, 5.667, 0.76];[0, 1];
[0.471, 10.0, 12.333, 0.804];[0.409, 11.0, 12.0, 0.795];[0, 1];
[0.494, 15.333, 11.667, 0.748];[0.421, 16.667, 11.333, 0.804];[0, 1];
[0.429, 12.0, 11.0, 0.802];[0.446, 15.667, 10.0, 0.697];[1, 0];
[0.427, 11.333, 12.667, 0.853];[0.434, 15.667, 11.333, 0.726];[1, 0];
[0.443, 10.667, 13.667, 0.614];[0.54, 13.0, 10.0, 0.672];[1, 0];
[0.458, 14.0, 8.333, 0.757];[0.413, 13.0, 16.333, 0.807];[1, 0];
[0.454, 10.667, 10.0, 0.809];[0.484, 16.667, 10.333, 0.781];[0, 1];
[0.482, 19.0, 10.333, 0.757];[0.459, 11.333, 11.667, 0.744];[0, 1];
[0.441, 14.0, 9.333, 0.879];[0.443, 14.333, 10.667, 0.74];[0, 1];
[0.429, 17.333, 16.667, 0.747];[0.466, 16.667, 11.333, 0.717];[1, 0];
[0.409, 16.333, 9.667, 0.726];[0.443, 16.0, 8.333, 0.736];[1, 0];
[0.431, 13.0, 10.0, 0.764];[0.371, 12.667, 10.667, 0.691];[1, 0];
[0.477, 16.333, 9.0, 0.708];[0.422, 13.0, 10.667, 0.71];[1, 0];
[0.411, 10.333, 11.667, 0.738];[0.432, 13.0, 12.667, 0.717];[0, 1];
[0.444, 13.333, 9.333, 0.807];[0.464, 14.667, 8.0, 0.753];[1, 0];
[0.446, 11.0, 13.333, 0.79];[0.466, 12.0, 13.333, 0.796];[0, 1];
[0.437, 12.667, 9.333, 0.737];[0.417, 11.667, 8.667, 0.781];[0, 1];
[0.526, 24.0, 10.0, 0.697];[0.494, 18.0, 16.0, 0.66];[1, 0];
[0.445, 17.667, 10.333, 0.718];[0.483, 13.0, 5.333, 0.729];[1, 0];
[0.492, 12.0, 10.0, 0.687];[0.471, 14.333, 7.333, 0.646];[0, 1];
[0.473, 14.0, 11.0, 0.768];[0.474, 11.667, 10.667, 0.795];[0, 1];
[0.453, 18.333, 14.0, 0.69];[0.459, 17.0, 13.333, 0.813];[1, 0];
[0.519, 15.667, 11.667, 0.629];[0.442, 15.333, 12.667, 0.722];[1, 0];
[0.402, 17.0, 13.667, 0.814];[0.449, 13.667, 14.0, 0.764];[0, 1];
[0.488, 15.333, 10.667, 0.654];[0.459, 16.667, 6.0, 0.877];[0, 1];
[0.437, 12.667, 9.0, 0.752];[0.404, 14.333, 11.0, 0.881];[1, 0];
[0.446, 11.0, 17.0, 0.772];[0.46, 13.667, 14.0, 0.795];[0, 1];
[0.403, 15.667, 9.0, 0.685];[0.446, 16.667, 14.667, 0.817];[0, 1];
[0.476, 10.0, 9.333, 0.784];[0.463, 13.0, 11.0, 0.776];[0, 1];
[0.474, 12.333, 11.667, 0.776];[0.443, 12.667, 16.333, 0.734];[0, 1];
[0.422, 16.667, 9.667, 0.784];[0.39, 12.333, 12.667, 0.768];[0, 1];
[0.401, 12.667, 7.0, 0.731];[0.488, 16.0, 9.667, 0.842];[0, 1];
[0.44, 14.333, 12.0, 0.716];[0.47, 13.333, 12.0, 0.763];[1, 0];
[0.449, 8.667, 8.333, 0.663];[0.441, 10.667, 11.667, 0.602];[0, 1];
[0.408, 11.0, 11.667, 0.762];[0.581, 12.0, 7.333, 0.767];[0, 1];
[0.393, 16.0, 9.0, 0.762];[0.455, 8.333, 7.333, 0.789];[1, 0];
[0.408, 18.0, 13.0, 0.895];[0.494, 19.0, 7.0, 0.769];[0, 1];
[0.421, 14.0, 9.0, 0.624];[0.457, 16.667, 12.667, 0.853];[0, 1];
[0.38, 14.0, 16.0, 0.8];[0.366, 12.0, 8.0, 0.708];[0, 1];
[0.439, 14.333, 15.0, 0.735];[0.45, 17.667, 10.667, 0.68];[1, 0];
[0.421, 15.0, 12.333, 0.732];[0.441, 15.0, 10.333, 0.727];[0, 1];
[0.444, 16.0, 14.333, 0.718];[0.434, 15.333, 9.333, 0.695];[1, 0];
[0.446, 13.667, 11.0, 0.762];[0.426, 9.0, 9.667, 0.846];[0, 1];
[0.472, 15.333, 6.333, 0.843];[0.466, 8.667, 9.667, 0.72];[1, 0];
[0.421, 15.667, 9.0, 0.762];[0.444, 19.667, 12.333, 0.73];[1, 0];
[0.453, 8.667, 13.333, 0.642];[0.538, 10.0, 9.667, 0.825];[0, 1];
[0.502, 11.333, 13.0, 0.713];[0.504, 16.667, 11.333, 0.794];[0, 1];
[0.527, 12.333, 6.0, 0.819];[0.465, 12.0, 7.333, 0.788];[0, 1];
[0.42, 14.0, 14.0, 0.824];[0.456, 14.333, 9.333, 0.758];[0, 1];
[0.453, 20.0, 14.0, 0.704];[0.458, 16.333, 12.0, 0.616];[1, 0];
[0.42, 18.0, 11.0, 0.821];[0.444, 14.667, 9.667, 0.769];[0, 1];
[0.405, 16.0, 13.333, 0.802];[0.473, 17.333, 12.0, 0.694];[1, 0];
[0.462, 15.333, 10.0, 0.797];[0.439, 15.333, 13.0, 0.792];[1, 0];
[0.55, 16.333, 9.0, 0.757];[0.437, 14.0, 10.667, 0.664];[1, 0];
[0.48, 15.333, 9.667, 0.717];[0.529, 18.333, 10.333, 0.654];[0, 1];
[0.468, 16.667, 11.667, 0.818];[0.478, 17.0, 10.333, 0.658];[1, 0];
[0.504, 14.667, 9.333, 0.757];[0.451, 13.667, 16.0, 0.775];[1, 0];
[0.388, 13.667, 9.0, 0.844];[0.474, 13.667, 13.667, 0.611];[0, 1];
[0.461, 10.333, 9.667, 0.726];[0.511, 15.0, 9.0, 0.745];[0, 1];
[0.461, 12.667, 8.333, 0.779];[0.429, 13.0, 14.333, 0.784];[1, 0];
[0.418, 16.333, 12.333, 0.666];[0.51, 14.333, 7.333, 0.761];[0, 1];
[0.447, 16.667, 8.667, 0.721];[0.484, 16.0, 9.0, 0.766];[0, 1];
[0.444, 14.0, 15.667, 0.775];[0.469, 17.0, 11.0, 0.765];[0, 1];
[0.444, 15.333, 11.333, 0.804];[0.543, 12.333, 10.333, 0.719];[0, 1];
[0.406, 16.333, 15.333, 0.715];[0.5, 11.667, 9.0, 0.742];[1, 0];
[0.425, 11.667, 14.333, 0.75];[0.518, 18.0, 9.667, 0.748];[1, 0];
[0.447, 10.0, 11.0, 0.824];[0.417, 13.667, 13.667, 0.745];[1, 0];
[0.437, 11.0, 14.667, 0.736];[0.471, 10.667, 14.0, 0.772];[0, 1];
[0.493, 16.667, 8.0, 0.821];[0.45, 19.667, 13.333, 0.651];[0, 1];
[0.467, 16.0, 16.0, 0.76];[0.478, 15.0, 11.0, 0.64];[1, 0];
[0.418, 13.667, 13.0, 0.77];[0.466, 18.333, 12.333, 0.743];[0, 1];
[0.488, 16.333, 11.0, 0.776];[0.527, 15.667, 9.333, 0.745];[0, 1];
[0.443, 20.0, 13.667, 0.689];[0.43, 18.0, 13.0, 0.796];[0, 1];
[0.404, 13.0, 10.0, 0.784];[0.418, 12.333, 11.333, 0.67];[1, 0];
[0.486, 16.333, 12.667, 0.663];[0.455, 14.667, 13.0, 0.762];[1, 0];
[0.513, 15.667, 8.0, 0.848];[0.485, 14.333, 11.667, 0.777];[0, 1];
[0.439, 19.667, 8.333, 0.821];[0.438, 14.333, 10.0, 0.767];[0, 1];
[0.384, 13.0, 14.667, 0.8];[0.478, 14.333, 12.667, 0.751];[0, 1];
[0.48, 15.667, 12.0, 0.79];[0.469, 12.333, 8.333, 0.853];[0, 1];
[0.495, 13.333, 5.333, 0.772];[0.514, 13.333, 6.333, 0.794];[0, 1];
[0.448, 14.667, 12.667, 0.775];[0.472, 14.667, 10.0, 0.742];[1, 0];
[0.403, 10.667, 11.333, 0.778];[0.457, 15.0, 12.0, 0.731];[1, 0];
[0.445, 15.0, 14.333, 0.824];[0.428, 14.333, 8.667, 0.79];[0, 1];
[0.476, 17.0, 9.667, 0.664];[0.426, 15.333, 8.667, 0.763];[0, 1];
[0.416, 16.333, 8.0, 0.818];[0.464, 11.0, 8.0, 0.828];[1, 0];
[0.413, 13.667, 11.667, 0.738];[0.484, 16.333, 8.667, 0.801];[1, 0];
[0.48, 14.333, 10.667, 0.803];[0.453, 12.333, 13.0, 0.729];[0, 1];
[0.459, 15.0, 10.0, 0.746];[0.445, 16.667, 12.667, 0.771];[1, 0];
[0.499, 8.333, 12.667, 0.733];[0.447, 14.0, 11.667, 0.799];[0, 1];
[0.485, 13.667, 10.667, 0.832];[0.547, 20.0, 9.333, 0.747];[0, 1];
[0.413, 15.0, 13.667, 0.783];[0.454, 15.333, 9.0, 0.795];[0, 1];
[0.466, 20.0, 10.333, 0.668];[0.437, 13.667, 9.333, 0.715];[1, 0];
[0.452, 15.333, 10.0, 0.68];[0.435, 8.667, 9.667, 0.744];[0, 1];
[0.439, 13.667, 11.667, 0.808];[0.422, 12.333, 11.0, 0.827];[0, 1];
[0.475, 12.333, 5.333, 0.814];[0.436, 17.0, 15.0, 0.647];[0, 1];
[0.473, 14.333, 10.333, 0.789];[0.478, 14.333, 13.667, 0.753];[0, 1];
[0.471, 13.0, 10.667, 0.771];[0.505, 11.0, 12.667, 0.834];[0, 1];
[0.421, 11.667, 9.667, 0.809];[0.46, 14.333, 10.333, 0.787];[1, 0];
[0.444, 15.0, 9.333, 0.834];[0.442, 13.667, 13.333, 0.817];[0, 1];
[0.437, 10.667, 14.333, 0.734];[0.497, 14.0, 8.0, 0.826];[1, 0];
[0.447, 14.667, 11.0, 0.828];[0.44, 13.0, 13.0, 0.868];[1, 0];
[0.439, 17.0, 9.667, 0.663];[0.529, 14.667, 9.0, 0.779];[1, 0];
[0.451, 19.0, 12.667, 0.733];[0.446, 15.667, 13.667, 0.691];[0, 1];
[0.474, 18.0, 12.0, 0.729];[0.422, 15.333, 8.0, 0.78];[0, 1];
[0.404, 11.667, 10.333, 0.798];[0.503, 13.333, 6.333, 0.767];[0, 1];
[0.446, 14.667, 12.0, 0.71];[0.461, 20.0, 9.667, 0.692];[0, 1];
[0.441, 9.667, 9.667, 0.738];[0.459, 14.667, 12.667, 0.8];[0, 1];
[0.473, 15.0, 10.333, 0.85];[0.451, 15.333, 10.333, 0.852];[0, 1];
[0.477, 10.333, 8.0, 0.708];[0.377, 11.333, 9.333, 0.874];[1, 0];
[0.514, 18.667, 9.0, 0.844];[0.461, 15.333, 8.333, 0.814];[0, 1];
[0.445, 17.333, 10.667, 0.711];[0.438, 14.667, 11.0, 0.773];[0, 1];
[0.448, 12.333, 11.667, 0.633];[0.528, 13.667, 8.667, 0.752];[0, 1];
[0.489, 18.0, 8.0, 0.685];[0.449, 13.0, 13.333, 0.777];[1, 0];
[0.443, 13.0, 11.667, 0.798];[0.483, 16.333, 10.667, 0.748];[1, 0];
[0.493, 20.333, 8.667, 0.717];[0.48, 14.667, 8.333, 0.822];[1, 0];
[0.411, 11.0, 12.0, 0.841];[0.468, 10.667, 14.0, 0.736];[0, 1];
[0.433, 10.667, 8.0, 0.744];[0.511, 13.0, 8.667, 0.819];[1, 0];
[0.455, 15.333, 12.333, 0.744];[0.483, 11.667, 5.667, 0.691];[0, 1];
[0.422, 12.0, 8.0, 0.736];[0.443, 15.333, 10.667, 0.826];[0, 1];
[0.445, 12.333, 12.667, 0.741];[0.469, 10.0, 12.0, 0.739];[1, 0];
[0.455, 11.667, 16.667, 0.732];[0.488, 12.333, 12.333, 0.817];[1, 0];
[0.423, 13.0, 10.0, 0.815];[0.477, 11.667, 9.333, 0.76];[0, 1];
[0.435, 15.0, 10.0, 0.719];[0.449, 13.0, 7.667, 0.709];[0, 1];
[0.509, 11.0, 9.667, 0.759];[0.454, 12.333, 10.333, 0.805];[1, 0];
[0.484, 13.333, 12.0, 0.779];[0.399, 11.333, 12.333, 0.75];[0, 1];
[0.478, 18.0, 11.0, 0.751];[0.429, 15.667, 15.333, 0.704];[0, 1];
[0.433, 17.667, 14.0, 0.701];[0.509, 13.333, 10.0, 0.724];[0, 1];
[0.437, 10.0, 13.333, 0.726];[0.441, 12.0, 11.0, 0.694];[1, 0];
[0.412, 13.333, 11.667, 0.725];[0.477, 14.0, 13.667, 0.765];[1, 0];
[0.433, 11.667, 13.667, 0.759];[0.477, 16.0, 10.333, 0.809];[0, 1];
[0.464, 17.0, 10.333, 0.769];[0.469, 15.667, 8.333, 0.839];[0, 1];
[0.45, 15.667, 8.333, 0.776];[0.498, 10.667, 11.0, 0.866];[0, 1];
[0.457, 9.0, 14.333, 0.717];[0.427, 14.0, 12.333, 0.823];[0, 1];
[0.484, 11.333, 13.0, 0.64];[0.47, 10.0, 9.667, 0.714];[1, 0];
[0.439, 12.0, 10.667, 0.722];[0.468, 17.333, 10.0, 0.73];[1, 0];
[0.515, 17.0, 12.0, 0.756];[0.401, 18.0, 13.667, 0.656];[1, 0];
[0.484, 13.333, 10.0, 0.728];[0.486, 15.667, 5.667, 0.777];[1, 0];
[0.432, 13.667, 7.667, 0.692];[0.428, 15.333, 11.333, 0.75];[0, 1];
[0.419, 15.0, 12.667, 0.804];[0.45, 11.333, 11.667, 0.807];[0, 1];
[0.445, 13.333, 8.0, 0.702];[0.456, 11.667, 9.0, 0.718];[0, 1];
[0.381, 10.667, 14.333, 0.681];[0.465, 8.667, 11.333, 0.734];[1, 0];
[0.452, 11.0, 7.667, 0.66];[0.439, 11.0, 13.667, 0.753];[0, 1];
[0.454, 14.333, 9.333, 0.53];[0.562, 12.0, 6.0, 0.778];[1, 0];
[0.489, 11.667, 10.0, 0.77];[0.496, 10.333, 11.333, 0.672];[1, 0];
[0.547, 17.667, 8.333, 0.763];[0.509, 17.0, 10.0, 0.786];[0, 1];
[0.471, 13.0, 12.667, 0.762];[0.499, 16.0, 10.0, 0.713];[0, 1];
[0.425, 13.667, 8.333, 0.617];[0.503, 14.667, 8.0, 0.685];[0, 1];
[0.438, 11.333, 14.333, 0.77];[0.46, 8.667, 6.0, 0.821];[1, 0];
[0.469, 16.333, 13.0, 0.801];[0.418, 14.0, 13.0, 0.731];[0, 1];
[0.42, 11.667, 9.667, 0.724];[0.517, 13.0, 12.333, 0.744];[0, 1];
[0.399, 15.667, 14.0, 0.737];[0.44, 18.333, 7.667, 0.72];[1, 0];
[0.418, 15.667, 8.333, 0.773];[0.461, 15.667, 9.667, 0.759];[1, 0];
[0.494, 15.333, 10.333, 0.743];[0.417, 13.667, 13.667, 0.804];[0, 1];
[0.481, 9.667, 11.0, 0.818];[0.481, 16.0, 9.0, 0.745];[1, 0];
[0.417, 14.0, 13.0, 0.639];[0.49, 14.0, 10.667, 0.778];[0, 1];
[0.477, 13.333, 9.667, 0.768];[0.448, 16.667, 10.0, 0.683];[1, 0];
[0.426, 14.0, 9.667, 0.698];[0.467, 16.0, 11.667, 0.754];[0, 1];
[0.443, 14.0, 9.333, 0.739];[0.459, 13.667, 10.0, 0.748];[0, 1];
[0.51, 16.0, 12.333, 0.628];[0.472, 12.667, 9.333, 0.808];[1, 0];
[0.354, 15.333, 12.667, 0.807];[0.505, 14.0, 9.667, 0.748];[0, 1];
[0.447, 13.333, 12.333, 0.808];[0.425, 13.667, 11.333, 0.724];[0, 1];
[0.488, 18.0, 11.667, 0.603];[0.462, 18.333, 12.333, 0.728];[0, 1];
[0.445, 13.333, 13.667, 0.752];[0.447, 12.667, 13.0, 0.794];[1, 0];
[0.418, 9.333, 13.0, 0.741];[0.48, 11.333, 9.667, 0.732];[1, 0];
[0.432, 18.333, 11.0, 0.757];[0.395, 15.0, 13.0, 0.729];[1, 0];
[0.364, 11.667, 13.333, 0.722];[0.465, 12.333, 12.0, 0.693];[1, 0];
[0.531, 12.0, 11.333, 0.817];[0.477, 16.0, 7.667, 0.693];[1, 0];
[0.497, 16.333, 8.333, 0.758];[0.429, 17.667, 9.667, 0.61];[1, 0];
[0.512, 13.0, 8.333, 0.744];[0.4, 18.667, 14.333, 0.644];[1, 0];
[0.434, 18.0, 13.333, 0.738];[0.441, 15.667, 14.333, 0.845];[0, 1];
[0.429, 15.333, 10.0, 0.694];[0.489, 13.333, 12.333, 0.769];[0, 1];
[0.477, 13.667, 11.667, 0.761];[0.487, 14.333, 5.333, 0.867];[0, 1];
[0.424, 15.667, 10.333, 0.755];[0.441, 16.0, 12.333, 0.761];[1, 0];
[0.431, 13.333, 12.667, 0.778];[0.385, 15.333, 12.667, 0.844];[0, 1];
[0.453, 16.667, 12.0, 0.716];[0.464, 13.333, 11.0, 0.794];[1, 0];
[0.453, 14.0, 9.667, 0.826];[0.439, 12.667, 14.667, 0.821];[0, 1];
[0.415, 12.333, 9.0, 0.796];[0.435, 13.0, 13.0, 0.77];[0, 1];
[0.454, 11.667, 8.333, 0.771];[0.491, 16.333, 13.333, 0.798];[0, 1];
[0.39, 15.0, 16.667, 0.692];[0.415, 14.333, 13.0, 0.81];[0, 1];
[0.55, 14.0, 8.667, 0.783];[0.381, 16.0, 11.333, 0.749];[1, 0];
[0.42, 9.333, 11.333, 0.625];[0.495, 17.333, 12.667, 0.777];[0, 1];
[0.446, 17.0, 11.667, 0.666];[0.461, 14.333, 6.0, 0.75];[0, 1];
[0.537, 14.667, 10.0, 0.838];[0.477, 8.333, 9.667, 0.806];[1, 0];
[0.416, 13.0, 13.667, 0.753];[0.448, 11.333, 13.0, 0.725];[0, 1];
[0.453, 13.0, 11.333, 0.799];[0.489, 12.0, 12.333, 0.775];[1, 0];
[0.455, 16.333, 12.333, 0.669];[0.431, 13.333, 8.667, 0.819];[1, 0];
[0.427, 12.333, 9.0, 0.734];[0.458, 15.667, 10.333, 0.801];[1, 0];
[0.471, 17.667, 9.667, 0.773];[0.458, 14.0, 9.333, 0.866];[1, 0];
[0.42, 20.667, 13.0, 0.739];[0.49, 15.0, 10.667, 0.761];[1, 0];
[0.489, 16.0, 10.667, 0.751];[0.464, 13.667, 11.333, 0.775];[1, 0];
[0.45, 17.333, 10.667, 0.659];[0.446, 14.333, 13.667, 0.742];[0, 1];
[0.466, 13.333, 8.333, 0.816];[0.46, 19.333, 15.0, 0.678];[1, 0];
[0.482, 13.667, 7.667, 0.857];[0.485, 14.0, 10.667, 0.806];[1, 0];
[0.466, 22.0, 13.0, 0.667];[0.364, 4.0, 20.0, 0.588];[1, 0];
[0.466, 14.667, 9.0, 0.83];[0.447, 14.0, 12.667, 0.717];[1, 0];
[0.444, 16.667, 7.333, 0.768];[0.451, 14.667, 10.0, 0.735];[0, 1];
[0.44, 13.333, 6.333, 0.601];[0.444, 14.0, 10.333, 0.865];[0, 1];
[0.455, 16.333, 10.667, 0.734];[0.429, 15.0, 9.0, 0.788];[0, 1];
[0.402, 12.333, 15.0, 0.81];[0.492, 15.333, 13.0, 0.879];[0, 1];
[0.399, 11.333, 9.667, 0.787];[0.464, 17.333, 8.333, 0.734];[1, 0];
[0.458, 13.667, 10.0, 0.842];[0.474, 11.0, 9.333, 0.648];[1, 0];
[0.391, 10.333, 7.333, 0.724];[0.431, 13.667, 14.667, 0.668];[0, 1];
[0.421, 10.333, 11.667, 0.798];[0.524, 11.667, 7.667, 0.742];[0, 1];
[0.42, 12.667, 9.0, 0.79];[0.461, 13.333, 11.333, 0.814];[1, 0];
[0.48, 20.667, 12.0, 0.76];[0.453, 15.0, 10.0, 0.75];[1, 0];
[0.461, 19.0, 14.333, 0.719];[0.438, 17.333, 17.667, 0.656];[1, 0];
[0.385, 15.667, 15.0, 0.753];[0.423, 14.333, 12.0, 0.795];[1, 0];
[0.429, 8.0, 10.0, 0.703];[0.511, 13.0, 9.667, 0.655];[0, 1];
[0.458, 13.333, 9.333, 0.703];[0.471, 15.333, 8.333, 0.912];[1, 0];
[0.431, 12.667, 13.667, 0.829];[0.439, 13.667, 10.667, 0.729];[1, 0];
[0.453, 15.333, 8.333, 0.737];[0.454, 13.0, 13.333, 0.795];[0, 1];
[0.435, 10.667, 14.667, 0.73];[0.385, 18.0, 16.0, 0.774];[0, 1];
[0.473, 14.0, 10.0, 0.817];[0.447, 11.333, 10.667, 0.803];[0, 1];
[0.439, 14.667, 7.667, 0.797];[0.46, 12.333, 11.333, 0.815];[1, 0];
[0.435, 16.667, 11.333, 0.785];[0.482, 14.0, 10.333, 0.774];[0, 1];
[0.459, 13.0, 7.333, 0.83];[0.463, 14.667, 12.0, 0.787];[1, 0];
[0.438, 10.667, 9.667, 0.809];[0.47, 12.0, 12.0, 0.769];[0, 1];
[0.466, 14.333, 11.0, 0.775];[0.486, 15.0, 10.333, 0.83];[1, 0];
[0.509, 15.333, 5.0, 0.753];[0.512, 14.667, 11.667, 0.688];[0, 1];
[0.444, 12.667, 12.0, 0.866];[0.461, 14.0, 12.667, 0.644];[0, 1];
[0.462, 11.667, 6.333, 0.763];[0.456, 10.333, 9.667, 0.733];[1, 0];
[0.409, 11.333, 17.0, 0.735];[0.438, 13.667, 14.333, 0.863];[1, 0];
[0.536, 15.333, 5.667, 0.717];[0.472, 13.0, 9.333, 0.725];[0, 1];
[0.458, 16.333, 9.667, 0.817];[0.522, 16.333, 5.0, 0.756];[1, 0];
[0.43, 12.0, 9.667, 0.815];[0.431, 14.333, 11.333, 0.809];[0, 1];
[0.483, 14.333, 12.333, 0.804];[0.51, 15.0, 9.333, 0.792];[0, 1];
[0.518, 9.667, 11.333, 0.829];[0.457, 12.0, 8.0, 0.719];[1, 0];
[0.427, 16.333, 10.333, 0.782];[0.423, 15.333, 9.667, 0.799];[0, 1];
[0.522, 15.667, 9.333, 0.681];[0.413, 12.333, 11.333, 0.76];[1, 0];
[0.458, 15.667, 8.333, 0.807];[0.446, 13.0, 8.333, 0.772];[0, 1];
[0.418, 15.667, 12.667, 0.811];[0.43, 13.333, 8.667, 0.894];[1, 0];
[0.381, 14.667, 15.0, 0.663];[0.48, 16.333, 9.333, 0.737];[0, 1];
[0.428, 16.667, 11.0, 0.798];[0.435, 14.333, 11.667, 0.717];[0, 1];
[0.565, 13.0, 5.667, 0.632];[0.492, 12.0, 12.667, 0.808];[0, 1];
[0.5, 16.667, 11.333, 0.849];[0.492, 15.0, 9.0, 0.746];[0, 1];
[0.471, 12.667, 9.333, 0.75];[0.477, 12.333, 11.0, 0.742];[0, 1];
[0.446, 15.333, 9.333, 0.802];[0.455, 11.0, 12.333, 0.806];[1, 0];
[0.45, 13.333, 12.0, 0.787];[0.485, 12.333, 12.667, 0.794];[0, 1];
[0.477, 14.333, 11.333, 0.773];[0.417, 15.333, 6.667, 0.638];[1, 0];
[0.458, 16.667, 12.333, 0.791];[0.493, 16.333, 6.667, 0.77];[1, 0];
[0.478, 17.333, 12.667, 0.686];[0.514, 17.0, 9.333, 0.731];[1, 0];
[0.479, 12.333, 12.0, 0.687];[0.4, 14.0, 17.667, 0.678];[1, 0];
[0.435, 13.667, 14.667, 0.743];[0.431, 13.667, 16.0, 0.79];[0, 1];
[0.435, 12.333, 9.667, 0.834];[0.473, 11.0, 8.333, 0.755];[0, 1];
[0.487, 15.667, 7.667, 0.787];[0.452, 13.0, 7.333, 0.674];[0, 1];
[0.402, 11.667, 11.333, 0.729];[0.457, 14.333, 19.0, 0.617];[0, 1];
[0.455, 12.0, 10.0, 0.811];[0.445, 11.0, 10.333, 0.669];[1, 0];
[0.468, 12.0, 10.667, 0.773];[0.412, 10.667, 9.667, 0.713];[1, 0];
[0.479, 9.333, 10.0, 0.808];[0.444, 10.333, 12.0, 0.714];[1, 0];
[0.446, 13.0, 9.333, 0.843];[0.43, 16.333, 15.333, 0.798];[0, 1];
[0.458, 13.0, 13.0, 0.714];[0.491, 13.333, 6.333, 0.711];[1, 0];
[0.498, 15.667, 9.667, 0.707];[0.445, 13.333, 13.0, 0.82];[1, 0];
[0.441, 16.0, 15.333, 0.72];[0.457, 15.667, 13.0, 0.787];[1, 0];
[0.439, 13.0, 11.667, 0.734];[0.475, 13.667, 11.667, 0.877];[0, 1];
[0.557, 17.333, 9.667, 0.749];[0.436, 13.333, 9.333, 0.732];[1, 0];
[0.439, 12.0, 13.667, 0.781];[0.453, 14.667, 12.0, 0.765];[0, 1];
[0.449, 11.333, 13.0, 0.739];[0.527, 13.333, 11.333, 0.836];[1, 0];
[0.447, 15.0, 11.0, 0.721];[0.394, 16.333, 11.333, 0.853];[1, 0];
[0.477, 13.0, 9.333, 0.783];[0.472, 17.333, 10.0, 0.615];[1, 0];
[0.466, 11.333, 11.0, 0.722];[0.494, 13.333, 10.0, 0.814];[0, 1];
[0.474, 15.0, 9.333, 0.791];[0.439, 8.667, 13.667, 0.715];[1, 0];
[0.455, 10.667, 11.0, 0.856];[0.418, 14.0, 12.333, 0.811];[1, 0];
[0.45, 14.333, 11.667, 0.727];[0.447, 11.667, 8.333, 0.835];[0, 1];
[0.424, 14.333, 12.667, 0.829];[0.525, 12.333, 13.0, 0.844];[0, 1];
[0.494, 11.667, 11.667, 0.83];[0.464, 15.667, 11.667, 0.702];[1, 0];
[0.477, 18.667, 13.333, 0.785];[0.427, 14.667, 13.0, 0.871];[0, 1];
[0.477, 15.333, 10.667, 0.816];[0.463, 11.0, 12.0, 0.663];[1, 0];
[0.463, 12.667, 12.667, 0.729];[0.49, 11.667, 10.333, 0.821];[0, 1];
[0.532, 16.333, 9.333, 0.772];[0.434, 11.0, 13.333, 0.736];[1, 0];
[0.502, 15.0, 5.333, 0.753];[0.459, 13.333, 14.0, 0.669];[0, 1];
[0.456, 18.333, 14.333, 0.784];[0.478, 13.0, 14.0, 0.746];[1, 0];
[0.467, 13.667, 10.667, 0.68];[0.418, 11.0, 10.0, 0.817];[0, 1];
[0.396, 13.333, 12.667, 0.755];[0.438, 14.667, 9.667, 0.824];[0, 1];
[0.451, 11.0, 10.0, 0.763];[0.47, 11.0, 8.0, 0.83];[1, 0];
[0.46, 12.0, 10.667, 0.821];[0.454, 7.667, 14.667, 0.795];[1, 0];
[0.459, 13.0, 11.0, 0.799];[0.47, 14.0, 8.667, 0.819];[1, 0];
[0.424, 13.0, 9.0, 0.811];[0.448, 11.333, 10.333, 0.871];[0, 1];
[0.512, 13.0, 5.0, 0.738];[0.492, 13.667, 12.333, 0.65];[0, 1];
[0.444, 14.333, 14.667, 0.829];[0.473, 15.333, 12.333, 0.694];[0, 1];
[0.467, 12.0, 10.0, 0.74];[0.442, 15.0, 9.333, 0.739];[0, 1];
[0.428, 13.333, 8.667, 0.819];[0.487, 16.667, 10.333, 0.74];[0, 1];
[0.412, 16.0, 13.333, 0.816];[0.471, 15.0, 12.667, 0.802];[1, 0];
[0.491, 17.667, 11.667, 0.718];[0.456, 12.667, 9.667, 0.772];[1, 0];
[0.417, 14.667, 11.333, 0.739];[0.451, 11.333, 12.667, 0.731];[0, 1];
[0.437, 13.0, 10.667, 0.877];[0.433, 11.667, 14.667, 0.704];[1, 0];
[0.499, 12.0, 11.333, 0.759];[0.45, 9.0, 9.0, 0.839];[1, 0];
[0.509, 13.667, 10.0, 0.771];[0.474, 11.0, 10.667, 0.681];[0, 1];
[0.464, 13.667, 12.667, 0.674];[0.418, 12.667, 14.0, 0.686];[0, 1];
[0.454, 14.333, 9.667, 0.776];[0.445, 17.333, 12.667, 0.739];[1, 0];
[0.474, 15.667, 12.333, 0.814];[0.446, 12.667, 13.0, 0.711];[1, 0];
[0.442, 11.333, 11.333, 0.752];[0.397, 14.667, 7.333, 0.768];[1, 0];
[0.489, 15.0, 9.333, 0.766];[0.458, 13.0, 10.333, 0.627];[0, 1];
[0.372, 10.667, 10.667, 0.784];[0.455, 14.333, 9.333, 0.825];[0, 1];
[0.44, 13.333, 15.667, 0.812];[0.464, 12.0, 9.0, 0.737];[0, 1];
[0.463, 14.667, 6.0, 0.908];[0.446, 14.0, 15.667, 0.778];[1, 0];
[0.5, 16.667, 6.333, 0.747];[0.423, 15.0, 9.0, 0.806];[0, 1];
[0.46, 14.667, 10.667, 0.819];[0.442, 15.0, 8.0, 0.791];[1, 0];
[0.432, 7.333, 12.333, 0.651];[0.451, 11.333, 9.333, 0.78];[1, 0];
[0.494, 13.667, 8.0, 0.722];[0.417, 13.667, 15.0, 0.855];[1, 0];
[0.45, 13.333, 10.667, 0.747];[0.517, 17.667, 11.0, 0.626];[0, 1];
[0.436, 12.333, 8.333, 0.793];[0.453, 17.0, 11.0, 0.829];[0, 1];
[0.461, 14.0, 10.333, 0.69];[0.498, 10.667, 9.0, 0.778];[0, 1];
[0.478, 16.667, 13.0, 0.698];[0.484, 15.333, 12.0, 0.678];[1, 0];
[0.519, 11.667, 8.667, 0.618];[0.466, 15.0, 10.0, 0.678];[1, 0];
[0.499, 14.0, 5.0, 0.775];[0.425, 11.667, 11.667, 0.699];[1, 0];
[0.395, 16.667, 9.333, 0.716];[0.459, 13.333, 9.667, 0.846];[0, 1];
[0.429, 13.0, 10.0, 0.764];[0.489, 11.0, 10.667, 0.744];[0, 1];
[0.45, 14.667, 11.0, 0.656];[0.439, 13.333, 16.667, 0.693];[1, 0];
[0.525, 15.667, 10.333, 0.763];[0.493, 14.667, 7.0, 0.771];[0, 1];
[0.44, 14.0, 10.0, 0.671];[0.412, 16.0, 15.0, 0.803];[1, 0];
[0.459, 12.333, 11.333, 0.792];[0.494, 14.333, 12.0, 0.773];[0, 1];
[0.498, 11.667, 9.667, 0.717];[0.457, 12.0, 12.0, 0.74];[0, 1];
[0.511, 19.0, 9.0, 0.5];[0.472, 19.0, 15.0, 0.708];[0, 1];
[0.414, 12.0, 10.0, 0.753];[0.387, 13.0, 13.667, 0.799];[0, 1];
[0.43, 13.0, 13.667, 0.744];[0.456, 13.667, 9.333, 0.71];[0, 1];
[0.405, 14.0, 8.333, 0.791];[0.45, 17.333, 12.667, 0.751];[1, 0];
[0.427, 15.667, 14.333, 0.843];[0.415, 12.0, 10.333, 0.756];[1, 0];
[0.492, 12.0, 12.0, 0.754];[0.501, 14.333, 9.333, 0.743];[1, 0];
[0.427, 18.0, 13.667, 0.858];[0.439, 17.667, 11.0, 0.814];[1, 0];
[0.431, 14.0, 10.0, 0.763];[0.469, 13.667, 13.0, 0.727];[0, 1];
[0.428, 14.667, 11.667, 0.835];[0.43, 14.333, 13.333, 0.653];[0, 1];
[0.448, 12.0, 9.0, 0.658];[0.422, 14.667, 11.0, 0.876];[0, 1];
[0.458, 16.667, 9.667, 0.733];[0.493, 14.0, 11.0, 0.767];[0, 1];
[0.47, 15.0, 7.667, 0.782];[0.439, 16.667, 8.0, 0.772];[1, 0];
[0.47, 14.667, 11.333, 0.741];[0.472, 14.667, 12.0, 0.774];[0, 1];
[0.465, 14.667, 15.333, 0.853];[0.488, 14.0, 13.0, 0.65];[1, 0];
[0.459, 14.667, 11.333, 0.744];[0.446, 16.0, 12.667, 0.708];[0, 1];
[0.446, 10.667, 11.0, 0.811];[0.465, 7.333, 16.667, 0.673];[1, 0];
[0.495, 15.667, 11.667, 0.804];[0.506, 16.0, 9.667, 0.788];[0, 1];
[0.414, 16.0, 14.667, 0.875];[0.507, 15.0, 11.667, 0.838];[1, 0];
[0.508, 14.333, 7.0, 0.708];[0.482, 17.0, 9.667, 0.71];[1, 0];
[0.443, 14.333, 14.0, 0.776];[0.486, 14.333, 9.333, 0.68];[1, 0];
[0.414, 14.667, 13.0, 0.716];[0.493, 15.333, 8.333, 0.749];[0, 1];
[0.497, 10.333, 10.333, 0.819];[0.465, 16.0, 11.333, 0.799];[0, 1];
[0.43, 12.333, 10.333, 0.651];[0.444, 14.667, 7.667, 0.81];[1, 0];
[0.481, 10.333, 11.0, 0.694];[0.459, 13.333, 10.667, 0.849];[1, 0];
[0.466, 13.333, 12.0, 0.833];[0.507, 16.0, 10.0, 0.744];[1, 0];
[0.452, 15.0, 5.0, 0.618];[0.466, 22.0, 13.0, 0.667];[0, 1];
[0.44, 14.333, 10.0, 0.714];[0.471, 18.0, 13.333, 0.797];[0, 1];
[0.447, 13.0, 10.667, 0.744];[0.432, 14.667, 10.0, 0.725];[0, 1];
[0.406, 10.667, 12.333, 0.701];[0.469, 12.0, 9.333, 0.712];[0, 1];
[0.494, 14.0, 7.0, 0.711];[0.364, 14.667, 15.333, 0.715];[1, 0];
[0.353, 15.0, 11.667, 0.746];[0.448, 12.667, 13.667, 0.644];[0, 1];
[0.425, 14.667, 14.0, 0.697];[0.464, 14.0, 8.333, 0.81];[1, 0];
[0.363, 13.0, 12.0, 0.746];[0.457, 10.667, 15.0, 0.804];[0, 1];
[0.459, 10.667, 12.333, 0.741];[0.418, 13.667, 14.0, 0.869];[0, 1];
[0.473, 12.333, 13.667, 0.753];[0.403, 9.667, 11.667, 0.789];[0, 1];
[0.471, 13.667, 10.0, 0.776];[0.454, 13.0, 7.0, 0.78];[0, 1];
[0.459, 12.0, 9.667, 0.687];[0.445, 15.667, 7.667, 0.929];[1, 0];
[0.48, 12.0, 9.0, 0.825];[0.458, 14.333, 13.333, 0.755];[0, 1];
[0.447, 12.0, 13.0, 0.723];[0.469, 13.333, 8.333, 0.772];[1, 0];
[0.477, 13.667, 11.0, 0.746];[0.478, 14.333, 10.667, 0.772];[1, 0];
[0.435, 12.667, 11.333, 0.773];[0.433, 14.0, 8.667, 0.846];[0, 1];
[0.381, 12.333, 16.333, 0.819];[0.496, 16.333, 11.0, 0.773];[0, 1];
[0.469, 14.667, 12.0, 0.721];[0.45, 20.667, 13.333, 0.707];[1, 0];
[0.403, 13.333, 16.0, 0.826];[0.395, 15.0, 14.0, 0.775];[1, 0];
[0.458, 12.0, 11.0, 0.728];[0.473, 8.667, 11.0, 0.648];[1, 0];
[0.521, 13.0, 9.333, 0.704];[0.501, 13.0, 8.0, 0.811];[0, 1];
[0.441, 16.667, 13.0, 0.783];[0.505, 14.667, 11.333, 0.733];[1, 0];
[0.518, 13.0, 9.667, 0.808];[0.448, 13.0, 11.0, 0.818];[1, 0];
[0.46, 13.333, 12.0, 0.77];[0.418, 12.667, 10.333, 0.727];[1, 0];
[0.4, 15.0, 15.0, 0.81];[0.468, 13.0, 7.0, 0.645];[0, 1];
[0.386, 13.0, 8.333, 0.837];[0.44, 15.0, 8.0, 0.823];[0, 1];
[0.47, 14.667, 10.0, 0.8];[0.477, 16.0, 7.667, 0.587];[0, 1];
[0.378, 14.667, 13.0, 0.726];[0.479, 17.333, 11.0, 0.651];[1, 0];
[0.399, 16.0, 13.0, 0.846];[0.464, 16.333, 9.0, 0.84];[0, 1];
[0.458, 12.667, 10.667, 0.775];[0.454, 14.667, 14.667, 0.703];[0, 1];
[0.439, 11.333, 9.667, 0.728];[0.385, 13.0, 11.333, 0.829];[1, 0];
[0.458, 10.667, 13.0, 0.709];[0.48, 14.667, 7.667, 0.724];[0, 1];
[0.434, 11.667, 11.0, 0.794];[0.438, 15.0, 10.667, 0.81];[0, 1];
[0.451, 12.333, 12.667, 0.806];[0.38, 15.0, 16.0, 0.855];[1, 0];
[0.443, 12.0, 12.667, 0.797];[0.462, 12.333, 10.333, 0.839];[0, 1];
[0.483, 12.667, 11.333, 0.814];[0.444, 11.0, 9.333, 0.687];[1, 0];
[0.443, 14.333, 13.333, 0.761];[0.447, 15.333, 12.667, 0.761];[0, 1];
[0.44, 12.0, 9.0, 0.77];[0.526, 16.333, 9.667, 0.787];[0, 1];
[0.436, 11.667, 12.0, 0.738];[0.443, 14.0, 9.667, 0.78];[1, 0];
[0.441, 14.333, 14.667, 0.765];[0.414, 20.0, 14.667, 0.676];[1, 0];
[0.46, 15.333, 8.0, 0.782];[0.469, 14.333, 10.333, 0.72];[1, 0];
[0.497, 14.0, 8.333, 0.691];[0.435, 18.0, 16.0, 0.695];[0, 1];
[0.462, 16.0, 13.0, 0.647];[0.494, 15.667, 13.0, 0.686];[0, 1];
[0.47, 9.333, 9.667, 0.731];[0.446, 14.0, 11.333, 0.793];[1, 0];
[0.472, 13.667, 8.333, 0.755];[0.502, 15.667, 10.0, 0.828];[1, 0];
[0.438, 9.0, 9.667, 0.762];[0.386, 14.0, 15.0, 0.734];[0, 1];
[0.452, 10.667, 11.333, 0.763];[0.445, 14.667, 13.0, 0.702];[1, 0];
[0.492, 15.0, 7.667, 0.761];[0.48, 18.667, 14.333, 0.695];[0, 1];
[0.469, 11.333, 6.333, 0.742];[0.432, 12.333, 8.667, 0.801];[1, 0];
[0.504, 13.667, 6.667, 0.795];[0.473, 10.0, 10.667, 0.774];[0, 1];
[0.498, 10.667, 14.333, 0.708];[0.501, 13.333, 7.0, 0.737];[1, 0];
[0.411, 13.667, 8.333, 0.85];[0.442, 12.0, 6.333, 0.664];[1, 0];
[0.477, 14.667, 12.0, 0.835];[0.411, 16.333, 15.333, 0.761];[0, 1];
[0.446, 12.333, 11.667, 0.875];[0.443, 10.667, 9.667, 0.746];[0, 1];
[0.44, 13.333, 10.333, 0.783];[0.458, 17.333, 9.333, 0.721];[1, 0];
[0.483, 15.667, 10.667, 0.776];[0.423, 15.0, 10.333, 0.82];[1, 0];
[0.47, 14.333, 8.333, 0.82];[0.436, 14.667, 9.333, 0.766];[1, 0];
[0.418, 17.333, 10.667, 0.693];[0.453, 13.667, 10.667, 0.851];[0, 1];
[0.419, 13.333, 17.0, 0.776];[0.446, 9.667, 12.667, 0.658];[0, 1];
[0.494, 19.0, 7.0, 0.769];[0.452, 15.0, 5.0, 0.618];[1, 0];
[0.462, 10.667, 7.0, 0.805];[0.469, 15.667, 9.333, 0.724];[0, 1];
[0.46, 12.333, 11.667, 0.735];[0.463, 15.333, 8.0, 0.823];[0, 1];
[0.431, 12.0, 10.0, 0.748];[0.447, 13.667, 8.333, 0.754];[0, 1];
[0.449, 10.0, 14.0, 0.805];[0.526, 11.667, 9.333, 0.686];[0, 1];
[0.427, 16.667, 13.0, 0.762];[0.496, 18.333, 12.333, 0.736];[1, 0];
[0.445, 12.0, 13.667, 0.675];[0.408, 11.667, 12.333, 0.815];[0, 1];
[0.457, 12.333, 13.0, 0.798];[0.441, 11.0, 6.667, 0.745];[1, 0];
[0.481, 14.0, 7.667, 0.809];[0.502, 11.667, 11.333, 0.771];[1, 0];
[0.472, 12.667, 11.333, 0.749];[0.463, 11.667, 15.667, 0.717];[1, 0];
[0.422, 17.667, 11.0, 0.718];[0.426, 11.333, 14.333, 0.817];[1, 0];
[0.443, 15.667, 13.333, 0.804];[0.452, 11.667, 10.667, 0.724];[1, 0];
[0.457, 15.333, 7.667, 0.771];[0.471, 15.667, 9.333, 0.769];[0, 1];
[0.455, 16.667, 7.667, 0.732];[0.48, 15.0, 13.667, 0.814];[0, 1];
[0.487, 13.0, 6.0, 0.757];[0.438, 9.0, 16.333, 0.71];[1, 0];
[0.404, 12.667, 10.0, 0.677];[0.541, 14.0, 8.333, 0.718];[0, 1];
[0.465, 12.333, 7.333, 0.777];[0.418, 13.333, 8.667, 0.728];[0, 1];
[0.548, 15.667, 9.333, 0.808];[0.494, 15.333, 9.333, 0.832];[1, 0];
[0.432, 14.333, 9.667, 0.772];[0.456, 12.0, 12.667, 0.782];[0, 1];
[0.416, 12.0, 11.333, 0.736];[0.462, 15.333, 12.333, 0.746];[1, 0];
[0.434, 17.667, 8.667, 0.692];[0.448, 12.667, 9.0, 0.809];[0, 1];
[0.451, 12.667, 10.333, 0.733];[0.426, 10.0, 10.0, 0.87];[0, 1];
[0.493, 12.667, 9.667, 0.806];[0.4, 13.333, 17.333, 0.76];[1, 0];
[0.437, 11.333, 11.0, 0.824];[0.485, 16.0, 9.0, 0.78];[1, 0];
[0.45, 13.667, 14.333, 0.784];[0.423, 10.0, 12.667, 0.783];[1, 0];
[0.411, 10.333, 11.0, 0.655];[0.51, 12.333, 8.667, 0.709];[1, 0];
[0.437, 9.667, 7.667, 0.807];[0.398, 15.0, 12.333, 0.756];[1, 0];
[0.456, 12.333, 10.667, 0.822];[0.422, 13.333, 10.0, 0.771];[1, 0];
[0.41, 16.667, 11.0, 0.903];[0.481, 13.0, 11.0, 0.699];[0, 1];
[0.548, 14.667, 10.0, 0.633];[0.45, 15.0, 10.667, 0.733];[1, 0];
[0.429, 18.0, 11.333, 0.799];[0.512, 13.667, 11.667, 0.736];[1, 0];
[0.506, 16.0, 8.333, 0.757];[0.46, 15.0, 9.667, 0.75];[1, 0];
[0.464, 11.0, 10.0, 0.676];[0.444, 12.0, 12.333, 0.729];[0, 1];
[0.433, 11.0, 17.333, 0.765];[0.481, 11.333, 9.333, 0.834];[1, 0];
[0.512, 16.0, 7.0, 0.869];[0.482, 14.667, 8.333, 0.714];[1, 0];
[0.445, 16.0, 16.0, 0.75];[0.385, 13.333, 12.0, 0.826];[1, 0];
[0.476, 15.667, 8.333, 0.776];[0.458, 17.0, 15.0, 0.685];[0, 1];
[0.46, 11.0, 10.0, 0.874];[0.466, 13.0, 9.667, 0.791];[0, 1];
[0.475, 13.333, 9.667, 0.818];[0.448, 12.0, 8.0, 0.827];[0, 1];
[0.445, 11.0, 12.333, 0.861];[0.469, 12.667, 11.0, 0.824];[0, 1];
[0.406, 14.333, 13.667, 0.836];[0.474, 15.667, 12.333, 0.755];[1, 0];
[0.443, 14.0, 12.0, 0.8];[0.452, 14.333, 10.0, 0.816];[0, 1];
[0.466, 15.0, 14.333, 0.69];[0.438, 17.333, 13.0, 0.681];[1, 0];
[0.444, 11.0, 10.333, 0.747];[0.45, 11.0, 11.667, 0.804];[1, 0];
[0.44, 19.667, 11.333, 0.792];[0.403, 17.333, 12.0, 0.782];[1, 0];
[0.417, 10.667, 6.333, 0.915];[0.45, 10.667, 9.667, 0.833];[1, 0];
[0.477, 13.333, 9.333, 0.729];[0.418, 12.0, 11.667, 0.857];[1, 0];
[0.413, 13.667, 7.0, 0.805];[0.489, 14.667, 9.0, 0.854];[0, 1];
[0.477, 14.667, 8.0, 0.715];[0.451, 10.667, 11.333, 0.688];[1, 0];
[0.382, 15.667, 13.0, 0.724];[0.457, 14.0, 10.0, 0.851];[1, 0];
[0.495, 15.0, 7.0, 0.745];[0.476, 16.667, 12.333, 0.749];[1, 0];
[0.496, 18.667, 8.0, 0.867];[0.483, 17.333, 7.0, 0.764];[0, 1];
[0.467, 13.333, 10.0, 0.744];[0.456, 12.0, 9.0, 0.872];[1, 0];
[0.51, 15.667, 10.333, 0.753];[0.439, 14.0, 12.0, 0.902];[0, 1];
[0.432, 15.667, 10.667, 0.698];[0.429, 12.333, 13.0, 0.855];[1, 0];
[0.395, 18.0, 10.333, 0.703];[0.522, 15.333, 9.0, 0.87];[0, 1];
[0.495, 15.0, 10.667, 0.754];[0.458, 15.667, 10.667, 0.777];[0, 1];
[0.408, 14.0, 14.667, 0.775];[0.45, 14.333, 6.333, 0.786];[0, 1];
[0.4, 12.333, 6.333, 0.61];[0.49, 13.333, 12.0, 0.689];[1, 0];
[0.495, 15.333, 8.667, 0.743];[0.413, 12.667, 10.0, 0.756];[0, 1];
[0.441, 14.0, 9.0, 0.8];[0.458, 12.333, 12.0, 0.703];[0, 1];
[0.467, 16.333, 14.0, 0.742];[0.407, 15.0, 12.0, 0.715];[1, 0];
[0.413, 13.0, 14.333, 0.814];[0.417, 12.0, 10.333, 0.652];[1, 0];
[0.434, 15.0, 11.667, 0.783];[0.403, 15.667, 14.0, 0.753];[1, 0];
[0.551, 22.0, 16.333, 0.789];[0.502, 12.333, 10.0, 0.726];[0, 1];
[0.459, 16.667, 9.0, 0.773];[0.436, 17.333, 19.667, 0.679];[0, 1];
[0.454, 13.0, 11.333, 0.731];[0.431, 17.0, 11.667, 0.806];[0, 1];
[0.483, 17.667, 9.667, 0.71];[0.411, 17.667, 11.667, 0.714];[1, 0];
[0.485, 13.667, 8.333, 0.85];[0.469, 13.0, 8.0, 0.763];[1, 0];
[0.51, 15.333, 11.333, 0.712];[0.436, 12.0, 10.667, 0.695];[1, 0];
[0.431, 15.0, 12.333, 0.834];[0.453, 12.333, 12.333, 0.871];[0, 1];
[0.446, 11.333, 7.333, 0.766];[0.462, 12.0, 10.333, 0.806];[0, 1];
[0.406, 13.0, 14.0, 0.791];[0.458, 10.333, 10.0, 0.664];[1, 0];
[0.441, 11.667, 9.0, 0.815];[0.493, 12.0, 8.667, 0.783];[0, 1];
[0.475, 17.0, 14.0, 0.767];[0.454, 18.667, 14.333, 0.636];[1, 0];
[0.514, 16.0, 13.333, 0.749];[0.444, 14.0, 6.667, 0.806];[0, 1];
[0.463, 12.0, 9.333, 0.744];[0.463, 15.333, 11.333, 0.741];[0, 1];
[0.429, 10.667, 15.0, 0.621];[0.411, 12.0, 13.667, 0.777];[1, 0];
[0.447, 17.0, 13.333, 0.742];[0.469, 12.333, 14.667, 0.751];[1, 0];
[0.471, 14.333, 11.667, 0.787];[0.436, 18.333, 14.333, 0.802];[1, 0];
[0.522, 10.667, 8.667, 0.804];[0.473, 12.333, 13.0, 0.776];[1, 0];
[0.477, 14.0, 8.333, 0.796];[0.448, 12.0, 10.333, 0.713];[0, 1];
[0.436, 11.0, 9.333, 0.766];[0.437, 13.0, 13.0, 0.838];[0, 1];
[0.442, 16.333, 12.333, 0.698];[0.44, 14.333, 13.333, 0.734];[0, 1];
[0.461, 16.667, 12.333, 0.748];[0.503, 15.333, 8.333, 0.721];[0, 1];
[0.473, 15.333, 5.333, 0.688];[0.454, 8.333, 11.0, 0.611];[1, 0];
[0.466, 12.333, 8.333, 0.837];[0.473, 10.0, 11.667, 0.679];[0, 1];
[0.401, 14.0, 12.0, 0.672];[0.387, 14.0, 13.333, 0.803];[0, 1];
[0.457, 15.667, 12.0, 0.778];[0.463, 13.667, 13.667, 0.806];[1, 0];
[0.431, 16.667, 13.333, 0.835];[0.488, 17.333, 12.333, 0.723];[1, 0];
[0.458, 13.667, 10.0, 0.781];[0.468, 17.333, 8.333, 0.789];[0, 1];
[0.486, 11.667, 9.333, 0.774];[0.488, 16.667, 11.333, 0.732];[0, 1];
[0.422, 11.0, 11.667, 0.802];[0.402, 10.667, 12.0, 0.685];[1, 0];
[0.513, 18.0, 11.667, 0.772];[0.443, 15.0, 13.333, 0.703];[0, 1];
[0.469, 14.0, 7.0, 0.763];[0.42, 15.0, 13.333, 0.833];[1, 0];
[0.473, 13.0, 6.333, 0.731];[0.481, 13.0, 11.667, 0.828];[1, 0];
[0.481, 13.333, 11.0, 0.701];[0.465, 14.0, 9.667, 0.699];[0, 1];
[0.399, 11.333, 9.667, 0.836];[0.454, 13.0, 8.333, 0.698];[1, 0];
[0.465, 12.333, 9.0, 0.845];[0.519, 15.333, 7.0, 0.776];[0, 1];
[0.418, 16.333, 8.667, 0.674];[0.495, 16.333, 9.333, 0.779];[1, 0];
[0.427, 11.0, 11.333, 0.746];[0.507, 15.0, 9.0, 0.701];[0, 1];
[0.466, 13.333, 10.333, 0.779];[0.476, 12.333, 9.0, 0.837];[0, 1];
[0.469, 15.667, 11.0, 0.717];[0.431, 15.0, 12.667, 0.732];[1, 0];
[0.479, 13.333, 11.0, 0.729];[0.489, 13.333, 7.0, 0.775];[0, 1];
[0.402, 9.333, 14.0, 0.754];[0.444, 12.333, 11.333, 0.828];[1, 0];
[0.446, 11.0, 13.0, 0.746];[0.464, 12.333, 12.667, 0.757];[0, 1];
[0.428, 12.333, 8.0, 0.696];[0.485, 13.667, 9.333, 0.889];[0, 1];
[0.456, 14.667, 12.0, 0.694];[0.37, 12.667, 11.333, 0.665];[0, 1];
[0.465, 13.0, 8.0, 0.738];[0.422, 15.667, 9.0, 0.817];[1, 0];
[0.456, 11.0, 12.667, 0.773];[0.481, 11.333, 5.0, 0.758];[0, 1];
[0.464, 10.333, 10.0, 0.715];[0.494, 10.667, 8.0, 0.76];[1, 0];
[0.439, 11.333, 9.0, 0.756];[0.486, 10.333, 8.0, 0.771];[0, 1];
[0.501, 14.333, 9.667, 0.758];[0.425, 15.667, 11.333, 0.86];[1, 0];
[0.39, 11.0, 9.667, 0.756];[0.501, 12.333, 11.667, 0.833];[0, 1];
[0.42, 16.333, 14.333, 0.827];[0.446, 14.333, 10.333, 0.789];[1, 0];
