[0.409, 14.333, 15.0, 0.659];[0.434, 14.0, 12.667, 0.819];[0, 1];
[0.478, 13.0, 11.333, 0.735];[0.436, 15.333, 9.667, 0.867];[1, 0];
[0.519, 14.0, 9.0, 0.747];[0.404, 13.333, 9.667, 0.802];[0, 1];
[0.431, 11.667, 12.667, 0.79];[0.434, 14.667, 12.667, 0.744];[1, 0];
[0.461, 13.667, 12.333, 0.761];[0.442, 14.667, 13.667, 0.729];[0, 1];
[0.488, 9.333, 7.667, 0.825];[0.459, 12.0, 8.333, 0.772];[1, 0];
[0.445, 12.0, 11.0, 0.722];[0.441, 13.0, 11.667, 0.756];[1, 0];
[0.448, 13.333, 12.667, 0.813];[0.531, 17.0, 9.0, 0.529];[0, 1];
[0.406, 10.667, 12.333, 0.796];[0.454, 9.667, 11.333, 0.767];[1, 0];
[0.429, 15.0, 9.333, 0.754];[0.428, 15.333, 11.667, 0.741];[0, 1];
[0.471, 9.0, 15.0, 0.808];[0.473, 10.0, 12.0, 0.692];[0, 1];
[0.477, 12.667, 12.667, 0.764];[0.474, 13.333, 11.0, 0.758];[1, 0];
[0.413, 14.0, 14.333, 0.765];[0.466, 14.333, 11.0, 0.597];[1, 0];
[0.422, 11.667, 11.667, 0.835];[0.482, 12.667, 4.667, 0.723];[1, 0];
[0.436, 15.667, 12.667, 0.73];[0.488, 12.0, 9.333, 0.81];[0, 1];
[0.482, 15.333, 9.333, 0.804];[0.462, 13.0, 11.667, 0.746];[1, 0];
[0.434, 14.0, 11.333, 0.734];[0.476, 9.0, 14.667, 0.749];[1, 0];
[0.449, 11.667, 13.0, 0.738];[0.45, 13.0, 11.0, 0.866];[1, 0];
[0.452, 14.0, 10.667, 0.768];[0.461, 13.333, 11.0, 0.853];[1, 0];
[0.491, 13.667, 9.667, 0.677];[0.413, 14.0, 15.0, 0.759];[1, 0];
[0.456, 13.0, 8.667, 0.875];[0.484, 15.333, 12.0, 0.653];[0, 1];
[0.5, 12.667, 12.667, 0.698];[0.457, 10.667, 9.0, 0.801];[0, 1];
[0.385, 11.0, 15.333, 0.854];[0.557, 9.333, 8.0, 0.715];[1, 0];
[0.462, 10.333, 8.333, 0.81];[0.473, 18.333, 10.667, 0.755];[1, 0];
[0.454, 18.667, 13.667, 0.706];[0.448, 17.667, 15.0, 0.666];[0, 1];
[0.455, 11.0, 9.0, 0.799];[0.449, 9.333, 10.0, 0.822];[1, 0];
[0.506, 15.333, 11.667, 0.716];[0.447, 16.333, 8.0, 0.841];[1, 0];
[0.476, 15.333, 10.333, 0.833];[0.414, 10.667, 13.333, 0.74];[1, 0];
[0.462, 12.667, 14.667, 0.707];[0.475, 13.667, 10.0, 0.767];[1, 0];
[0.458, 11.333, 8.667, 0.763];[0.447, 16.333, 12.333, 0.715];[1, 0];
[0.414, 12.667, 12.0, 0.714];[0.467, 13.667, 8.333, 0.766];[0, 1];
[0.446, 11.333, 6.667, 0.796];[0.46, 15.667, 11.667, 0.821];[1, 0];
[0.378, 12.667, 16.0, 0.888];[0.392, 13.667, 10.333, 0.819];[1, 0];
[0.448, 11.0, 7.0, 0.721];[0.478, 15.667, 8.333, 0.763];[1, 0];
[0.416, 14.333, 13.0, 0.74];[0.494, 15.0, 11.0, 0.832];[1, 0];
[0.467, 15.333, 12.0, 0.71];[0.459, 13.333, 7.667, 0.729];[1, 0];
[0.463, 16.667, 12.0, 0.695];[0.433, 16.0, 10.333, 0.881];[1, 0];
[0.51, 12.667, 10.333, 0.72];[0.503, 14.0, 10.333, 0.71];[0, 1];
[0.383, 13.0, 7.333, 0.789];[0.46, 14.333, 7.0, 0.667];[0, 1];
[0.49, 11.667, 11.0, 0.773];[0.432, 18.0, 15.333, 0.807];[1, 0];
[0.474, 12.667, 11.0, 0.719];[0.476, 14.0, 10.333, 0.744];[0, 1];
[0.407, 15.667, 14.667, 0.913];[0.431, 11.667, 12.667, 0.813];[1, 0];
[0.466, 15.0, 9.0, 0.704];[0.452, 14.0, 12.0, 0.754];[1, 0];
[0.508, 15.333, 11.333, 0.72];[0.444, 15.0, 14.0, 0.666];[0, 1];
[0.474, 10.333, 7.667, 0.802];[0.465, 13.667, 10.333, 0.653];[1, 0];
[0.451, 10.333, 11.333, 0.79];[0.437, 11.333, 13.0, 0.642];[1, 0];
[0.425, 13.0, 11.333, 0.639];[0.497, 18.0, 7.667, 0.82];[1, 0];
[0.42, 14.333, 11.667, 0.636];[0.521, 13.667, 9.0, 0.742];[0, 1];
[0.488, 11.667, 11.0, 0.67];[0.476, 16.0, 8.333, 0.674];[0, 1];
[0.459, 7.333, 11.0, 0.728];[0.47, 12.0, 13.333, 0.74];[0, 1];
[0.45, 15.667, 11.667, 0.79];[0.452, 12.0, 13.333, 0.775];[0, 1];
[0.449, 13.333, 8.0, 0.799];[0.444, 8.667, 9.0, 0.739];[1, 0];
[0.433, 13.667, 14.333, 0.688];[0.5, 15.0, 7.333, 0.753];[1, 0];
[0.502, 15.667, 11.0, 0.845];[0.444, 17.667, 14.667, 0.876];[1, 0];
[0.441, 12.667, 14.667, 0.684];[0.461, 16.333, 13.667, 0.854];[1, 0];
[0.446, 16.333, 10.333, 0.82];[0.494, 15.333, 10.0, 0.699];[0, 1];
[0.443, 12.0, 12.0, 0.775];[0.446, 13.333, 14.667, 0.752];[1, 0];
[0.396, 14.667, 14.0, 0.763];[0.46, 15.667, 8.333, 0.811];[0, 1];
[0.494, 12.0, 12.333, 0.685];[0.469, 12.333, 11.333, 0.83];[1, 0];
[0.465, 15.0, 10.0, 0.786];[0.451, 12.0, 8.333, 0.742];[0, 1];
[0.498, 14.333, 10.333, 0.832];[0.493, 13.0, 12.0, 0.811];[1, 0];
[0.464, 15.667, 13.333, 0.637];[0.462, 17.0, 9.0, 0.83];[1, 0];
[0.481, 13.0, 9.667, 0.801];[0.445, 13.333, 9.333, 0.804];[1, 0];
[0.474, 12.0, 10.667, 0.586];[0.432, 11.667, 10.667, 0.791];[0, 1];
[0.483, 13.333, 10.0, 0.759];[0.466, 14.0, 9.667, 0.819];[0, 1];
[0.43, 12.667, 14.0, 0.824];[0.444, 13.667, 11.333, 0.723];[0, 1];
[0.441, 10.667, 12.0, 0.697];[0.483, 12.667, 8.0, 0.788];[1, 0];
[0.503, 11.333, 8.667, 0.801];[0.472, 13.333, 8.667, 0.822];[1, 0];
[0.45, 16.0, 10.0, 0.841];[0.429, 15.0, 15.333, 0.708];[0, 1];
[0.478, 14.667, 11.667, 0.759];[0.444, 11.0, 13.0, 0.715];[0, 1];
[0.464, 11.667, 8.667, 0.78];[0.427, 12.0, 10.0, 0.713];[1, 0];
[0.539, 12.333, 12.0, 0.77];[0.438, 13.333, 13.0, 0.826];[1, 0];
[0.485, 13.667, 11.0, 0.8];[0.51, 14.0, 10.333, 0.775];[0, 1];
[0.417, 19.667, 18.333, 0.748];[0.437, 18.333, 11.333, 0.619];[0, 1];
[0.49, 12.667, 11.667, 0.768];[0.464, 12.667, 9.667, 0.825];[0, 1];
[0.414, 13.333, 13.667, 0.787];[0.493, 18.333, 17.667, 0.816];[1, 0];
[0.447, 13.0, 14.667, 0.751];[0.504, 13.667, 12.333, 0.773];[0, 1];
[0.388, 12.0, 18.0, 0.841];[0.486, 19.0, 11.0, 0.76];[1, 0];
[0.478, 10.333, 10.333, 0.716];[0.478, 11.667, 10.333, 0.763];[0, 1];
[0.381, 12.667, 14.0, 0.738];[0.493, 16.333, 12.0, 0.798];[1, 0];
[0.484, 15.333, 12.667, 0.772];[0.479, 13.333, 11.333, 0.729];[1, 0];
[0.506, 14.333, 10.333, 0.82];[0.452, 16.333, 8.333, 0.875];[1, 0];
[0.489, 12.333, 10.0, 0.667];[0.429, 9.333, 11.333, 0.728];[1, 0];
[0.402, 11.667, 12.0, 0.71];[0.5, 15.667, 10.0, 0.734];[1, 0];
[0.473, 12.667, 6.667, 0.73];[0.458, 9.667, 8.667, 0.847];[1, 0];
[0.477, 12.0, 7.667, 0.746];[0.407, 12.0, 16.333, 0.818];[1, 0];
[0.434, 11.667, 9.667, 0.725];[0.476, 18.333, 10.667, 0.704];[0, 1];
[0.454, 15.0, 11.667, 0.765];[0.464, 13.0, 10.667, 0.715];[1, 0];
[0.482, 13.0, 12.0, 0.78];[0.436, 11.667, 12.0, 0.811];[0, 1];
[0.46, 15.0, 10.333, 0.869];[0.493, 15.0, 11.667, 0.82];[0, 1];
[0.449, 13.0, 13.667, 0.762];[0.47, 17.0, 11.667, 0.711];[0, 1];
[0.504, 11.0, 10.0, 0.793];[0.409, 12.667, 16.333, 0.812];[1, 0];
[0.485, 11.333, 9.667, 0.83];[0.436, 12.333, 9.0, 0.679];[0, 1];
[0.466, 17.0, 13.667, 0.805];[0.465, 12.0, 11.0, 0.765];[0, 1];
[0.478, 14.667, 7.333, 0.72];[0.405, 16.0, 15.0, 0.69];[1, 0];
[0.492, 12.667, 9.333, 0.804];[0.465, 12.333, 11.667, 0.773];[0, 1];
[0.472, 12.667, 13.333, 0.81];[0.461, 16.667, 10.0, 0.818];[0, 1];
[0.436, 10.667, 11.0, 0.743];[0.43, 11.0, 8.333, 0.768];[1, 0];
[0.498, 13.667, 12.0, 0.868];[0.509, 11.667, 12.667, 0.789];[0, 1];
[0.466, 13.333, 11.0, 0.789];[0.498, 12.333, 9.667, 0.818];[1, 0];
[0.476, 16.333, 16.667, 0.753];[0.482, 17.667, 11.0, 0.557];[1, 0];
[0.425, 15.0, 12.0, 0.72];[0.445, 16.0, 9.667, 0.726];[1, 0];
[0.443, 12.667, 10.0, 0.754];[0.377, 17.333, 16.667, 0.765];[1, 0];
[0.458, 10.667, 11.667, 0.719];[0.526, 12.667, 8.333, 0.765];[1, 0];
[0.428, 10.0, 7.0, 0.706];[0.433, 12.0, 9.667, 0.683];[1, 0];
[0.478, 11.333, 11.333, 0.776];[0.435, 10.667, 12.333, 0.841];[0, 1];
[0.459, 16.0, 11.0, 0.726];[0.435, 11.667, 10.0, 0.695];[1, 0];
[0.445, 9.333, 13.0, 0.835];[0.488, 16.0, 9.333, 0.858];[1, 0];
[0.486, 16.333, 12.667, 0.742];[0.445, 16.667, 15.333, 0.796];[0, 1];
[0.493, 17.0, 10.333, 0.736];[0.493, 19.0, 7.0, 0.822];[1, 0];
[0.44, 12.0, 9.333, 0.777];[0.511, 11.333, 7.667, 0.627];[0, 1];
[0.463, 17.667, 12.0, 0.808];[0.452, 16.667, 11.667, 0.842];[0, 1];
[0.451, 13.667, 13.333, 0.808];[0.436, 15.0, 13.0, 0.742];[0, 1];
[0.455, 14.0, 10.333, 0.742];[0.477, 14.333, 8.667, 0.711];[0, 1];
[0.475, 16.333, 11.667, 0.847];[0.447, 17.667, 13.667, 0.69];[0, 1];
[0.472, 12.0, 10.667, 0.72];[0.444, 20.667, 17.333, 0.775];[0, 1];
[0.483, 14.0, 8.333, 0.824];[0.491, 15.333, 13.667, 0.708];[0, 1];
[0.427, 11.667, 10.333, 0.831];[0.471, 17.0, 12.333, 0.731];[0, 1];
[0.524, 14.667, 10.333, 0.777];[0.48, 13.667, 10.667, 0.756];[0, 1];
[0.419, 12.333, 9.0, 0.692];[0.443, 12.333, 11.667, 0.814];[0, 1];
[0.485, 17.667, 10.0, 0.712];[0.467, 16.0, 10.333, 0.776];[1, 0];
[0.471, 14.333, 7.333, 0.779];[0.446, 12.667, 10.667, 0.847];[1, 0];
[0.43, 11.333, 10.667, 0.764];[0.447, 14.0, 13.333, 0.793];[1, 0];
[0.447, 17.333, 5.667, 0.696];[0.474, 15.333, 11.667, 0.648];[0, 1];
[0.423, 14.667, 10.333, 0.744];[0.447, 14.667, 10.333, 0.626];[0, 1];
[0.461, 10.0, 12.0, 0.834];[0.425, 11.333, 13.667, 0.683];[0, 1];
[0.481, 14.667, 8.333, 0.82];[0.445, 13.0, 11.0, 0.718];[0, 1];
[0.456, 10.667, 9.667, 0.734];[0.497, 13.333, 9.333, 0.799];[0, 1];
[0.444, 10.333, 7.333, 0.802];[0.463, 11.667, 14.0, 0.724];[1, 0];
[0.469, 11.667, 8.667, 0.791];[0.484, 17.667, 8.333, 0.817];[0, 1];
[0.457, 13.667, 9.667, 0.817];[0.443, 11.0, 15.0, 0.795];[1, 0];
[0.457, 13.0, 10.333, 0.799];[0.493, 15.333, 11.333, 0.729];[0, 1];
[0.441, 14.333, 13.333, 0.776];[0.472, 9.333, 7.667, 0.772];[0, 1];
[0.439, 16.333, 7.667, 0.822];[0.437, 13.333, 10.667, 0.829];[0, 1];
[0.42, 14.333, 16.0, 0.662];[0.493, 16.0, 8.333, 0.775];[0, 1];
[0.449, 13.667, 8.333, 0.788];[0.474, 15.0, 12.0, 0.68];[0, 1];
[0.447, 13.333, 11.333, 0.75];[0.461, 12.0, 12.0, 0.72];[0, 1];
[0.442, 18.667, 15.0, 0.618];[0.462, 16.667, 11.0, 0.699];[1, 0];
[0.471, 12.333, 11.667, 0.75];[0.451, 13.333, 11.333, 0.891];[0, 1];
[0.507, 13.333, 7.0, 0.626];[0.502, 10.667, 10.333, 0.775];[0, 1];
[0.415, 13.333, 10.0, 0.809];[0.434, 12.333, 8.667, 0.756];[0, 1];
[0.49, 12.667, 9.0, 0.805];[0.435, 6.667, 12.667, 0.773];[1, 0];
[0.423, 15.333, 12.333, 0.788];[0.459, 17.333, 7.667, 0.802];[0, 1];
[0.48, 15.0, 10.0, 0.804];[0.396, 15.0, 14.0, 0.748];[1, 0];
[0.461, 12.0, 12.0, 0.777];[0.443, 14.667, 12.0, 0.845];[0, 1];
[0.467, 13.667, 10.667, 0.819];[0.47, 15.333, 15.0, 0.77];[1, 0];
[0.509, 12.333, 9.667, 0.772];[0.457, 16.333, 10.333, 0.622];[1, 0];
[0.443, 17.0, 15.0, 0.778];[0.5, 14.0, 3.0, 0.824];[0, 1];
[0.489, 13.333, 11.0, 0.809];[0.46, 16.0, 9.0, 0.706];[0, 1];
[0.464, 11.0, 9.667, 0.846];[0.452, 11.667, 11.0, 0.815];[0, 1];
[0.48, 13.333, 5.667, 0.779];[0.458, 14.667, 11.333, 0.776];[0, 1];
[0.425, 16.0, 11.0, 0.647];[0.467, 15.667, 13.0, 0.765];[0, 1];
[0.507, 10.667, 14.333, 0.837];[0.462, 15.667, 12.667, 0.721];[1, 0];
[0.481, 14.0, 11.0, 0.772];[0.481, 13.0, 8.667, 0.725];[1, 0];
[0.517, 14.333, 11.667, 0.701];[0.526, 9.667, 9.667, 0.809];[1, 0];
[0.421, 14.0, 12.667, 0.786];[0.428, 17.333, 13.0, 0.652];[0, 1];
[0.522, 13.0, 7.667, 0.677];[0.533, 13.667, 8.333, 0.737];[1, 0];
[0.456, 12.667, 11.667, 0.764];[0.425, 17.0, 13.0, 0.715];[1, 0];
[0.492, 18.0, 13.0, 0.724];[0.501, 17.333, 13.0, 0.733];[1, 0];
[0.42, 10.667, 10.333, 0.74];[0.512, 12.667, 8.333, 0.675];[0, 1];
[0.505, 13.667, 12.667, 0.797];[0.452, 15.667, 12.0, 0.716];[0, 1];
[0.5, 15.0, 12.0, 0.84];[0.518, 11.667, 8.333, 0.683];[1, 0];
[0.495, 13.667, 6.333, 0.732];[0.48, 15.667, 8.667, 0.738];[1, 0];
[0.521, 11.0, 9.667, 0.769];[0.42, 11.0, 8.333, 0.773];[1, 0];
[0.429, 11.333, 14.0, 0.81];[0.446, 14.333, 12.333, 0.828];[1, 0];
[0.507, 14.333, 10.0, 0.948];[0.483, 13.667, 8.333, 0.758];[1, 0];
[0.496, 12.667, 11.667, 0.696];[0.468, 15.0, 14.0, 0.824];[1, 0];
[0.438, 18.667, 11.0, 0.772];[0.442, 18.333, 10.667, 0.764];[1, 0];
[0.468, 15.667, 7.0, 0.76];[0.451, 11.333, 11.333, 0.729];[1, 0];
[0.506, 11.333, 8.333, 0.783];[0.457, 11.667, 8.667, 0.739];[0, 1];
[0.424, 13.333, 10.667, 0.811];[0.479, 12.667, 10.333, 0.814];[0, 1];
[0.46, 15.667, 12.0, 0.667];[0.459, 18.333, 13.333, 0.726];[1, 0];
[0.498, 11.333, 11.0, 0.656];[0.448, 10.333, 8.0, 0.728];[0, 1];
[0.481, 15.0, 10.333, 0.839];[0.476, 14.667, 10.667, 0.741];[1, 0];
[0.444, 14.667, 9.0, 0.84];[0.456, 13.0, 9.667, 0.748];[0, 1];
[0.427, 13.333, 10.333, 0.845];[0.431, 11.667, 9.667, 0.836];[0, 1];
[0.435, 10.0, 9.0, 0.667];[0.476, 19.0, 11.0, 0.944];[1, 0];
[0.531, 12.0, 8.667, 0.762];[0.465, 13.667, 13.333, 0.642];[0, 1];
[0.525, 13.0, 10.333, 0.831];[0.489, 14.333, 9.0, 0.785];[1, 0];
[0.546, 11.667, 6.0, 0.828];[0.519, 8.667, 12.667, 0.711];[1, 0];
[0.426, 13.667, 10.0, 0.791];[0.51, 13.667, 10.0, 0.756];[1, 0];
[0.476, 9.0, 8.667, 0.727];[0.491, 13.333, 10.0, 0.831];[1, 0];
[0.443, 13.333, 11.0, 0.745];[0.414, 10.333, 9.333, 0.741];[1, 0];
[0.444, 10.667, 13.0, 0.723];[0.46, 15.0, 7.333, 0.698];[0, 1];
[0.482, 14.667, 10.667, 0.781];[0.461, 17.333, 13.333, 0.832];[0, 1];
[0.557, 15.667, 8.667, 0.745];[0.464, 15.667, 7.333, 0.762];[1, 0];
[0.454, 14.333, 7.0, 0.8];[0.449, 13.0, 12.333, 0.79];[0, 1];
[0.478, 17.667, 11.333, 0.707];[0.405, 19.0, 15.333, 0.803];[1, 0];
[0.407, 13.667, 11.333, 0.763];[0.446, 17.0, 9.0, 0.737];[1, 0];
[0.525, 12.333, 9.0, 0.696];[0.48, 15.667, 10.0, 0.717];[1, 0];
[0.453, 14.0, 10.333, 0.809];[0.39, 10.667, 9.333, 0.681];[1, 0];
[0.494, 13.0, 10.333, 0.754];[0.422, 10.0, 11.0, 0.746];[0, 1];
[0.403, 14.667, 15.0, 0.7];[0.518, 16.667, 11.667, 0.669];[0, 1];
[0.423, 11.0, 8.0, 0.9];[0.437, 14.333, 7.667, 0.856];[1, 0];
[0.435, 13.333, 9.333, 0.798];[0.501, 13.333, 6.667, 0.704];[0, 1];
[0.438, 15.333, 11.667, 0.839];[0.458, 13.333, 6.667, 0.69];[0, 1];
[0.456, 11.0, 7.333, 0.724];[0.447, 16.0, 11.667, 0.683];[0, 1];
[0.441, 11.667, 10.333, 0.691];[0.558, 13.667, 9.333, 0.787];[0, 1];
[0.509, 11.333, 11.0, 0.605];[0.478, 13.667, 12.333, 0.76];[1, 0];
[0.445, 11.0, 6.333, 0.821];[0.519, 14.667, 11.0, 0.785];[1, 0];
[0.494, 13.667, 11.333, 0.841];[0.428, 12.333, 10.333, 0.707];[0, 1];
[0.42, 15.0, 17.667, 0.688];[0.421, 17.667, 12.0, 0.733];[1, 0];
[0.432, 14.0, 13.333, 0.767];[0.45, 15.0, 11.333, 0.827];[0, 1];
[0.495, 12.667, 9.0, 0.823];[0.473, 11.667, 10.333, 0.728];[1, 0];
[0.495, 10.333, 11.333, 0.76];[0.395, 12.667, 13.333, 0.752];[1, 0];
[0.516, 17.667, 10.0, 0.665];[0.486, 16.333, 7.667, 0.779];[1, 0];
[0.429, 13.667, 11.0, 0.715];[0.435, 13.667, 11.333, 0.822];[1, 0];
[0.566, 16.333, 6.667, 0.771];[0.415, 12.667, 10.0, 0.792];[0, 1];
[0.446, 10.0, 11.333, 0.787];[0.492, 8.667, 11.333, 0.693];[0, 1];
[0.506, 10.667, 9.667, 0.737];[0.479, 12.667, 12.0, 0.651];[1, 0];
[0.384, 13.667, 12.667, 0.828];[0.424, 14.333, 16.0, 0.676];[1, 0];
[0.408, 13.333, 8.667, 0.779];[0.488, 14.0, 16.333, 0.808];[0, 1];
[0.456, 12.0, 14.667, 0.713];[0.387, 14.667, 14.0, 0.76];[0, 1];
[0.459, 13.333, 12.667, 0.78];[0.454, 16.333, 10.667, 0.772];[1, 0];
[0.434, 12.667, 11.0, 0.673];[0.389, 9.333, 14.0, 0.777];[0, 1];
[0.506, 12.667, 9.333, 0.802];[0.453, 14.667, 8.0, 0.757];[1, 0];
[0.482, 11.0, 15.667, 0.882];[0.456, 16.333, 9.0, 0.791];[0, 1];
[0.44, 12.667, 12.667, 0.773];[0.461, 17.667, 14.667, 0.717];[1, 0];
[0.494, 10.333, 12.333, 0.838];[0.472, 12.333, 11.667, 0.775];[0, 1];
[0.477, 13.333, 13.0, 0.768];[0.438, 13.667, 15.667, 0.643];[1, 0];
[0.5, 15.667, 5.333, 0.746];[0.47, 12.333, 10.333, 0.709];[0, 1];
[0.475, 11.667, 12.333, 0.75];[0.509, 13.0, 9.333, 0.782];[0, 1];
[0.404, 12.667, 11.333, 0.748];[0.439, 12.0, 8.0, 0.746];[1, 0];
[0.491, 14.333, 6.667, 0.743];[0.417, 13.667, 13.0, 0.767];[0, 1];
[0.459, 15.667, 12.0, 0.725];[0.416, 9.333, 11.667, 0.712];[1, 0];
[0.471, 11.333, 5.667, 0.869];[0.409, 14.333, 8.667, 0.799];[0, 1];
[0.481, 9.0, 7.333, 0.761];[0.497, 12.333, 8.333, 0.828];[1, 0];
[0.439, 14.333, 10.667, 0.765];[0.409, 15.667, 11.0, 0.715];[1, 0];
[0.41, 11.667, 9.0, 0.762];[0.445, 12.667, 11.667, 0.78];[0, 1];
[0.493, 15.333, 11.667, 0.663];[0.441, 14.667, 12.333, 0.761];[0, 1];
[0.424, 12.667, 12.0, 0.749];[0.481, 14.667, 9.333, 0.856];[1, 0];
[0.502, 12.0, 8.667, 0.847];[0.458, 12.667, 11.667, 0.805];[0, 1];
[0.432, 9.667, 11.333, 0.831];[0.457, 10.667, 10.333, 0.921];[1, 0];
[0.491, 12.0, 10.667, 0.741];[0.44, 20.667, 11.333, 0.781];[1, 0];
[0.494, 16.333, 11.667, 0.827];[0.433, 12.0, 10.333, 0.753];[0, 1];
[0.474, 14.667, 10.667, 0.699];[0.47, 14.333, 10.333, 0.759];[0, 1];
[0.517, 15.0, 6.333, 0.738];[0.455, 12.667, 11.333, 0.696];[1, 0];
[0.466, 15.667, 8.333, 0.816];[0.397, 9.0, 8.0, 0.675];[1, 0];
[0.43, 12.333, 7.333, 0.763];[0.476, 9.333, 7.667, 0.864];[0, 1];
[0.456, 13.333, 14.0, 0.734];[0.446, 12.0, 11.667, 0.795];[0, 1];
[0.457, 15.0, 11.667, 0.773];[0.482, 14.333, 10.333, 0.649];[0, 1];
[0.425, 16.667, 13.333, 0.775];[0.487, 14.333, 11.667, 0.796];[0, 1];
[0.531, 14.333, 8.0, 0.835];[0.468, 15.333, 8.0, 0.805];[1, 0];
[0.492, 15.0, 14.333, 0.705];[0.406, 11.667, 12.0, 0.798];[0, 1];
[0.548, 12.0, 7.0, 0.747];[0.448, 9.333, 7.0, 0.791];[1, 0];
[0.469, 13.667, 11.0, 0.769];[0.448, 11.0, 15.0, 0.817];[0, 1];
[0.479, 13.0, 11.0, 0.754];[0.45, 14.0, 10.333, 0.8];[1, 0];
[0.446, 15.0, 11.0, 0.762];[0.399, 14.333, 13.333, 0.841];[0, 1];
[0.465, 11.667, 12.667, 0.797];[0.456, 15.0, 10.333, 0.685];[1, 0];
[0.383, 10.667, 15.333, 0.726];[0.41, 12.0, 13.333, 0.757];[0, 1];
[0.489, 13.0, 7.0, 0.797];[0.471, 13.333, 12.333, 0.811];[1, 0];
[0.499, 11.0, 10.0, 0.817];[0.426, 13.0, 9.667, 0.701];[1, 0];
[0.476, 10.667, 11.0, 0.787];[0.465, 12.667, 12.333, 0.748];[1, 0];
[0.471, 14.333, 11.667, 0.788];[0.436, 15.667, 7.667, 0.724];[1, 0];
[0.414, 13.333, 13.0, 0.867];[0.477, 16.0, 12.667, 0.874];[1, 0];
[0.457, 10.0, 12.333, 0.714];[0.492, 15.333, 10.0, 0.684];[1, 0];
[0.441, 10.667, 10.0, 0.748];[0.434, 15.333, 11.667, 0.808];[0, 1];
[0.514, 11.667, 8.0, 0.776];[0.489, 9.333, 6.333, 0.744];[0, 1];
[0.447, 14.333, 11.333, 0.789];[0.449, 12.333, 8.667, 0.744];[1, 0];
[0.443, 17.667, 11.667, 0.813];[0.465, 11.333, 11.0, 0.748];[0, 1];
[0.446, 13.0, 10.667, 0.783];[0.439, 14.667, 15.667, 0.65];[0, 1];
[0.5, 13.0, 10.333, 0.754];[0.455, 15.0, 10.667, 0.83];[1, 0];
[0.475, 15.0, 13.333, 0.729];[0.438, 18.0, 14.333, 0.791];[1, 0];
[0.417, 13.667, 8.667, 0.831];[0.432, 16.0, 10.667, 0.811];[1, 0];
[0.493, 14.667, 9.667, 0.82];[0.45, 19.0, 12.333, 0.782];[0, 1];
[0.384, 14.667, 14.333, 0.727];[0.511, 13.667, 7.333, 0.751];[0, 1];
[0.459, 8.333, 9.667, 0.788];[0.462, 12.0, 8.333, 0.704];[1, 0];
[0.505, 12.333, 9.0, 0.646];[0.48, 15.0, 9.333, 0.749];[0, 1];
[0.454, 13.0, 10.0, 0.756];[0.475, 15.667, 11.667, 0.694];[0, 1];
[0.465, 10.667, 10.667, 0.867];[0.536, 13.333, 8.333, 0.719];[0, 1];
[0.424, 13.333, 11.333, 0.759];[0.437, 14.0, 11.333, 0.734];[1, 0];
[0.455, 18.0, 11.0, 0.64];[0.458, 18.333, 11.667, 0.783];[1, 0];
[0.476, 12.0, 14.667, 0.703];[0.524, 12.0, 11.0, 0.787];[1, 0];
[0.409, 15.0, 11.667, 0.774];[0.464, 13.333, 9.667, 0.717];[1, 0];
[0.464, 10.667, 7.333, 0.852];[0.474, 14.0, 11.0, 0.885];[1, 0];
[0.423, 12.333, 10.0, 0.706];[0.427, 12.0, 12.333, 0.725];[1, 0];
[0.434, 13.0, 10.0, 0.739];[0.447, 11.333, 10.667, 0.815];[1, 0];
[0.398, 13.333, 9.667, 0.732];[0.424, 14.667, 13.667, 0.773];[0, 1];
[0.418, 11.333, 8.0, 0.652];[0.407, 8.333, 10.333, 0.74];[1, 0];
[0.452, 11.667, 10.667, 0.732];[0.439, 11.667, 10.0, 0.682];[0, 1];
[0.42, 15.333, 14.667, 0.774];[0.443, 9.667, 11.667, 0.866];[0, 1];
[0.467, 9.667, 7.667, 0.77];[0.486, 15.0, 12.0, 0.808];[1, 0];
[0.439, 14.0, 5.333, 0.782];[0.378, 11.667, 14.333, 0.723];[1, 0];
[0.467, 14.0, 9.667, 0.752];[0.509, 14.0, 7.333, 0.838];[1, 0];
[0.51, 16.0, 7.667, 0.77];[0.446, 11.667, 10.667, 0.781];[1, 0];
[0.49, 10.667, 9.0, 0.743];[0.45, 16.0, 15.667, 0.781];[1, 0];
[0.386, 12.667, 8.333, 0.732];[0.479, 16.333, 8.333, 0.82];[0, 1];
[0.499, 9.667, 6.333, 0.778];[0.411, 13.0, 13.667, 0.836];[0, 1];
[0.419, 13.0, 14.0, 0.712];[0.464, 9.667, 8.333, 0.837];[0, 1];
[0.448, 15.0, 11.333, 0.7];[0.457, 16.667, 6.333, 0.703];[1, 0];
[0.419, 11.0, 11.333, 0.764];[0.471, 14.667, 14.667, 0.766];[0, 1];
[0.532, 10.0, 9.667, 0.761];[0.453, 13.0, 13.333, 0.756];[1, 0];
[0.405, 14.667, 10.333, 0.79];[0.519, 15.667, 10.0, 0.679];[0, 1];
[0.513, 14.0, 11.667, 0.737];[0.435, 15.333, 12.667, 0.847];[1, 0];
[0.45, 17.0, 11.0, 0.855];[0.453, 10.667, 6.667, 0.735];[1, 0];
[0.447, 15.0, 14.667, 0.748];[0.49, 13.667, 13.333, 0.756];[1, 0];
[0.473, 15.667, 9.333, 0.836];[0.405, 13.667, 11.333, 0.696];[1, 0];
[0.381, 19.0, 9.0, 0.8];[0.42, 16.0, 13.0, 0.867];[1, 0];
[0.501, 12.0, 11.0, 0.704];[0.463, 12.0, 7.333, 0.775];[0, 1];
[0.502, 12.0, 10.667, 0.786];[0.481, 14.667, 11.333, 0.736];[0, 1];
[0.433, 12.0, 13.333, 0.729];[0.473, 13.333, 10.667, 0.767];[0, 1];
[0.417, 12.0, 10.333, 0.794];[0.471, 12.667, 12.667, 0.731];[1, 0];
[0.538, 15.333, 7.667, 0.791];[0.492, 9.667, 6.333, 0.765];[1, 0];
[0.417, 17.333, 7.0, 0.755];[0.448, 13.333, 9.0, 0.708];[0, 1];
[0.442, 12.333, 10.333, 0.823];[0.431, 17.0, 10.667, 0.789];[1, 0];
[0.436, 14.667, 12.667, 0.764];[0.465, 11.0, 7.667, 0.817];[0, 1];
[0.432, 13.333, 12.333, 0.673];[0.449, 13.667, 13.667, 0.755];[0, 1];
[0.389, 11.0, 11.333, 0.763];[0.527, 15.667, 9.333, 0.804];[0, 1];
[0.474, 14.667, 10.667, 0.819];[0.477, 10.333, 8.0, 0.789];[0, 1];
[0.517, 13.667, 9.667, 0.774];[0.409, 11.667, 14.667, 0.833];[1, 0];
[0.425, 13.333, 12.0, 0.657];[0.47, 15.333, 9.667, 0.733];[1, 0];
[0.45, 18.667, 14.0, 0.775];[0.483, 11.333, 12.0, 0.764];[1, 0];
[0.474, 15.667, 11.667, 0.802];[0.508, 11.667, 8.667, 0.721];[1, 0];
[0.509, 12.333, 9.0, 0.684];[0.425, 13.333, 12.667, 0.773];[1, 0];
[0.436, 12.0, 11.333, 0.861];[0.432, 18.667, 17.667, 0.782];[1, 0];
[0.443, 8.667, 9.667, 0.724];[0.49, 14.0, 13.0, 0.824];[1, 0];
[0.434, 15.333, 10.0, 0.794];[0.502, 12.0, 8.0, 0.784];[1, 0];
[0.507, 14.333, 10.667, 0.661];[0.484, 10.0, 14.667, 0.741];[1, 0];
[0.464, 10.0, 13.0, 0.78];[0.507, 14.0, 9.0, 0.823];[1, 0];
[0.398, 13.0, 9.333, 0.813];[0.47, 15.667, 8.333, 0.703];[0, 1];
[0.517, 14.333, 10.0, 0.736];[0.447, 12.0, 14.0, 0.742];[1, 0];
[0.5, 15.0, 11.333, 0.817];[0.486, 10.667, 9.0, 0.901];[0, 1];
[0.42, 12.667, 12.333, 0.777];[0.405, 16.667, 17.0, 0.82];[1, 0];
[0.487, 11.0, 10.333, 0.785];[0.467, 10.333, 11.333, 0.752];[1, 0];
[0.457, 17.333, 8.667, 0.771];[0.456, 16.0, 13.667, 0.85];[0, 1];
[0.481, 12.667, 10.667, 0.742];[0.442, 13.333, 13.0, 0.76];[1, 0];
[0.493, 12.0, 13.333, 0.81];[0.467, 12.667, 10.0, 0.795];[1, 0];
[0.446, 13.0, 14.333, 0.755];[0.43, 15.333, 9.333, 0.72];[0, 1];
[0.506, 14.0, 8.667, 0.859];[0.524, 13.0, 9.333, 0.777];[1, 0];
[0.4, 9.333, 14.667, 0.797];[0.427, 12.333, 13.0, 0.674];[1, 0];
[0.462, 17.0, 15.333, 0.784];[0.447, 14.667, 11.667, 0.784];[0, 1];
[0.453, 12.0, 10.0, 0.805];[0.456, 13.333, 11.0, 0.847];[0, 1];
[0.514, 21.667, 8.667, 0.645];[0.489, 11.333, 8.667, 0.722];[0, 1];
[0.464, 16.333, 12.667, 0.818];[0.476, 10.0, 11.0, 0.775];[0, 1];
[0.412, 8.0, 12.0, 0.788];[0.304, 14.0, 8.0, 0.706];[1, 0];
[0.443, 12.333, 10.333, 0.722];[0.436, 11.333, 10.667, 0.76];[1, 0];
[0.402, 15.0, 11.667, 0.742];[0.514, 20.0, 10.0, 0.839];[1, 0];
[0.484, 11.333, 10.667, 0.856];[0.429, 13.333, 11.333, 0.8];[0, 1];
[0.424, 13.0, 12.667, 0.757];[0.415, 13.667, 10.333, 0.763];[0, 1];
[0.419, 13.0, 8.667, 0.789];[0.492, 13.333, 10.0, 0.782];[1, 0];
[0.447, 13.667, 13.667, 0.745];[0.498, 16.667, 7.0, 0.763];[1, 0];
[0.489, 12.0, 9.333, 0.795];[0.444, 8.667, 11.333, 0.807];[1, 0];
[0.426, 12.0, 7.0, 0.741];[0.483, 12.667, 9.0, 0.727];[0, 1];
[0.462, 14.0, 9.0, 0.748];[0.506, 15.0, 9.667, 0.783];[1, 0];
[0.505, 16.0, 9.667, 0.796];[0.498, 10.333, 10.333, 0.773];[0, 1];
[0.433, 11.333, 10.667, 0.77];[0.471, 16.667, 9.0, 0.778];[0, 1];
[0.429, 11.333, 13.0, 0.768];[0.433, 11.667, 11.0, 0.752];[1, 0];
[0.435, 11.333, 13.0, 0.784];[0.485, 15.667, 9.667, 0.708];[1, 0];
[0.491, 13.0, 12.333, 0.687];[0.502, 11.333, 9.0, 0.834];[0, 1];
[0.478, 11.0, 8.0, 0.777];[0.463, 11.333, 9.0, 0.85];[0, 1];
[0.461, 13.667, 14.667, 0.721];[0.478, 13.333, 9.0, 0.771];[1, 0];
[0.486, 12.0, 14.333, 0.722];[0.377, 12.667, 8.333, 0.75];[1, 0];
[0.468, 13.333, 9.0, 0.716];[0.475, 14.333, 12.667, 0.74];[0, 1];
[0.474, 11.0, 9.667, 0.733];[0.425, 16.333, 14.333, 0.694];[0, 1];
[0.407, 12.333, 8.333, 0.741];[0.438, 15.0, 13.0, 0.647];[0, 1];
[0.497, 14.333, 15.667, 0.836];[0.492, 14.333, 10.333, 0.748];[1, 0];
[0.423, 11.0, 9.0, 0.712];[0.42, 13.667, 9.667, 0.684];[1, 0];
[0.431, 17.333, 13.0, 0.694];[0.493, 13.333, 10.667, 0.705];[1, 0];
[0.465, 11.333, 14.667, 0.716];[0.446, 12.667, 12.0, 0.729];[1, 0];
[0.427, 12.333, 8.333, 0.689];[0.497, 10.0, 8.667, 0.808];[1, 0];
[0.427, 14.333, 14.0, 0.821];[0.454, 15.0, 9.333, 0.803];[1, 0];
[0.551, 12.667, 9.667, 0.851];[0.405, 15.333, 10.333, 0.766];[1, 0];
[0.446, 14.333, 13.0, 0.726];[0.477, 13.667, 10.667, 0.695];[1, 0];
[0.43, 14.0, 11.0, 0.821];[0.451, 9.667, 15.667, 0.726];[0, 1];
[0.409, 12.333, 14.667, 0.748];[0.466, 15.333, 13.667, 0.733];[0, 1];
[0.451, 13.333, 6.333, 0.781];[0.466, 12.333, 13.667, 0.882];[1, 0];
[0.406, 14.667, 12.333, 0.826];[0.428, 11.333, 9.667, 0.665];[1, 0];
[0.439, 15.0, 12.333, 0.783];[0.457, 16.333, 12.667, 0.707];[1, 0];
[0.442, 12.667, 9.333, 0.73];[0.464, 13.667, 9.333, 0.743];[1, 0];
[0.47, 12.0, 12.333, 0.694];[0.465, 11.333, 12.333, 0.764];[0, 1];
[0.46, 13.0, 9.667, 0.635];[0.409, 12.667, 8.0, 0.715];[1, 0];
[0.438, 12.333, 8.333, 0.67];[0.379, 10.667, 14.667, 0.703];[1, 0];
[0.462, 12.667, 13.0, 0.718];[0.413, 12.333, 10.0, 0.771];[1, 0];
[0.436, 12.0, 11.333, 0.837];[0.474, 12.0, 13.0, 0.869];[1, 0];
[0.463, 14.333, 6.333, 0.776];[0.409, 13.667, 13.333, 0.766];[1, 0];
[0.447, 13.333, 9.333, 0.86];[0.481, 11.0, 9.333, 0.839];[0, 1];
[0.443, 10.333, 12.667, 0.855];[0.428, 11.0, 11.0, 0.848];[0, 1];
[0.448, 13.0, 10.0, 0.744];[0.447, 17.0, 7.667, 0.787];[1, 0];
[0.454, 12.667, 5.667, 0.778];[0.458, 11.667, 11.0, 0.714];[1, 0];
[0.4, 14.0, 14.0, 0.73];[0.417, 14.333, 13.333, 0.848];[0, 1];
[0.4, 12.667, 14.333, 0.797];[0.46, 14.333, 11.0, 0.772];[0, 1];
[0.456, 13.667, 9.667, 0.838];[0.485, 12.667, 8.667, 0.794];[1, 0];
[0.446, 12.667, 8.0, 0.715];[0.446, 13.333, 12.667, 0.752];[1, 0];
[0.409, 11.667, 12.333, 0.757];[0.513, 14.0, 9.0, 0.694];[0, 1];
[0.475, 11.333, 15.333, 0.734];[0.469, 18.0, 15.667, 0.742];[0, 1];
[0.487, 13.333, 11.0, 0.749];[0.449, 13.333, 8.667, 0.742];[1, 0];
[0.429, 14.0, 13.333, 0.802];[0.508, 14.667, 8.333, 0.799];[0, 1];
[0.513, 14.0, 10.667, 0.755];[0.47, 18.667, 12.0, 0.735];[1, 0];
[0.451, 13.667, 10.333, 0.659];[0.43, 11.333, 7.0, 0.725];[1, 0];
[0.473, 15.333, 9.667, 0.822];[0.438, 12.0, 6.0, 0.796];[0, 1];
[0.4, 13.333, 11.333, 0.814];[0.45, 14.0, 8.0, 0.734];[1, 0];
[0.477, 9.0, 9.0, 0.723];[0.419, 12.0, 10.0, 0.654];[1, 0];
[0.465, 13.667, 6.333, 0.716];[0.474, 13.667, 10.333, 0.735];[0, 1];
[0.451, 12.667, 12.667, 0.759];[0.442, 9.0, 9.333, 0.746];[1, 0];
[0.477, 14.0, 14.333, 0.75];[0.486, 14.0, 6.667, 0.839];[1, 0];
[0.448, 14.333, 9.333, 0.719];[0.468, 14.333, 10.0, 0.895];[0, 1];
[0.473, 10.0, 12.0, 0.692];[0.494, 15.0, 11.0, 0.792];[1, 0];
[0.453, 14.333, 10.333, 0.887];[0.453, 13.667, 11.667, 0.843];[0, 1];
[0.443, 13.667, 12.667, 0.871];[0.434, 13.667, 11.0, 0.735];[1, 0];
[0.466, 13.333, 9.333, 0.841];[0.429, 14.0, 9.333, 0.724];[1, 0];
[0.463, 14.333, 11.667, 0.794];[0.434, 12.667, 10.667, 0.801];[0, 1];
[0.438, 15.333, 11.333, 0.747];[0.521, 12.0, 9.333, 0.862];[0, 1];
[0.47, 15.0, 11.0, 0.823];[0.448, 11.333, 10.333, 0.858];[1, 0];
[0.412, 11.667, 16.333, 0.726];[0.488, 13.333, 9.0, 0.683];[0, 1];
[0.44, 12.333, 11.667, 0.77];[0.46, 11.0, 13.0, 0.686];[0, 1];
[0.457, 8.333, 10.0, 0.811];[0.439, 18.0, 9.667, 0.733];[1, 0];
[0.498, 13.0, 8.667, 0.84];[0.411, 12.0, 14.667, 0.808];[1, 0];
[0.423, 13.667, 8.333, 0.799];[0.473, 10.667, 8.333, 0.722];[0, 1];
[0.487, 13.667, 8.333, 0.769];[0.447, 16.333, 12.0, 0.802];[1, 0];
[0.496, 13.333, 7.333, 0.778];[0.464, 9.0, 9.667, 0.562];[0, 1];
[0.464, 14.333, 9.333, 0.84];[0.452, 13.333, 12.0, 0.71];[0, 1];
[0.451, 14.667, 13.333, 0.862];[0.502, 16.333, 9.0, 0.755];[1, 0];
[0.393, 14.0, 12.333, 0.742];[0.48, 15.0, 6.0, 0.764];[0, 1];
[0.415, 16.333, 15.0, 0.744];[0.458, 15.0, 11.667, 0.738];[1, 0];
[0.398, 17.667, 16.333, 0.679];[0.427, 13.333, 9.0, 0.715];[0, 1];
[0.469, 14.667, 8.333, 0.799];[0.509, 14.333, 11.0, 0.79];[0, 1];
[0.401, 15.333, 13.667, 0.674];[0.488, 14.667, 9.333, 0.812];[0, 1];
[0.48, 13.0, 13.667, 0.802];[0.419, 13.333, 14.333, 0.759];[0, 1];
[0.468, 10.333, 7.333, 0.721];[0.441, 9.667, 12.0, 0.777];[1, 0];
[0.422, 10.667, 6.333, 0.819];[0.496, 13.333, 10.667, 0.649];[1, 0];
[0.457, 15.0, 8.667, 0.698];[0.398, 17.667, 15.333, 0.73];[1, 0];
[0.492, 14.333, 9.667, 0.786];[0.485, 12.0, 12.667, 0.707];[1, 0];
[0.441, 11.0, 15.0, 0.752];[0.466, 13.0, 9.0, 0.816];[0, 1];
[0.524, 15.333, 9.667, 0.669];[0.425, 14.333, 13.333, 0.687];[0, 1];
[0.519, 11.0, 10.333, 0.709];[0.438, 14.667, 13.0, 0.826];[0, 1];
[0.457, 15.333, 11.333, 0.671];[0.423, 12.667, 12.333, 0.766];[1, 0];
[0.397, 14.667, 16.0, 0.749];[0.495, 15.0, 9.0, 0.722];[0, 1];
[0.504, 15.0, 10.333, 0.763];[0.485, 14.0, 11.333, 0.804];[0, 1];
[0.462, 12.667, 14.667, 0.808];[0.477, 15.0, 7.0, 0.756];[0, 1];
[0.469, 13.0, 12.333, 0.69];[0.442, 15.667, 14.0, 0.743];[1, 0];
[0.454, 11.333, 9.333, 0.831];[0.498, 10.0, 10.667, 0.695];[0, 1];
[0.482, 16.0, 12.333, 0.71];[0.459, 14.667, 10.667, 0.811];[1, 0];
[0.446, 13.333, 9.0, 0.694];[0.486, 12.0, 17.0, 0.716];[1, 0];
[0.494, 16.0, 9.0, 0.703];[0.459, 11.0, 15.0, 0.789];[1, 0];
[0.451, 12.333, 11.333, 0.792];[0.456, 9.0, 11.0, 0.736];[0, 1];
[0.443, 14.333, 11.0, 0.796];[0.444, 13.0, 11.0, 0.751];[1, 0];
[0.452, 11.667, 8.333, 0.76];[0.459, 14.0, 13.333, 0.67];[1, 0];
[0.482, 13.333, 9.333, 0.841];[0.446, 15.333, 13.667, 0.77];[0, 1];
[0.455, 16.667, 14.0, 0.636];[0.408, 13.667, 15.0, 0.805];[1, 0];
[0.459, 12.0, 7.667, 0.723];[0.434, 16.667, 12.333, 0.64];[0, 1];
[0.47, 12.667, 16.333, 0.729];[0.429, 13.0, 10.0, 0.699];[1, 0];
[0.418, 13.0, 12.333, 0.751];[0.453, 11.333, 11.0, 0.894];[1, 0];
[0.452, 15.667, 9.333, 0.741];[0.473, 12.667, 11.0, 0.79];[0, 1];
[0.463, 9.0, 11.0, 0.729];[0.408, 12.667, 13.667, 0.825];[0, 1];
[0.499, 12.667, 11.667, 0.751];[0.469, 15.333, 10.0, 0.863];[0, 1];
[0.466, 11.0, 10.667, 0.77];[0.495, 15.667, 7.667, 0.824];[1, 0];
[0.493, 13.0, 10.0, 0.755];[0.485, 15.333, 9.667, 0.801];[0, 1];
[0.492, 12.667, 9.667, 0.714];[0.429, 11.667, 9.667, 0.741];[0, 1];
[0.446, 13.333, 11.333, 0.786];[0.456, 12.333, 12.0, 0.734];[1, 0];
[0.511, 10.333, 10.0, 0.753];[0.483, 14.333, 11.333, 0.871];[0, 1];
[0.426, 13.667, 12.667, 0.845];[0.386, 16.0, 14.0, 0.688];[0, 1];
[0.41, 12.667, 12.667, 0.776];[0.463, 13.0, 10.333, 0.768];[0, 1];
[0.468, 11.333, 10.333, 0.717];[0.469, 14.0, 12.333, 0.747];[1, 0];
[0.471, 13.333, 8.667, 0.787];[0.46, 15.0, 9.0, 0.771];[0, 1];
[0.531, 12.333, 10.0, 0.681];[0.466, 14.0, 10.0, 0.679];[0, 1];
[0.517, 16.667, 9.667, 0.814];[0.489, 11.0, 10.667, 0.825];[1, 0];
[0.425, 15.333, 10.667, 0.71];[0.5, 12.667, 13.333, 0.854];[1, 0];
[0.533, 14.667, 9.0, 0.759];[0.442, 11.333, 8.667, 0.735];[1, 0];
[0.434, 15.667, 12.667, 0.744];[0.456, 14.667, 11.333, 0.804];[0, 1];
[0.49, 16.667, 11.667, 0.787];[0.475, 16.667, 13.667, 0.812];[0, 1];
[0.401, 15.667, 14.0, 0.744];[0.531, 17.0, 9.0, 0.529];[0, 1];
[0.463, 14.0, 12.0, 0.765];[0.511, 11.0, 9.0, 0.76];[1, 0];
[0.488, 14.667, 9.667, 0.715];[0.464, 15.0, 13.333, 0.777];[1, 0];
[0.405, 11.667, 9.667, 0.673];[0.468, 14.0, 11.667, 0.713];[0, 1];
[0.495, 16.0, 11.333, 0.66];[0.434, 12.667, 15.333, 0.668];[0, 1];
[0.443, 18.667, 13.333, 0.628];[0.453, 14.0, 8.333, 0.779];[1, 0];
[0.429, 14.0, 15.333, 0.689];[0.478, 12.333, 10.667, 0.766];[0, 1];
[0.458, 16.333, 11.333, 0.795];[0.473, 15.0, 13.667, 0.805];[0, 1];
[0.421, 12.667, 11.667, 0.779];[0.519, 13.0, 10.333, 0.791];[1, 0];
[0.508, 14.667, 9.667, 0.789];[0.423, 12.333, 15.333, 0.783];[0, 1];
[0.457, 12.333, 12.333, 0.79];[0.407, 10.667, 11.333, 0.781];[1, 0];
[0.447, 17.333, 15.333, 0.723];[0.461, 12.667, 8.333, 0.84];[0, 1];
[0.497, 14.333, 10.333, 0.844];[0.476, 9.667, 11.333, 0.699];[1, 0];
[0.425, 16.667, 11.667, 0.831];[0.495, 9.667, 10.667, 0.757];[0, 1];
[0.469, 14.0, 11.667, 0.797];[0.422, 14.667, 11.667, 0.773];[0, 1];
[0.443, 14.333, 10.333, 0.806];[0.452, 15.0, 11.333, 0.845];[1, 0];
[0.452, 12.333, 13.0, 0.848];[0.443, 16.333, 14.667, 0.742];[0, 1];
[0.429, 14.0, 10.667, 0.885];[0.459, 14.667, 12.667, 0.648];[0, 1];
[0.434, 11.667, 13.0, 0.793];[0.425, 17.0, 6.0, 0.731];[0, 1];
[0.473, 13.0, 9.667, 0.806];[0.439, 14.667, 10.667, 0.846];[0, 1];
[0.38, 13.333, 12.667, 0.783];[0.462, 14.0, 12.333, 0.778];[1, 0];
[0.44, 19.333, 10.667, 0.747];[0.436, 11.667, 8.333, 0.786];[0, 1];
[0.465, 15.0, 11.333, 0.773];[0.356, 13.0, 9.0, 0.8];[0, 1];
[0.426, 16.333, 16.333, 0.676];[0.458, 14.0, 8.0, 0.808];[0, 1];
[0.489, 13.667, 10.667, 0.843];[0.495, 15.667, 7.333, 0.86];[0, 1];
[0.424, 13.0, 9.667, 0.773];[0.465, 12.333, 12.333, 0.696];[0, 1];
[0.478, 11.0, 12.0, 0.742];[0.481, 11.667, 8.667, 0.652];[1, 0];
[0.454, 14.333, 11.0, 0.811];[0.438, 13.667, 11.0, 0.814];[1, 0];
[0.458, 10.0, 12.0, 0.8];[0.443, 12.333, 14.667, 0.781];[0, 1];
[0.427, 10.0, 12.667, 0.781];[0.434, 16.667, 9.333, 0.793];[1, 0];
[0.517, 11.0, 7.0, 0.758];[0.447, 11.333, 8.667, 0.698];[1, 0];
[0.448, 14.0, 12.333, 0.758];[0.517, 14.667, 8.667, 0.781];[0, 1];
[0.435, 11.667, 12.333, 0.823];[0.45, 17.0, 15.333, 0.775];[1, 0];
[0.486, 17.667, 8.667, 0.784];[0.506, 14.333, 10.333, 0.817];[0, 1];
[0.425, 10.667, 10.333, 0.722];[0.461, 12.667, 12.333, 0.672];[0, 1];
[0.441, 12.0, 15.0, 0.8];[0.451, 17.333, 13.333, 0.774];[0, 1];
[0.479, 13.0, 9.333, 0.851];[0.456, 15.0, 10.333, 0.707];[1, 0];
[0.526, 9.333, 10.333, 0.766];[0.424, 12.333, 17.333, 0.667];[1, 0];
[0.469, 12.0, 9.667, 0.741];[0.501, 13.667, 9.667, 0.752];[0, 1];
[0.356, 13.0, 9.0, 0.8];[0.494, 15.0, 11.0, 0.792];[0, 1];
[0.465, 15.667, 8.333, 0.833];[0.42, 16.667, 10.333, 0.785];[0, 1];
[0.498, 16.333, 9.333, 0.792];[0.457, 14.333, 15.333, 0.803];[1, 0];
[0.491, 15.0, 11.667, 0.712];[0.459, 16.0, 16.667, 0.733];[0, 1];
[0.427, 14.0, 9.667, 0.818];[0.438, 14.0, 10.333, 0.782];[0, 1];
[0.458, 12.333, 13.0, 0.834];[0.502, 13.333, 8.333, 0.665];[0, 1];
[0.486, 15.333, 11.0, 0.788];[0.423, 12.667, 10.333, 0.798];[0, 1];
[0.464, 12.667, 10.333, 0.793];[0.476, 14.333, 11.0, 0.769];[0, 1];
[0.44, 20.333, 11.0, 0.728];[0.497, 16.667, 11.667, 0.721];[1, 0];
[0.462, 16.333, 7.333, 0.827];[0.472, 15.0, 12.333, 0.81];[1, 0];
[0.449, 15.667, 10.333, 0.779];[0.462, 12.0, 8.667, 0.729];[0, 1];
[0.465, 15.333, 11.0, 0.733];[0.422, 12.667, 16.333, 0.771];[0, 1];
[0.413, 12.667, 12.667, 0.85];[0.391, 15.333, 12.667, 0.807];[0, 1];
[0.495, 11.667, 7.333, 0.877];[0.478, 18.667, 10.0, 0.783];[1, 0];
[0.446, 12.0, 9.333, 0.805];[0.48, 17.0, 11.333, 0.756];[0, 1];
[0.476, 15.0, 11.0, 0.708];[0.408, 15.0, 12.333, 0.802];[1, 0];
[0.421, 12.667, 7.0, 0.702];[0.398, 10.333, 11.667, 0.805];[0, 1];
[0.459, 11.0, 13.333, 0.827];[0.437, 13.0, 12.667, 0.791];[1, 0];
[0.482, 14.0, 11.667, 0.854];[0.498, 12.667, 6.333, 0.89];[0, 1];
[0.478, 13.333, 7.667, 0.867];[0.431, 16.333, 14.333, 0.84];[0, 1];
[0.424, 10.333, 10.0, 0.803];[0.441, 13.333, 12.0, 0.703];[1, 0];
[0.578, 15.667, 9.333, 0.721];[0.455, 13.667, 11.667, 0.799];[0, 1];
[0.424, 15.0, 13.333, 0.714];[0.458, 15.0, 7.0, 0.74];[1, 0];
[0.514, 11.667, 8.667, 0.815];[0.456, 12.0, 12.333, 0.614];[1, 0];
[0.427, 10.0, 9.333, 0.673];[0.455, 10.333, 12.333, 0.663];[1, 0];
[0.454, 13.0, 13.333, 0.856];[0.524, 13.333, 10.0, 0.704];[0, 1];
[0.463, 14.0, 12.0, 0.765];[0.486, 19.0, 11.0, 0.76];[0, 1];
[0.386, 10.667, 15.0, 0.79];[0.464, 11.667, 8.0, 0.708];[1, 0];
[0.451, 13.333, 8.667, 0.788];[0.455, 9.667, 9.667, 0.761];[0, 1];
[0.437, 14.667, 13.667, 0.763];[0.433, 14.333, 10.667, 0.782];[0, 1];
[0.457, 11.667, 11.333, 0.777];[0.463, 14.333, 14.333, 0.636];[1, 0];
[0.474, 14.333, 10.0, 0.779];[0.456, 12.333, 9.0, 0.751];[0, 1];
[0.441, 16.667, 12.333, 0.744];[0.391, 14.667, 11.667, 0.749];[0, 1];
[0.438, 15.667, 8.333, 0.8];[0.489, 15.667, 10.667, 0.707];[0, 1];
[0.463, 14.333, 10.667, 0.747];[0.454, 12.333, 13.667, 0.716];[1, 0];
[0.47, 13.0, 5.667, 0.719];[0.517, 13.0, 8.333, 0.77];[0, 1];
[0.463, 12.333, 10.333, 0.748];[0.424, 15.333, 10.333, 0.698];[1, 0];
[0.466, 14.667, 9.667, 0.864];[0.483, 14.0, 7.333, 0.805];[1, 0];
[0.499, 17.333, 14.333, 0.704];[0.496, 14.0, 9.333, 0.853];[1, 0];
[0.464, 12.333, 8.0, 0.856];[0.427, 10.333, 10.0, 0.694];[1, 0];
[0.447, 17.0, 11.333, 0.69];[0.483, 16.0, 10.333, 0.76];[0, 1];
[0.467, 13.667, 6.667, 0.78];[0.481, 16.667, 10.0, 0.761];[1, 0];
[0.505, 13.333, 6.333, 0.729];[0.507, 13.0, 9.0, 0.762];[1, 0];
[0.499, 12.333, 12.667, 0.66];[0.523, 11.0, 7.667, 0.775];[1, 0];
[0.446, 17.333, 14.0, 0.758];[0.515, 12.333, 8.667, 0.736];[0, 1];
[0.451, 9.667, 9.0, 0.808];[0.447, 9.333, 8.0, 0.778];[0, 1];
[0.444, 14.0, 8.0, 0.81];[0.435, 10.0, 9.0, 0.667];[1, 0];
[0.395, 13.333, 14.0, 0.782];[0.435, 16.333, 9.667, 0.759];[0, 1];
[0.441, 12.0, 10.667, 0.755];[0.448, 13.333, 11.333, 0.829];[0, 1];
[0.499, 15.0, 8.0, 0.685];[0.445, 17.667, 15.667, 0.798];[1, 0];
[0.409, 12.667, 11.667, 0.748];[0.491, 11.333, 9.667, 0.827];[1, 0];
[0.454, 10.333, 5.667, 0.829];[0.462, 12.0, 8.333, 0.792];[0, 1];
[0.404, 16.667, 11.0, 0.824];[0.399, 13.333, 16.0, 0.704];[0, 1];
[0.447, 14.667, 12.0, 0.722];[0.428, 15.333, 15.333, 0.783];[1, 0];
[0.502, 11.667, 8.333, 0.813];[0.525, 13.0, 8.667, 0.791];[0, 1];
[0.47, 13.667, 11.0, 0.735];[0.44, 12.333, 12.333, 0.801];[1, 0];
[0.449, 16.333, 14.333, 0.84];[0.51, 12.0, 11.0, 0.793];[0, 1];
[0.405, 10.667, 7.667, 0.785];[0.496, 16.667, 12.667, 0.845];[1, 0];
[0.53, 12.667, 8.0, 0.62];[0.434, 13.333, 8.667, 0.835];[0, 1];
[0.432, 13.333, 9.667, 0.798];[0.505, 17.333, 8.667, 0.708];[0, 1];
[0.466, 16.0, 10.333, 0.803];[0.464, 11.667, 7.333, 0.815];[1, 0];
[0.503, 15.333, 10.333, 0.706];[0.475, 11.0, 10.0, 0.843];[1, 0];
[0.461, 13.333, 10.0, 0.72];[0.49, 12.667, 9.667, 0.781];[1, 0];
[0.459, 13.333, 9.333, 0.746];[0.47, 12.667, 12.667, 0.773];[1, 0];
[0.477, 18.0, 17.667, 0.74];[0.492, 16.667, 11.333, 0.749];[0, 1];
[0.44, 13.0, 9.333, 0.737];[0.479, 16.333, 9.0, 0.749];[1, 0];
[0.456, 10.0, 10.0, 0.758];[0.511, 17.0, 12.333, 0.816];[0, 1];
[0.468, 15.0, 11.667, 0.783];[0.496, 14.667, 11.0, 0.758];[0, 1];
[0.482, 13.667, 11.333, 0.769];[0.5, 10.667, 9.333, 0.723];[0, 1];
[0.5, 14.333, 6.333, 0.738];[0.416, 14.667, 10.333, 0.807];[1, 0];
[0.479, 12.333, 14.0, 0.746];[0.468, 15.0, 13.667, 0.69];[1, 0];
[0.462, 14.333, 10.667, 0.786];[0.449, 10.667, 10.667, 0.858];[1, 0];
[0.433, 15.667, 11.333, 0.821];[0.458, 16.0, 9.333, 0.788];[0, 1];
[0.507, 13.333, 11.0, 0.815];[0.453, 13.667, 9.333, 0.71];[0, 1];
[0.478, 15.333, 10.333, 0.724];[0.494, 12.333, 11.333, 0.747];[0, 1];
[0.478, 12.0, 11.0, 0.845];[0.456, 11.667, 14.333, 0.746];[1, 0];
[0.405, 15.0, 14.0, 0.633];[0.472, 18.0, 8.0, 0.667];[0, 1];
[0.481, 12.0, 13.333, 0.766];[0.444, 12.333, 11.333, 0.732];[1, 0];
[0.471, 18.0, 15.0, 0.8];[0.525, 26.0, 5.0, 0.8];[0, 1];
[0.501, 17.667, 9.333, 0.76];[0.457, 15.333, 11.667, 0.72];[0, 1];
[0.421, 17.0, 15.333, 0.793];[0.399, 13.333, 9.333, 0.707];[0, 1];
[0.478, 15.0, 9.333, 0.753];[0.442, 13.667, 10.333, 0.737];[1, 0];
[0.507, 17.0, 10.333, 0.802];[0.433, 15.0, 14.0, 0.736];[0, 1];
[0.479, 14.333, 7.333, 0.757];[0.475, 7.667, 11.667, 0.715];[0, 1];
[0.445, 17.0, 12.667, 0.724];[0.477, 13.0, 8.333, 0.736];[0, 1];
[0.455, 16.333, 13.667, 0.813];[0.448, 18.0, 13.333, 0.707];[1, 0];
[0.467, 14.0, 9.0, 0.833];[0.41, 15.0, 16.333, 0.703];[1, 0];
[0.477, 7.333, 9.0, 0.842];[0.425, 14.333, 15.667, 0.821];[1, 0];
[0.459, 10.333, 10.333, 0.769];[0.459, 15.333, 12.0, 0.788];[0, 1];
[0.449, 16.0, 14.667, 0.78];[0.463, 17.333, 15.0, 0.871];[1, 0];
[0.458, 12.667, 15.0, 0.735];[0.416, 16.667, 10.0, 0.789];[1, 0];
[0.469, 16.0, 7.333, 0.869];[0.483, 19.0, 8.333, 0.785];[1, 0];
[0.429, 16.0, 14.0, 0.704];[0.405, 15.0, 14.0, 0.633];[0, 1];
[0.424, 15.0, 11.0, 0.744];[0.433, 11.0, 12.667, 0.775];[0, 1];
[0.41, 16.0, 14.333, 0.746];[0.449, 17.333, 10.0, 0.724];[1, 0];
[0.425, 14.333, 11.333, 0.823];[0.446, 11.667, 14.333, 0.759];[0, 1];
[0.462, 10.333, 13.333, 0.773];[0.533, 9.0, 8.333, 0.826];[0, 1];
[0.489, 13.667, 10.667, 0.674];[0.469, 15.0, 9.667, 0.72];[1, 0];
[0.506, 14.667, 12.667, 0.716];[0.37, 15.333, 11.667, 0.74];[1, 0];
[0.477, 13.0, 8.667, 0.821];[0.476, 12.333, 9.667, 0.667];[0, 1];
[0.489, 14.0, 9.333, 0.835];[0.446, 16.333, 10.333, 0.666];[1, 0];
[0.519, 14.333, 11.0, 0.72];[0.453, 12.333, 12.667, 0.815];[1, 0];
[0.481, 12.0, 10.667, 0.709];[0.525, 15.0, 6.667, 0.781];[1, 0];
[0.472, 12.333, 13.333, 0.749];[0.47, 11.667, 11.0, 0.723];[1, 0];
[0.479, 13.0, 6.333, 0.772];[0.393, 12.333, 10.667, 0.834];[0, 1];
[0.493, 15.0, 9.667, 0.715];[0.473, 12.0, 9.0, 0.745];[0, 1];
[0.498, 12.333, 13.0, 0.78];[0.441, 15.0, 11.667, 0.737];[1, 0];
[0.448, 11.667, 13.333, 0.745];[0.467, 11.667, 13.0, 0.786];[1, 0];
[0.48, 13.667, 7.0, 0.739];[0.474, 14.667, 11.333, 0.82];[1, 0];
[0.398, 13.0, 11.667, 0.728];[0.497, 11.667, 10.333, 0.689];[0, 1];
[0.445, 13.0, 11.0, 0.746];[0.442, 12.667, 11.333, 0.752];[1, 0];
[0.458, 15.667, 11.667, 0.885];[0.455, 19.333, 15.667, 0.816];[1, 0];
[0.421, 14.0, 14.333, 0.72];[0.496, 15.333, 12.667, 0.612];[0, 1];
[0.466, 12.333, 10.667, 0.757];[0.467, 13.667, 13.333, 0.743];[1, 0];
[0.506, 14.0, 9.0, 0.716];[0.446, 12.0, 9.0, 0.765];[0, 1];
[0.451, 17.0, 10.0, 0.681];[0.502, 12.0, 6.667, 0.807];[1, 0];
[0.386, 13.333, 11.0, 0.845];[0.458, 12.333, 12.667, 0.82];[1, 0];
[0.442, 16.333, 11.0, 0.754];[0.442, 14.667, 11.667, 0.702];[0, 1];
[0.474, 13.333, 9.667, 0.806];[0.472, 13.0, 10.333, 0.823];[0, 1];
[0.5, 15.667, 16.0, 0.678];[0.426, 14.0, 15.0, 0.687];[1, 0];
[0.495, 13.667, 9.333, 0.762];[0.457, 15.333, 12.667, 0.841];[1, 0];
[0.474, 12.0, 8.667, 0.796];[0.47, 15.333, 11.667, 0.776];[0, 1];
[0.486, 10.333, 11.0, 0.825];[0.457, 11.0, 12.0, 0.828];[1, 0];
[0.499, 13.667, 8.667, 0.836];[0.461, 14.0, 11.0, 0.662];[1, 0];
[0.478, 14.667, 10.0, 0.799];[0.47, 11.0, 9.667, 0.768];[1, 0];
[0.448, 12.0, 11.667, 0.809];[0.506, 12.667, 9.0, 0.828];[1, 0];
[0.472, 11.0, 16.333, 0.806];[0.47, 13.0, 12.667, 0.79];[1, 0];
[0.46, 9.0, 10.0, 0.759];[0.436, 13.333, 12.667, 0.722];[0, 1];
[0.519, 14.0, 7.0, 0.801];[0.463, 12.333, 12.667, 0.834];[1, 0];
[0.479, 10.667, 10.0, 0.775];[0.426, 16.667, 14.0, 0.699];[1, 0];
[0.461, 13.0, 14.333, 0.78];[0.478, 16.0, 10.667, 0.72];[1, 0];
[0.429, 13.0, 9.667, 0.733];[0.468, 10.667, 10.667, 0.779];[1, 0];
[0.493, 15.0, 9.667, 0.668];[0.485, 16.0, 10.667, 0.83];[1, 0];
[0.466, 7.667, 9.667, 0.871];[0.495, 14.333, 12.0, 0.751];[0, 1];
[0.448, 10.0, 13.333, 0.787];[0.413, 13.667, 11.0, 0.717];[1, 0];
[0.427, 14.667, 11.333, 0.755];[0.429, 12.0, 10.0, 0.761];[1, 0];
[0.473, 16.667, 9.333, 0.674];[0.465, 15.0, 11.667, 0.726];[0, 1];
[0.486, 10.667, 10.333, 0.799];[0.458, 10.667, 13.0, 0.759];[0, 1];
[0.441, 17.0, 13.333, 0.859];[0.44, 11.0, 13.0, 0.823];[0, 1];
[0.499, 15.0, 9.333, 0.799];[0.38, 17.0, 9.0, 0.691];[1, 0];
[0.405, 11.333, 15.667, 0.712];[0.449, 12.0, 9.333, 0.84];[1, 0];
[0.471, 14.0, 10.333, 0.822];[0.489, 13.0, 10.667, 0.763];[1, 0];
[0.415, 15.0, 17.0, 0.87];[0.456, 10.0, 10.333, 0.76];[0, 1];
[0.405, 9.333, 11.667, 0.826];[0.466, 9.333, 5.667, 0.766];[0, 1];
[0.463, 11.0, 9.0, 0.772];[0.45, 15.333, 10.333, 0.773];[1, 0];
[0.449, 15.333, 9.333, 0.713];[0.511, 12.667, 12.667, 0.764];[0, 1];
[0.466, 11.333, 11.667, 0.713];[0.496, 14.0, 5.333, 0.684];[0, 1];
[0.492, 18.0, 7.667, 0.691];[0.454, 15.0, 12.667, 0.709];[0, 1];
[0.513, 12.667, 7.667, 0.812];[0.421, 15.333, 15.667, 0.741];[0, 1];
[0.457, 12.0, 10.333, 0.815];[0.457, 12.333, 10.333, 0.764];[1, 0];
[0.502, 12.667, 12.667, 0.747];[0.49, 14.667, 7.0, 0.757];[0, 1];
[0.437, 13.667, 8.667, 0.775];[0.404, 14.0, 13.0, 0.829];[0, 1];
[0.469, 12.333, 8.0, 0.768];[0.476, 13.333, 11.667, 0.681];[1, 0];
[0.511, 15.333, 7.333, 0.801];[0.492, 11.333, 8.333, 0.826];[1, 0];
[0.476, 16.667, 9.0, 0.624];[0.427, 16.333, 12.0, 0.785];[1, 0];
[0.455, 12.333, 8.333, 0.767];[0.536, 10.333, 7.667, 0.795];[1, 0];
[0.485, 10.333, 10.667, 0.726];[0.499, 12.667, 10.333, 0.741];[1, 0];
[0.433, 11.667, 11.667, 0.767];[0.393, 12.0, 8.667, 0.762];[1, 0];
[0.432, 14.0, 11.0, 0.769];[0.467, 18.333, 9.333, 0.655];[1, 0];
[0.432, 8.0, 9.333, 0.762];[0.401, 12.333, 13.667, 0.775];[1, 0];
[0.435, 17.333, 8.667, 0.793];[0.475, 13.333, 7.667, 0.772];[0, 1];
[0.408, 15.0, 8.333, 0.736];[0.533, 15.667, 13.333, 0.722];[1, 0];
[0.453, 15.333, 9.667, 0.752];[0.474, 12.333, 7.333, 0.75];[1, 0];
[0.485, 12.0, 14.667, 0.754];[0.535, 11.333, 9.333, 0.75];[0, 1];
[0.445, 16.333, 13.0, 0.73];[0.431, 12.0, 10.0, 0.731];[0, 1];
[0.501, 13.0, 8.0, 0.743];[0.496, 12.0, 9.333, 0.803];[1, 0];
[0.407, 7.667, 11.333, 0.786];[0.453, 9.333, 9.333, 0.815];[1, 0];
[0.394, 10.333, 12.333, 0.66];[0.52, 14.667, 13.667, 0.712];[1, 0];
[0.462, 15.0, 8.333, 0.706];[0.471, 14.333, 9.333, 0.85];[0, 1];
[0.5, 13.333, 9.667, 0.768];[0.482, 13.667, 9.0, 0.791];[1, 0];
[0.464, 13.667, 11.0, 0.716];[0.46, 12.667, 9.333, 0.792];[0, 1];
[0.384, 13.333, 12.333, 0.669];[0.473, 12.0, 8.333, 0.82];[0, 1];
[0.465, 15.667, 16.667, 0.725];[0.429, 16.0, 14.333, 0.786];[1, 0];
[0.467, 11.333, 12.0, 0.858];[0.464, 12.0, 10.0, 0.794];[0, 1];
[0.483, 12.333, 10.333, 0.896];[0.458, 13.333, 11.0, 0.742];[0, 1];
[0.425, 12.0, 11.0, 0.776];[0.394, 16.0, 10.333, 0.698];[0, 1];
[0.429, 19.333, 11.0, 0.804];[0.503, 16.667, 11.333, 0.727];[0, 1];
[0.477, 18.0, 6.333, 0.79];[0.44, 15.333, 11.667, 0.738];[1, 0];
[0.406, 10.333, 10.333, 0.774];[0.47, 12.667, 12.333, 0.738];[1, 0];
[0.462, 13.0, 7.667, 0.712];[0.4, 11.667, 11.667, 0.767];[1, 0];
[0.456, 15.0, 9.667, 0.746];[0.451, 18.0, 15.333, 0.762];[0, 1];
[0.435, 12.333, 7.0, 0.78];[0.423, 14.333, 12.0, 0.711];[0, 1];
[0.449, 12.333, 8.333, 0.74];[0.437, 12.0, 9.333, 0.748];[0, 1];
[0.443, 9.667, 11.333, 0.757];[0.403, 10.667, 14.667, 0.75];[1, 0];
[0.485, 16.0, 10.0, 0.704];[0.445, 10.0, 7.0, 0.755];[0, 1];
[0.499, 14.0, 10.0, 0.783];[0.43, 12.333, 15.333, 0.784];[0, 1];
[0.47, 14.667, 9.667, 0.731];[0.491, 14.667, 7.333, 0.682];[1, 0];
[0.49, 12.0, 11.333, 0.707];[0.439, 14.667, 16.333, 0.799];[1, 0];
[0.391, 13.667, 13.0, 0.826];[0.389, 15.667, 15.0, 0.764];[1, 0];
[0.496, 12.667, 10.333, 0.797];[0.47, 13.333, 9.667, 0.608];[0, 1];
[0.415, 14.0, 11.333, 0.75];[0.452, 15.667, 14.0, 0.803];[1, 0];
[0.43, 15.0, 14.0, 0.71];[0.388, 12.0, 18.0, 0.841];[0, 1];
[0.448, 12.667, 11.0, 0.755];[0.44, 11.667, 8.333, 0.849];[1, 0];
[0.442, 11.0, 8.333, 0.787];[0.462, 13.0, 9.333, 0.656];[1, 0];
[0.461, 15.0, 11.0, 0.823];[0.463, 15.667, 12.667, 0.635];[1, 0];
[0.519, 21.0, 13.333, 0.703];[0.423, 22.333, 18.333, 0.745];[1, 0];
[0.42, 16.0, 13.0, 0.867];[0.304, 14.0, 8.0, 0.706];[0, 1];
[0.45, 15.667, 6.0, 0.815];[0.363, 12.333, 12.0, 0.749];[1, 0];
[0.542, 12.667, 10.0, 0.849];[0.416, 10.333, 8.333, 0.718];[0, 1];
[0.429, 16.667, 11.667, 0.667];[0.462, 14.667, 12.667, 0.795];[0, 1];
[0.52, 13.667, 8.0, 0.847];[0.448, 12.0, 11.667, 0.739];[0, 1];
[0.439, 13.333, 7.333, 0.67];[0.507, 12.333, 9.667, 0.672];[0, 1];
[0.431, 10.667, 10.333, 0.873];[0.449, 16.0, 17.667, 0.87];[1, 0];
[0.488, 8.667, 10.0, 0.877];[0.462, 13.333, 10.333, 0.677];[1, 0];
[0.509, 15.333, 9.333, 0.793];[0.482, 11.0, 9.667, 0.756];[0, 1];
[0.485, 12.333, 10.0, 0.789];[0.49, 9.333, 12.0, 0.819];[1, 0];
[0.519, 13.333, 11.333, 0.814];[0.495, 13.333, 12.0, 0.672];[0, 1];
[0.451, 14.0, 9.333, 0.663];[0.461, 12.333, 13.0, 0.807];[0, 1];
[0.476, 15.667, 8.0, 0.808];[0.427, 14.0, 10.667, 0.772];[1, 0];
[0.44, 14.0, 11.333, 0.803];[0.473, 12.0, 11.0, 0.701];[1, 0];
[0.473, 11.667, 10.0, 0.622];[0.49, 12.0, 13.0, 0.85];[1, 0];
[0.448, 14.667, 7.667, 0.715];[0.39, 14.667, 8.667, 0.739];[1, 0];
[0.422, 12.333, 11.667, 0.796];[0.491, 12.667, 10.0, 0.672];[0, 1];
[0.441, 8.667, 10.667, 0.776];[0.419, 13.667, 10.667, 0.755];[1, 0];
[0.415, 13.667, 11.0, 0.76];[0.481, 10.667, 4.667, 0.78];[0, 1];
[0.453, 14.333, 11.333, 0.726];[0.45, 14.667, 10.667, 0.75];[1, 0];
[0.467, 16.333, 11.333, 0.774];[0.419, 11.0, 8.667, 0.794];[1, 0];
[0.49, 16.0, 9.333, 0.773];[0.53, 13.667, 10.333, 0.77];[0, 1];
[0.467, 12.667, 15.333, 0.782];[0.436, 13.667, 12.0, 0.789];[1, 0];
[0.425, 9.333, 11.333, 0.822];[0.413, 16.0, 15.333, 0.743];[1, 0];
[0.433, 13.333, 8.333, 0.775];[0.413, 13.667, 12.0, 0.755];[1, 0];
[0.451, 16.0, 9.333, 0.847];[0.414, 18.0, 10.667, 0.754];[1, 0];
[0.48, 17.667, 12.333, 0.812];[0.468, 11.333, 11.333, 0.793];[1, 0];
[0.469, 14.333, 15.333, 0.795];[0.399, 20.0, 17.667, 0.721];[1, 0];
[0.494, 15.0, 12.0, 0.817];[0.505, 14.667, 10.0, 0.738];[1, 0];
[0.41, 11.333, 11.333, 0.789];[0.485, 17.0, 8.667, 0.81];[1, 0];
[0.428, 14.667, 9.667, 0.761];[0.481, 13.667, 11.333, 0.741];[1, 0];
[0.464, 11.0, 10.333, 0.838];[0.493, 12.667, 12.0, 0.748];[0, 1];
[0.498, 16.333, 10.667, 0.721];[0.54, 18.0, 9.333, 0.747];[1, 0];
[0.473, 16.667, 11.333, 0.758];[0.54, 15.333, 8.0, 0.897];[1, 0];
[0.389, 15.0, 10.667, 0.647];[0.561, 15.333, 7.0, 0.694];[0, 1];
[0.384, 16.0, 12.333, 0.655];[0.438, 12.0, 13.667, 0.869];[0, 1];
[0.534, 13.333, 9.0, 0.699];[0.469, 13.667, 11.0, 0.889];[0, 1];
[0.437, 17.0, 13.0, 0.627];[0.386, 16.0, 14.0, 0.688];[1, 0];
[0.511, 10.667, 9.0, 0.733];[0.477, 15.667, 14.0, 0.781];[1, 0];
[0.416, 14.667, 12.667, 0.777];[0.415, 15.333, 13.0, 0.817];[1, 0];
[0.421, 11.0, 12.667, 0.74];[0.396, 14.0, 14.333, 0.683];[0, 1];
[0.51, 14.333, 8.667, 0.908];[0.464, 9.333, 12.667, 0.729];[0, 1];
[0.466, 10.333, 11.667, 0.763];[0.532, 13.333, 10.0, 0.714];[0, 1];
[0.429, 12.0, 12.0, 0.847];[0.41, 17.333, 15.333, 0.809];[0, 1];
[0.488, 15.333, 5.667, 0.711];[0.43, 13.0, 9.667, 0.751];[1, 0];
[0.422, 14.667, 11.333, 0.722];[0.482, 13.667, 11.333, 0.817];[1, 0];
[0.491, 12.667, 11.667, 0.819];[0.391, 14.0, 11.0, 0.744];[0, 1];
[0.433, 12.667, 7.0, 0.8];[0.497, 13.667, 8.333, 0.847];[0, 1];
[0.543, 13.667, 8.667, 0.686];[0.475, 17.667, 14.667, 0.727];[1, 0];
[0.485, 11.0, 7.0, 0.791];[0.496, 12.667, 7.333, 0.735];[1, 0];
[0.462, 13.333, 9.333, 0.74];[0.477, 14.333, 10.333, 0.629];[0, 1];
[0.432, 12.333, 9.333, 0.733];[0.476, 17.333, 15.0, 0.657];[1, 0];
[0.413, 13.0, 12.333, 0.691];[0.402, 11.667, 11.0, 0.703];[1, 0];
[0.468, 16.0, 10.667, 0.824];[0.479, 10.0, 13.333, 0.772];[0, 1];
[0.486, 10.667, 10.0, 0.827];[0.451, 8.333, 12.0, 0.839];[1, 0];
[0.433, 8.333, 10.0, 0.682];[0.46, 16.333, 12.0, 0.65];[1, 0];
[0.417, 9.667, 13.0, 0.786];[0.446, 13.333, 10.667, 0.706];[1, 0];
[0.427, 14.333, 17.0, 0.724];[0.439, 15.333, 9.0, 0.739];[0, 1];
[0.461, 16.333, 11.0, 0.702];[0.439, 14.333, 12.333, 0.796];[1, 0];
[0.43, 14.667, 15.333, 0.724];[0.486, 13.333, 9.333, 0.779];[0, 1];
[0.429, 13.333, 11.0, 0.844];[0.461, 13.667, 11.0, 0.867];[0, 1];
[0.503, 17.333, 11.333, 0.767];[0.505, 15.333, 10.0, 0.772];[0, 1];
[0.49, 14.333, 12.0, 0.808];[0.483, 10.333, 8.667, 0.768];[1, 0];
[0.514, 13.667, 8.333, 0.845];[0.491, 12.0, 8.667, 0.796];[0, 1];
[0.457, 16.667, 8.667, 0.7];[0.442, 16.667, 10.667, 0.704];[0, 1];
[0.434, 12.667, 10.0, 0.704];[0.445, 9.333, 10.333, 0.84];[1, 0];
[0.488, 16.0, 10.0, 0.734];[0.44, 16.333, 9.667, 0.815];[1, 0];
[0.475, 14.333, 11.667, 0.7];[0.435, 14.333, 7.333, 0.748];[1, 0];
[0.466, 14.333, 12.333, 0.832];[0.457, 17.333, 10.0, 0.769];[1, 0];
[0.395, 11.667, 12.333, 0.738];[0.418, 11.333, 9.0, 0.814];[1, 0];
[0.439, 12.333, 11.0, 0.692];[0.449, 13.333, 10.333, 0.765];[1, 0];
[0.407, 11.333, 10.0, 0.73];[0.468, 15.667, 9.0, 0.691];[0, 1];
[0.497, 13.333, 7.0, 0.777];[0.387, 13.667, 15.0, 0.87];[1, 0];
[0.462, 13.0, 13.0, 0.755];[0.454, 13.667, 11.667, 0.792];[0, 1];
[0.463, 17.0, 11.0, 0.718];[0.479, 12.667, 10.333, 0.841];[0, 1];
[0.418, 15.333, 14.333, 0.84];[0.456, 15.333, 13.333, 0.828];[1, 0];
[0.459, 9.0, 12.333, 0.798];[0.484, 12.0, 11.667, 0.724];[0, 1];
[0.454, 11.667, 13.667, 0.777];[0.485, 16.667, 7.667, 0.724];[1, 0];
[0.453, 14.333, 14.333, 0.778];[0.485, 12.333, 10.667, 0.738];[0, 1];
[0.456, 14.0, 12.333, 0.829];[0.482, 14.0, 10.667, 0.704];[0, 1];
[0.498, 13.667, 12.333, 0.819];[0.436, 14.0, 9.333, 0.746];[1, 0];
[0.471, 11.667, 9.333, 0.773];[0.462, 11.667, 11.667, 0.772];[0, 1];
[0.453, 16.333, 11.333, 0.799];[0.474, 20.333, 9.667, 0.841];[0, 1];
[0.468, 17.333, 8.667, 0.889];[0.544, 16.0, 10.667, 0.722];[1, 0];
[0.43, 12.667, 8.333, 0.684];[0.443, 13.667, 16.0, 0.772];[1, 0];
[0.458, 14.0, 12.667, 0.679];[0.432, 13.667, 13.0, 0.782];[1, 0];
[0.437, 14.333, 10.0, 0.818];[0.416, 14.0, 11.333, 0.813];[1, 0];
[0.46, 14.0, 10.667, 0.82];[0.457, 17.333, 17.0, 0.753];[1, 0];
[0.558, 15.0, 7.667, 0.642];[0.463, 17.0, 14.333, 0.663];[1, 0];
[0.423, 10.0, 8.667, 0.842];[0.47, 12.333, 13.667, 0.783];[0, 1];
[0.483, 14.667, 12.667, 0.746];[0.491, 14.667, 9.667, 0.692];[0, 1];
[0.446, 13.667, 12.0, 0.803];[0.464, 13.333, 11.333, 0.631];[0, 1];
[0.448, 15.667, 14.333, 0.741];[0.462, 17.667, 9.667, 0.768];[0, 1];
[0.431, 12.333, 10.333, 0.811];[0.422, 9.667, 12.667, 0.578];[1, 0];
[0.452, 12.0, 13.333, 0.734];[0.435, 14.333, 12.667, 0.762];[0, 1];
[0.414, 18.0, 11.667, 0.803];[0.49, 14.0, 9.667, 0.734];[0, 1];
[0.488, 16.667, 7.333, 0.78];[0.432, 16.0, 11.667, 0.678];[0, 1];
[0.477, 15.0, 11.333, 0.839];[0.515, 15.667, 10.333, 0.736];[1, 0];
[0.473, 15.333, 12.0, 0.749];[0.425, 11.667, 10.333, 0.673];[1, 0];
[0.466, 17.333, 13.333, 0.735];[0.457, 18.333, 12.0, 0.751];[1, 0];
[0.453, 15.667, 11.333, 0.802];[0.492, 12.667, 10.667, 0.771];[1, 0];
[0.472, 16.333, 9.333, 0.802];[0.408, 18.0, 11.333, 0.752];[1, 0];
[0.485, 14.667, 10.667, 0.732];[0.456, 11.0, 10.0, 0.82];[0, 1];
[0.454, 13.667, 15.333, 0.657];[0.42, 19.333, 17.0, 0.743];[0, 1];
[0.433, 14.333, 8.0, 0.801];[0.443, 14.667, 10.333, 0.873];[1, 0];
[0.506, 13.0, 13.0, 0.76];[0.508, 11.0, 12.0, 0.719];[0, 1];
[0.411, 13.667, 11.667, 0.647];[0.489, 15.333, 9.0, 0.809];[0, 1];
[0.413, 13.333, 15.667, 0.619];[0.442, 14.0, 10.667, 0.754];[0, 1];
[0.466, 13.0, 13.333, 0.71];[0.451, 14.667, 11.0, 0.805];[0, 1];
[0.426, 11.667, 10.0, 0.691];[0.456, 12.0, 12.0, 0.785];[1, 0];
[0.445, 16.333, 13.333, 0.838];[0.433, 17.667, 11.667, 0.806];[0, 1];
[0.431, 15.0, 12.333, 0.851];[0.431, 12.0, 8.333, 0.765];[1, 0];
[0.435, 9.333, 12.667, 0.754];[0.47, 16.0, 8.667, 0.678];[1, 0];
[0.418, 15.333, 14.0, 0.656];[0.423, 15.333, 10.667, 0.706];[0, 1];
[0.449, 12.0, 9.333, 0.83];[0.51, 8.0, 7.333, 0.781];[0, 1];
[0.403, 13.667, 12.0, 0.649];[0.492, 16.0, 10.0, 0.774];[1, 0];
[0.49, 11.0, 9.667, 0.734];[0.536, 12.0, 8.667, 0.741];[0, 1];
[0.469, 11.333, 10.667, 0.819];[0.45, 10.667, 9.333, 0.787];[0, 1];
[0.474, 16.333, 11.667, 0.757];[0.464, 12.0, 7.333, 0.784];[1, 0];
[0.434, 12.333, 10.0, 0.766];[0.483, 16.0, 7.0, 0.836];[1, 0];
[0.492, 11.667, 12.0, 0.809];[0.427, 7.0, 7.667, 0.754];[1, 0];
[0.515, 14.667, 9.667, 0.811];[0.517, 13.0, 11.0, 0.717];[1, 0];
[0.448, 17.667, 10.333, 0.791];[0.506, 13.667, 7.0, 0.819];[0, 1];
[0.472, 14.333, 8.333, 0.853];[0.458, 13.667, 9.0, 0.789];[0, 1];
[0.492, 12.667, 10.333, 0.761];[0.508, 10.667, 10.667, 0.759];[0, 1];
[0.417, 13.0, 11.333, 0.82];[0.467, 9.0, 8.0, 0.734];[0, 1];
[0.471, 9.0, 15.0, 0.808];[0.376, 18.0, 20.0, 0.722];[1, 0];
[0.466, 12.667, 14.333, 0.889];[0.433, 15.0, 12.0, 0.759];[1, 0];
[0.421, 13.0, 10.667, 0.791];[0.444, 12.0, 10.0, 0.76];[0, 1];
[0.49, 11.333, 10.0, 0.766];[0.464, 11.667, 8.667, 0.722];[1, 0];
[0.494, 12.0, 10.667, 0.776];[0.439, 7.667, 16.333, 0.75];[0, 1];
[0.478, 13.0, 8.667, 0.867];[0.419, 15.667, 13.667, 0.73];[0, 1];
[0.467, 12.667, 13.0, 0.701];[0.501, 15.0, 8.667, 0.79];[1, 0];
[0.493, 8.667, 11.667, 0.784];[0.429, 12.0, 13.0, 0.692];[1, 0];
[0.509, 12.333, 8.0, 0.745];[0.406, 10.667, 11.667, 0.775];[1, 0];
[0.46, 16.667, 8.667, 0.779];[0.485, 16.333, 9.667, 0.757];[0, 1];
[0.471, 10.667, 8.333, 0.783];[0.448, 12.667, 14.0, 0.76];[1, 0];
[0.405, 15.333, 11.0, 0.772];[0.425, 12.667, 15.667, 0.807];[1, 0];
[0.406, 13.0, 10.333, 0.739];[0.494, 11.0, 10.0, 0.765];[1, 0];
[0.458, 12.333, 10.667, 0.741];[0.44, 14.333, 14.0, 0.779];[1, 0];
[0.481, 12.0, 8.667, 0.889];[0.485, 15.333, 9.333, 0.855];[1, 0];
[0.508, 14.0, 11.667, 0.752];[0.466, 12.667, 11.667, 0.728];[0, 1];
[0.475, 10.333, 10.333, 0.74];[0.454, 10.0, 8.333, 0.616];[0, 1];
[0.484, 10.333, 13.333, 0.722];[0.425, 11.333, 8.667, 0.72];[1, 0];
[0.502, 13.667, 10.0, 0.672];[0.492, 13.0, 11.333, 0.736];[0, 1];
[0.448, 14.667, 11.333, 0.887];[0.468, 13.667, 8.333, 0.73];[0, 1];
[0.504, 16.0, 12.333, 0.689];[0.455, 15.333, 16.0, 0.685];[0, 1];
[0.494, 12.333, 9.333, 0.748];[0.456, 13.0, 10.667, 0.726];[0, 1];
[0.423, 13.0, 11.333, 0.792];[0.433, 9.667, 11.0, 0.701];[0, 1];
[0.509, 14.667, 7.0, 0.807];[0.486, 13.0, 13.0, 0.659];[0, 1];
[0.391, 10.333, 8.0, 0.789];[0.404, 13.0, 9.333, 0.673];[1, 0];
[0.435, 14.0, 12.0, 0.643];[0.455, 13.667, 16.667, 0.753];[1, 0];
[0.461, 13.0, 9.333, 0.87];[0.484, 11.667, 10.667, 0.812];[1, 0];
[0.45, 10.0, 9.0, 0.833];[0.472, 18.0, 8.0, 0.667];[0, 1];
[0.5, 11.667, 13.667, 0.88];[0.494, 12.0, 8.667, 0.771];[0, 1];
[0.481, 12.667, 10.333, 0.613];[0.457, 16.0, 11.333, 0.746];[1, 0];
[0.512, 14.0, 10.333, 0.657];[0.487, 14.667, 8.333, 0.785];[0, 1];
[0.517, 12.0, 9.0, 0.694];[0.426, 9.0, 8.333, 0.703];[0, 1];
[0.434, 16.0, 10.0, 0.727];[0.514, 20.0, 10.0, 0.839];[1, 0];
[0.464, 14.0, 8.667, 0.774];[0.467, 13.0, 11.333, 0.723];[1, 0];
[0.478, 14.333, 11.333, 0.707];[0.441, 12.667, 6.0, 0.697];[0, 1];
[0.41, 10.0, 12.0, 0.765];[0.488, 10.667, 11.333, 0.792];[0, 1];
[0.44, 11.0, 9.0, 0.761];[0.438, 14.333, 7.667, 0.776];[1, 0];
[0.459, 16.0, 8.667, 0.877];[0.527, 15.333, 6.0, 0.658];[0, 1];
[0.456, 10.333, 9.0, 0.723];[0.432, 13.333, 13.333, 0.879];[1, 0];
[0.449, 15.0, 10.0, 0.684];[0.48, 12.333, 11.0, 0.621];[1, 0];
[0.488, 12.667, 10.333, 0.82];[0.486, 19.0, 12.667, 0.719];[1, 0];
[0.475, 11.667, 12.667, 0.798];[0.456, 17.0, 14.667, 0.786];[1, 0];
[0.439, 13.333, 7.667, 0.674];[0.422, 16.333, 8.0, 0.755];[0, 1];
[0.475, 13.333, 8.333, 0.759];[0.47, 17.667, 17.0, 0.773];[1, 0];
[0.511, 10.667, 9.0, 0.798];[0.457, 12.0, 12.0, 0.769];[1, 0];
[0.452, 18.333, 11.667, 0.758];[0.429, 11.667, 16.333, 0.841];[0, 1];
[0.464, 14.333, 12.333, 0.723];[0.4, 17.667, 13.667, 0.748];[0, 1];
[0.495, 12.667, 12.333, 0.815];[0.416, 9.333, 11.667, 0.704];[1, 0];
[0.469, 12.0, 11.0, 0.73];[0.462, 12.0, 9.0, 0.708];[1, 0];
[0.45, 15.0, 13.0, 0.727];[0.392, 14.333, 13.0, 0.812];[0, 1];
[0.438, 13.667, 9.333, 0.761];[0.454, 12.333, 10.667, 0.763];[0, 1];
[0.461, 13.667, 12.667, 0.78];[0.457, 14.667, 11.333, 0.824];[0, 1];
[0.45, 16.333, 12.0, 0.726];[0.473, 13.667, 12.667, 0.77];[0, 1];
[0.545, 13.0, 7.667, 0.714];[0.498, 12.0, 11.0, 0.809];[1, 0];
[0.461, 10.333, 13.0, 0.773];[0.506, 7.0, 8.667, 0.74];[0, 1];
[0.474, 12.333, 10.333, 0.83];[0.44, 17.667, 11.0, 0.766];[1, 0];
[0.469, 18.0, 10.333, 0.767];[0.459, 13.0, 9.667, 0.767];[0, 1];
[0.478, 13.667, 10.0, 0.776];[0.437, 16.333, 9.333, 0.799];[1, 0];
[0.433, 12.333, 11.333, 0.737];[0.519, 13.667, 6.333, 0.663];[0, 1];
[0.544, 16.0, 9.667, 0.812];[0.436, 15.333, 14.333, 0.719];[1, 0];
[0.486, 10.333, 16.333, 0.788];[0.466, 10.333, 16.667, 0.834];[1, 0];
[0.475, 10.0, 9.333, 0.71];[0.446, 14.0, 10.667, 0.735];[1, 0];
[0.437, 12.333, 9.333, 0.814];[0.434, 15.333, 12.0, 0.823];[1, 0];
[0.458, 17.333, 11.0, 0.729];[0.478, 11.667, 11.0, 0.699];[0, 1];
[0.436, 12.333, 10.667, 0.624];[0.488, 10.333, 8.667, 0.808];[0, 1];
[0.444, 14.0, 11.333, 0.733];[0.509, 12.0, 8.667, 0.753];[0, 1];
[0.403, 15.0, 12.667, 0.771];[0.463, 16.667, 10.667, 0.602];[1, 0];
[0.468, 12.667, 9.333, 0.728];[0.488, 19.667, 8.333, 0.865];[0, 1];
[0.433, 18.0, 12.333, 0.721];[0.46, 15.333, 12.667, 0.746];[1, 0];
[0.394, 16.0, 13.333, 0.759];[0.41, 12.333, 6.667, 0.803];[1, 0];
[0.429, 14.0, 9.0, 0.775];[0.447, 13.667, 12.0, 0.854];[0, 1];
[0.42, 15.667, 11.333, 0.773];[0.446, 13.333, 11.0, 0.692];[0, 1];
[0.56, 15.333, 9.667, 0.772];[0.445, 13.667, 13.0, 0.852];[0, 1];
[0.467, 12.333, 10.333, 0.824];[0.454, 13.0, 12.0, 0.723];[1, 0];
[0.52, 10.333, 10.667, 0.722];[0.447, 13.667, 9.333, 0.812];[1, 0];
[0.52, 11.0, 8.0, 0.731];[0.518, 9.667, 8.667, 0.808];[1, 0];
[0.451, 13.0, 11.667, 0.783];[0.452, 14.0, 12.0, 0.699];[1, 0];
[0.452, 13.333, 9.333, 0.728];[0.445, 13.333, 9.333, 0.716];[0, 1];
[0.484, 9.667, 9.0, 0.815];[0.508, 10.667, 9.0, 0.803];[1, 0];
[0.472, 12.0, 12.333, 0.723];[0.526, 12.333, 4.667, 0.752];[0, 1];
[0.501, 15.0, 11.0, 0.708];[0.456, 12.0, 10.0, 0.688];[0, 1];
[0.432, 13.0, 14.0, 0.848];[0.476, 14.0, 8.667, 0.842];[0, 1];
[0.474, 13.333, 12.333, 0.831];[0.409, 17.333, 14.333, 0.768];[1, 0];
[0.514, 14.0, 9.333, 0.683];[0.494, 16.333, 8.667, 0.782];[1, 0];
[0.462, 16.667, 14.333, 0.687];[0.4, 13.333, 12.0, 0.712];[1, 0];
[0.482, 13.0, 9.667, 0.806];[0.463, 12.333, 9.667, 0.775];[0, 1];
[0.45, 13.0, 9.333, 0.787];[0.461, 9.0, 10.667, 0.791];[0, 1];
[0.422, 14.333, 14.667, 0.753];[0.462, 13.0, 11.0, 0.722];[0, 1];
[0.487, 14.333, 10.0, 0.801];[0.427, 10.0, 12.0, 0.804];[0, 1];
[0.519, 16.667, 10.667, 0.74];[0.485, 13.667, 9.0, 0.776];[1, 0];
[0.505, 11.333, 8.333, 0.777];[0.433, 18.0, 14.0, 0.734];[0, 1];
[0.445, 17.0, 12.333, 0.681];[0.471, 17.0, 12.0, 0.828];[0, 1];
[0.468, 19.667, 11.667, 0.799];[0.399, 16.333, 12.667, 0.661];[0, 1];
[0.388, 18.0, 16.0, 0.649];[0.519, 11.667, 10.667, 0.739];[0, 1];
[0.404, 12.0, 13.0, 0.783];[0.442, 12.0, 8.333, 0.735];[1, 0];
[0.46, 11.0, 10.333, 0.741];[0.458, 12.667, 12.0, 0.761];[1, 0];
[0.459, 12.667, 12.0, 0.84];[0.438, 11.667, 11.667, 0.841];[0, 1];
[0.461, 12.333, 10.667, 0.77];[0.46, 9.667, 14.0, 0.805];[0, 1];
[0.475, 14.333, 10.333, 0.755];[0.538, 13.0, 7.667, 0.781];[0, 1];
[0.5, 14.0, 7.667, 0.782];[0.499, 16.0, 12.0, 0.84];[1, 0];
[0.422, 11.667, 12.0, 0.752];[0.441, 14.667, 12.667, 0.71];[1, 0];
[0.432, 15.667, 11.667, 0.733];[0.462, 14.667, 11.667, 0.71];[1, 0];
[0.441, 15.0, 11.0, 0.774];[0.477, 13.333, 8.333, 0.783];[0, 1];
[0.495, 12.0, 11.0, 0.775];[0.458, 14.667, 9.333, 0.809];[0, 1];
[0.461, 14.667, 10.333, 0.699];[0.444, 13.333, 7.667, 0.82];[0, 1];
[0.431, 12.667, 9.667, 0.78];[0.411, 14.333, 16.667, 0.706];[0, 1];
[0.476, 13.667, 10.667, 0.784];[0.488, 16.667, 11.333, 0.767];[1, 0];
[0.437, 12.333, 9.667, 0.694];[0.431, 12.333, 5.667, 0.807];[1, 0];
[0.456, 14.333, 13.0, 0.688];[0.494, 11.0, 8.333, 0.779];[0, 1];
[0.512, 17.0, 10.333, 0.648];[0.471, 15.0, 12.0, 0.816];[1, 0];
[0.432, 12.0, 13.333, 0.662];[0.462, 11.333, 12.0, 0.704];[1, 0];
[0.453, 13.667, 10.333, 0.774];[0.443, 16.0, 13.333, 0.753];[0, 1];
[0.5, 14.0, 9.333, 0.79];[0.463, 11.333, 13.667, 0.837];[0, 1];
[0.393, 12.667, 8.667, 0.806];[0.432, 13.333, 12.667, 0.708];[1, 0];
[0.467, 13.667, 10.0, 0.785];[0.465, 11.333, 16.333, 0.69];[1, 0];
[0.438, 14.333, 8.333, 0.796];[0.42, 15.0, 12.333, 0.725];[1, 0];
[0.391, 13.0, 10.667, 0.783];[0.45, 17.333, 11.667, 0.717];[1, 0];
[0.415, 14.667, 12.667, 0.765];[0.521, 15.667, 7.667, 0.853];[1, 0];
[0.462, 13.667, 15.667, 0.744];[0.407, 12.333, 11.0, 0.793];[0, 1];
[0.496, 12.333, 8.333, 0.798];[0.507, 14.0, 8.667, 0.767];[1, 0];
[0.418, 12.0, 10.667, 0.786];[0.401, 17.0, 13.667, 0.71];[1, 0];
[0.47, 16.333, 9.333, 0.698];[0.431, 17.667, 13.0, 0.708];[1, 0];
[0.443, 14.667, 14.667, 0.84];[0.542, 18.667, 11.0, 0.734];[1, 0];
[0.484, 14.0, 8.667, 0.796];[0.429, 12.0, 15.333, 0.866];[0, 1];
[0.458, 15.0, 10.667, 0.799];[0.453, 16.667, 10.0, 0.747];[1, 0];
[0.453, 10.667, 11.0, 0.764];[0.424, 14.667, 6.0, 0.708];[0, 1];
[0.442, 11.667, 15.333, 0.774];[0.485, 15.0, 11.333, 0.807];[0, 1];
[0.492, 13.0, 9.667, 0.744];[0.48, 16.0, 10.0, 0.778];[1, 0];
[0.458, 14.333, 11.667, 0.757];[0.436, 13.0, 12.0, 0.791];[0, 1];
[0.417, 11.667, 15.333, 0.722];[0.47, 13.0, 12.667, 0.777];[1, 0];
[0.466, 15.667, 7.0, 0.751];[0.452, 13.333, 12.667, 0.789];[0, 1];
[0.52, 11.667, 10.667, 0.684];[0.469, 14.333, 11.0, 0.775];[1, 0];
[0.491, 13.333, 12.667, 0.716];[0.546, 16.333, 5.333, 0.858];[1, 0];
[0.446, 14.0, 11.667, 0.778];[0.506, 12.667, 10.0, 0.794];[0, 1];
[0.442, 10.667, 9.333, 0.745];[0.439, 16.0, 10.333, 0.741];[1, 0];
[0.449, 13.333, 13.667, 0.791];[0.502, 15.333, 7.667, 0.809];[1, 0];
[0.428, 12.667, 11.667, 0.771];[0.448, 12.0, 9.333, 0.661];[0, 1];
[0.511, 14.667, 9.0, 0.787];[0.461, 15.0, 12.667, 0.746];[1, 0];
[0.523, 13.333, 9.0, 0.722];[0.44, 16.667, 10.667, 0.783];[1, 0];
[0.436, 10.333, 13.333, 0.753];[0.421, 11.333, 8.667, 0.795];[0, 1];
[0.434, 10.667, 8.667, 0.771];[0.494, 15.0, 10.0, 0.784];[0, 1];
[0.458, 10.0, 9.667, 0.805];[0.437, 15.0, 14.0, 0.66];[0, 1];
[0.482, 13.0, 10.333, 0.737];[0.384, 15.0, 12.333, 0.813];[1, 0];
[0.448, 12.0, 10.667, 0.89];[0.482, 15.667, 9.333, 0.818];[1, 0];
[0.419, 12.0, 10.0, 0.654];[0.376, 18.0, 20.0, 0.722];[1, 0];
[0.417, 16.333, 13.333, 0.787];[0.506, 12.667, 10.0, 0.839];[0, 1];
[0.508, 17.333, 10.0, 0.764];[0.448, 15.667, 10.0, 0.743];[0, 1];
[0.419, 14.0, 13.333, 0.838];[0.429, 14.667, 13.333, 0.61];[1, 0];
[0.479, 11.333, 10.0, 0.78];[0.488, 19.667, 17.0, 0.754];[1, 0];
[0.435, 17.667, 16.333, 0.711];[0.429, 15.0, 11.333, 0.775];[0, 1];
[0.479, 13.0, 12.0, 0.532];[0.475, 10.0, 7.333, 0.782];[0, 1];
[0.485, 13.667, 6.667, 0.757];[0.38, 15.0, 11.667, 0.738];[1, 0];
[0.476, 14.333, 10.333, 0.858];[0.479, 10.667, 11.667, 0.646];[1, 0];
[0.427, 13.333, 10.0, 0.787];[0.497, 14.0, 7.333, 0.898];[1, 0];
[0.396, 14.0, 10.667, 0.768];[0.508, 16.333, 11.333, 0.678];[1, 0];
[0.414, 12.0, 11.333, 0.7];[0.437, 12.333, 10.0, 0.852];[1, 0];
[0.499, 19.667, 13.333, 0.723];[0.465, 13.667, 13.0, 0.683];[0, 1];
[0.438, 12.333, 8.333, 0.722];[0.512, 18.667, 8.0, 0.827];[1, 0];
[0.489, 15.333, 9.667, 0.74];[0.456, 16.333, 15.667, 0.769];[1, 0];
[0.451, 13.0, 12.667, 0.737];[0.509, 17.333, 10.333, 0.649];[0, 1];
[0.481, 18.667, 11.667, 0.742];[0.431, 17.667, 14.0, 0.718];[0, 1];
[0.472, 14.667, 12.667, 0.746];[0.501, 15.333, 10.667, 0.615];[1, 0];
[0.464, 13.0, 11.667, 0.93];[0.471, 11.667, 10.333, 0.76];[0, 1];
[0.459, 10.667, 11.0, 0.84];[0.483, 15.0, 11.333, 0.861];[0, 1];
[0.434, 13.333, 11.0, 0.79];[0.498, 18.0, 7.333, 0.668];[1, 0];
[0.485, 13.0, 5.333, 0.766];[0.453, 15.333, 12.0, 0.749];[1, 0];
[0.488, 15.0, 11.0, 0.786];[0.412, 13.0, 11.667, 0.767];[1, 0];
[0.48, 11.667, 12.0, 0.85];[0.419, 9.333, 15.333, 0.71];[0, 1];
[0.389, 15.0, 14.333, 0.709];[0.439, 11.667, 12.667, 0.79];[0, 1];
[0.439, 11.667, 15.667, 0.71];[0.425, 17.0, 18.0, 0.757];[1, 0];
[0.477, 11.0, 9.667, 0.775];[0.474, 11.667, 9.0, 0.656];[1, 0];
[0.474, 13.333, 11.0, 0.86];[0.4, 17.333, 15.333, 0.644];[0, 1];
[0.47, 13.667, 8.0, 0.698];[0.476, 9.333, 9.333, 0.744];[0, 1];
[0.438, 11.333, 10.333, 0.816];[0.424, 11.0, 14.0, 0.773];[1, 0];
[0.464, 17.667, 13.667, 0.787];[0.429, 9.333, 8.0, 0.678];[1, 0];
[0.46, 10.667, 7.0, 0.763];[0.477, 9.0, 9.333, 0.724];[0, 1];
[0.441, 13.333, 10.667, 0.733];[0.531, 9.667, 12.0, 0.756];[0, 1];
[0.448, 13.0, 7.667, 0.698];[0.428, 13.333, 15.333, 0.809];[0, 1];
[0.492, 10.667, 16.0, 0.82];[0.444, 15.0, 8.667, 0.664];[1, 0];
[0.502, 15.667, 10.333, 0.794];[0.443, 14.667, 14.0, 0.676];[1, 0];
[0.477, 16.333, 8.667, 0.795];[0.463, 16.0, 12.667, 0.72];[0, 1];
[0.395, 14.0, 16.0, 0.852];[0.436, 14.667, 11.667, 0.743];[0, 1];
[0.408, 13.0, 13.333, 0.805];[0.457, 12.0, 5.667, 0.807];[0, 1];
[0.447, 11.667, 13.667, 0.776];[0.47, 16.667, 11.667, 0.769];[1, 0];
[0.525, 26.0, 5.0, 0.8];[0.441, 10.667, 8.667, 0.782];[0, 1];
[0.447, 16.667, 12.0, 0.662];[0.513, 12.333, 9.667, 0.728];[1, 0];
[0.446, 11.0, 11.0, 0.788];[0.457, 15.0, 11.0, 0.828];[0, 1];
[0.467, 10.0, 10.0, 0.79];[0.463, 12.667, 11.667, 0.802];[1, 0];
[0.479, 13.667, 13.0, 0.795];[0.511, 11.0, 10.0, 0.739];[0, 1];
[0.455, 10.0, 13.333, 0.68];[0.406, 14.0, 10.667, 0.766];[1, 0];
[0.424, 12.333, 9.0, 0.835];[0.492, 11.667, 11.333, 0.772];[0, 1];
[0.415, 11.0, 12.667, 0.786];[0.48, 12.667, 9.333, 0.887];[0, 1];
[0.48, 13.667, 10.333, 0.786];[0.483, 10.0, 5.667, 0.772];[0, 1];
[0.49, 13.0, 9.333, 0.812];[0.518, 12.333, 11.333, 0.775];[1, 0];
[0.474, 12.333, 10.333, 0.743];[0.411, 11.333, 13.0, 0.698];[0, 1];
[0.487, 11.667, 10.333, 0.715];[0.512, 11.333, 13.667, 0.793];[0, 1];
[0.475, 13.667, 10.333, 0.825];[0.505, 12.0, 10.0, 0.724];[1, 0];
[0.47, 13.0, 8.0, 0.719];[0.478, 9.0, 9.0, 0.792];[1, 0];
[0.453, 16.0, 7.667, 0.759];[0.457, 16.333, 12.667, 0.675];[0, 1];
[0.404, 8.0, 11.0, 0.818];[0.469, 13.0, 8.667, 0.762];[0, 1];
[0.431, 10.667, 10.0, 0.671];[0.385, 12.667, 10.0, 0.72];[1, 0];
[0.455, 13.333, 9.0, 0.678];[0.532, 11.0, 8.0, 0.86];[0, 1];
[0.425, 9.667, 9.667, 0.71];[0.512, 16.333, 8.0, 0.893];[1, 0];
[0.415, 13.0, 14.333, 0.707];[0.556, 11.333, 6.333, 0.776];[0, 1];
[0.441, 11.667, 13.333, 0.756];[0.421, 13.667, 10.667, 0.806];[1, 0];
[0.509, 12.333, 9.333, 0.77];[0.491, 12.0, 9.333, 0.804];[0, 1];
[0.471, 18.0, 15.0, 0.8];[0.446, 11.667, 11.667, 0.747];[1, 0];
[0.403, 11.0, 8.0, 0.775];[0.397, 15.333, 11.667, 0.74];[0, 1];
[0.448, 11.333, 8.333, 0.768];[0.439, 13.333, 7.333, 0.756];[1, 0];
[0.495, 17.0, 15.333, 0.687];[0.473, 12.667, 14.0, 0.674];[1, 0];
[0.523, 13.0, 7.667, 0.722];[0.451, 15.667, 9.667, 0.71];[1, 0];
[0.495, 20.667, 14.0, 0.696];[0.47, 11.667, 12.667, 0.772];[1, 0];
[0.449, 11.333, 13.0, 0.796];[0.514, 16.667, 11.0, 0.726];[1, 0];
[0.465, 16.0, 7.667, 0.759];[0.435, 9.333, 11.667, 0.809];[1, 0];
[0.467, 13.667, 15.0, 0.64];[0.472, 12.333, 10.333, 0.658];[0, 1];
[0.457, 18.0, 12.0, 0.73];[0.489, 13.667, 11.667, 0.679];[0, 1];
[0.439, 14.333, 11.0, 0.682];[0.507, 12.333, 11.0, 0.775];[1, 0];
[0.46, 8.667, 12.667, 0.818];[0.477, 13.667, 9.0, 0.856];[0, 1];
[0.437, 13.0, 10.333, 0.766];[0.446, 16.0, 10.667, 0.733];[1, 0];
[0.468, 13.667, 12.667, 0.661];[0.445, 14.667, 6.667, 0.935];[1, 0];
[0.478, 13.0, 13.0, 0.751];[0.474, 10.667, 12.0, 0.792];[1, 0];
[0.514, 16.667, 8.667, 0.892];[0.454, 17.0, 16.667, 0.785];[1, 0];
[0.421, 13.0, 11.0, 0.768];[0.438, 11.0, 14.333, 0.715];[0, 1];
[0.442, 11.333, 9.0, 0.731];[0.477, 12.667, 11.333, 0.772];[1, 0];
[0.436, 14.0, 12.0, 0.838];[0.412, 15.667, 9.667, 0.704];[1, 0];
[0.434, 14.333, 13.333, 0.671];[0.476, 19.0, 11.0, 0.944];[1, 0];
[0.516, 13.667, 10.333, 0.621];[0.449, 16.667, 12.333, 0.752];[1, 0];
[0.416, 11.0, 9.667, 0.768];[0.424, 13.667, 11.333, 0.784];[1, 0];
[0.431, 14.667, 11.333, 0.731];[0.41, 10.333, 11.667, 0.778];[1, 0];
[0.508, 11.333, 14.0, 0.713];[0.498, 13.667, 9.667, 0.756];[1, 0];
[0.464, 13.333, 13.0, 0.805];[0.484, 13.333, 12.0, 0.805];[1, 0];
[0.468, 15.0, 9.667, 0.819];[0.441, 13.0, 13.0, 0.825];[1, 0];
[0.475, 14.0, 8.667, 0.791];[0.467, 15.333, 13.333, 0.677];[0, 1];
[0.449, 9.333, 8.667, 0.727];[0.533, 12.333, 7.667, 0.727];[1, 0];
[0.475, 16.0, 11.667, 0.778];[0.49, 13.333, 12.0, 0.761];[0, 1];
[0.47, 14.667, 14.667, 0.77];[0.441, 16.333, 12.0, 0.75];[1, 0];
[0.505, 11.667, 10.0, 0.866];[0.431, 11.0, 8.333, 0.791];[1, 0];
[0.497, 13.0, 7.333, 0.839];[0.433, 11.667, 10.667, 0.732];[0, 1];
[0.435, 12.0, 9.0, 0.877];[0.449, 9.333, 9.667, 0.629];[0, 1];
[0.46, 9.333, 10.0, 0.899];[0.428, 17.333, 9.0, 0.649];[1, 0];
[0.471, 14.667, 9.0, 0.839];[0.415, 16.333, 7.667, 0.704];[0, 1];
[0.493, 16.333, 8.0, 0.855];[0.432, 15.333, 10.667, 0.768];[1, 0];
[0.452, 14.0, 15.333, 0.815];[0.447, 14.333, 11.333, 0.857];[0, 1];
[0.41, 12.0, 13.667, 0.815];[0.514, 14.333, 11.333, 0.782];[1, 0];
[0.436, 11.667, 11.0, 0.753];[0.419, 11.333, 7.333, 0.737];[1, 0];
[0.479, 13.0, 14.0, 0.732];[0.46, 11.667, 15.667, 0.681];[1, 0];
[0.465, 15.333, 10.0, 0.742];[0.474, 15.0, 15.0, 0.694];[1, 0];
[0.418, 16.333, 10.667, 0.786];[0.449, 15.333, 8.333, 0.778];[1, 0];
[0.506, 11.333, 7.333, 0.792];[0.442, 15.0, 8.333, 0.752];[1, 0];
[0.461, 12.667, 13.333, 0.852];[0.436, 9.333, 13.0, 0.748];[0, 1];
[0.464, 12.667, 7.667, 0.773];[0.438, 16.333, 12.0, 0.783];[0, 1];
[0.429, 16.0, 14.0, 0.704];[0.435, 10.333, 10.0, 0.794];[1, 0];
[0.411, 15.667, 7.0, 0.868];[0.449, 10.0, 11.667, 0.697];[1, 0];
[0.447, 10.667, 8.333, 0.729];[0.486, 10.0, 8.667, 0.704];[1, 0];
[0.407, 15.667, 15.0, 0.7];[0.454, 17.333, 10.333, 0.693];[1, 0];
[0.408, 14.333, 14.333, 0.702];[0.443, 10.333, 9.333, 0.703];[0, 1];
[0.446, 11.667, 9.0, 0.784];[0.43, 9.0, 13.667, 0.819];[1, 0];
[0.535, 13.667, 8.333, 0.765];[0.458, 15.0, 12.0, 0.763];[1, 0];
[0.417, 14.667, 10.0, 0.736];[0.461, 12.667, 12.0, 0.877];[1, 0];
[0.398, 14.333, 14.333, 0.719];[0.454, 16.0, 12.0, 0.642];[1, 0];
[0.517, 15.0, 7.0, 0.793];[0.403, 10.0, 13.0, 0.722];[1, 0];
[0.446, 12.667, 12.667, 0.659];[0.484, 9.333, 9.667, 0.756];[1, 0];
[0.463, 16.0, 9.0, 0.755];[0.458, 12.0, 7.333, 0.724];[1, 0];
[0.445, 17.667, 8.333, 0.805];[0.467, 13.667, 9.333, 0.673];[0, 1];
[0.441, 14.0, 14.0, 0.749];[0.505, 12.333, 7.333, 0.89];[0, 1];
[0.428, 16.333, 15.0, 0.769];[0.468, 11.333, 10.0, 0.729];[1, 0];
[0.46, 15.667, 15.333, 0.761];[0.434, 14.333, 15.0, 0.772];[0, 1];
[0.455, 11.667, 9.667, 0.761];[0.445, 13.667, 14.0, 0.768];[0, 1];
[0.494, 15.667, 11.0, 0.783];[0.424, 19.667, 14.667, 0.766];[1, 0];
[0.53, 13.333, 11.667, 0.753];[0.457, 11.667, 9.333, 0.831];[1, 0];
[0.536, 14.0, 9.0, 0.631];[0.451, 14.667, 15.0, 0.794];[1, 0];
[0.546, 13.667, 8.667, 0.687];[0.455, 14.0, 12.333, 0.812];[1, 0];
[0.505, 13.333, 13.0, 0.73];[0.424, 16.0, 12.0, 0.772];[1, 0];
[0.492, 14.667, 5.333, 0.749];[0.469, 16.667, 12.667, 0.8];[1, 0];
[0.421, 13.0, 11.667, 0.705];[0.45, 17.0, 7.333, 0.8];[1, 0];
[0.502, 14.667, 10.0, 0.739];[0.427, 9.667, 11.333, 0.751];[0, 1];
[0.497, 12.667, 10.667, 0.745];[0.49, 15.333, 12.667, 0.745];[1, 0];
[0.435, 9.667, 14.0, 0.792];[0.471, 17.667, 12.333, 0.791];[1, 0];
[0.426, 13.333, 11.0, 0.809];[0.397, 13.667, 10.667, 0.715];[0, 1];
[0.474, 9.333, 11.0, 0.653];[0.427, 14.0, 7.667, 0.765];[0, 1];
[0.434, 10.667, 11.333, 0.693];[0.46, 14.667, 9.667, 0.692];[0, 1];
[0.435, 8.333, 8.0, 0.734];[0.473, 13.333, 9.333, 0.849];[1, 0];
[0.456, 11.667, 10.333, 0.744];[0.438, 13.0, 10.0, 0.885];[0, 1];
[0.493, 14.667, 8.667, 0.82];[0.458, 15.0, 10.667, 0.702];[1, 0];
[0.412, 8.0, 12.0, 0.788];[0.388, 13.0, 14.0, 0.694];[1, 0];
[0.429, 14.0, 9.667, 0.769];[0.399, 15.333, 11.333, 0.696];[0, 1];
[0.486, 14.0, 9.667, 0.815];[0.449, 14.667, 13.667, 0.753];[0, 1];
[0.481, 17.0, 9.0, 0.736];[0.465, 11.667, 10.333, 0.755];[1, 0];
[0.434, 12.667, 10.667, 0.731];[0.437, 13.0, 10.0, 0.772];[0, 1];
[0.495, 10.667, 11.667, 0.912];[0.464, 11.0, 12.0, 0.762];[1, 0];
[0.439, 15.0, 10.0, 0.822];[0.472, 10.333, 10.0, 0.756];[1, 0];
[0.532, 11.667, 10.0, 0.795];[0.449, 11.333, 7.667, 0.75];[1, 0];
[0.395, 12.667, 14.667, 0.726];[0.487, 17.333, 11.333, 0.764];[0, 1];
[0.453, 13.0, 10.0, 0.763];[0.466, 10.667, 10.667, 0.759];[0, 1];
[0.436, 10.667, 12.0, 0.803];[0.421, 11.667, 11.667, 0.735];[0, 1];
[0.404, 11.667, 9.333, 0.761];[0.394, 13.667, 12.667, 0.75];[0, 1];
[0.472, 11.333, 13.0, 0.835];[0.464, 12.0, 9.333, 0.803];[0, 1];
[0.448, 14.0, 6.333, 0.861];[0.483, 16.0, 13.667, 0.709];[1, 0];
[0.458, 14.333, 12.667, 0.671];[0.424, 14.333, 15.333, 0.747];[0, 1];
[0.479, 11.0, 11.0, 0.77];[0.489, 10.0, 9.333, 0.921];[0, 1];
[0.419, 14.0, 11.667, 0.739];[0.474, 10.333, 10.333, 0.795];[0, 1];
[0.46, 12.333, 8.667, 0.736];[0.484, 13.0, 10.0, 0.825];[1, 0];
[0.469, 13.667, 12.0, 0.851];[0.476, 12.333, 9.0, 0.769];[0, 1];
[0.423, 13.0, 12.333, 0.77];[0.506, 10.0, 10.333, 0.722];[0, 1];
[0.422, 12.0, 10.333, 0.754];[0.422, 15.0, 10.333, 0.801];[1, 0];
[0.515, 15.333, 10.667, 0.728];[0.414, 15.667, 10.667, 0.688];[0, 1];
[0.469, 12.667, 11.0, 0.736];[0.463, 14.333, 10.667, 0.786];[1, 0];
[0.458, 13.0, 10.333, 0.777];[0.496, 13.333, 10.667, 0.841];[1, 0];
[0.467, 14.667, 13.333, 0.789];[0.469, 13.667, 11.333, 0.839];[0, 1];
[0.43, 15.0, 14.0, 0.71];[0.443, 17.0, 15.0, 0.778];[1, 0];
[0.372, 15.0, 16.667, 0.684];[0.469, 13.0, 14.667, 0.761];[1, 0];
[0.453, 15.0, 14.333, 0.752];[0.493, 14.333, 10.667, 0.669];[1, 0];
[0.451, 14.333, 16.0, 0.666];[0.452, 12.667, 11.333, 0.769];[0, 1];
[0.465, 13.0, 8.667, 0.675];[0.466, 12.667, 8.667, 0.775];[0, 1];
[0.509, 16.667, 9.667, 0.822];[0.457, 15.667, 12.0, 0.781];[0, 1];
[0.478, 15.667, 9.0, 0.778];[0.387, 12.333, 13.667, 0.787];[0, 1];
[0.466, 11.333, 7.667, 0.793];[0.435, 15.333, 10.333, 0.916];[0, 1];
[0.467, 13.667, 8.667, 0.631];[0.478, 10.667, 7.333, 0.738];[1, 0];
[0.469, 11.0, 8.0, 0.811];[0.455, 11.0, 8.667, 0.72];[0, 1];
[0.406, 17.667, 13.0, 0.783];[0.432, 16.667, 12.667, 0.704];[0, 1];
[0.429, 12.0, 8.667, 0.771];[0.429, 13.0, 9.0, 0.858];[0, 1];
[0.464, 15.333, 10.333, 0.764];[0.534, 13.667, 8.333, 0.818];[1, 0];
[0.443, 13.333, 10.0, 0.765];[0.407, 15.0, 9.333, 0.806];[1, 0];
[0.467, 16.667, 11.667, 0.737];[0.432, 10.667, 13.0, 0.784];[1, 0];
[0.486, 12.0, 10.667, 0.85];[0.474, 15.333, 8.0, 0.772];[1, 0];
[0.418, 14.333, 7.333, 0.744];[0.399, 19.667, 16.667, 0.721];[0, 1];
[0.444, 9.667, 10.667, 0.785];[0.475, 11.333, 15.0, 0.678];[0, 1];
[0.454, 10.667, 11.333, 0.782];[0.419, 13.0, 7.0, 0.723];[1, 0];
[0.532, 12.0, 10.0, 0.718];[0.431, 13.667, 10.667, 0.746];[1, 0];
[0.405, 13.0, 9.0, 0.798];[0.434, 10.0, 8.0, 0.789];[0, 1];
[0.453, 14.0, 11.667, 0.792];[0.35, 21.333, 15.0, 0.759];[1, 0];
[0.4, 13.0, 13.333, 0.711];[0.505, 10.333, 6.0, 0.774];[0, 1];
[0.413, 14.0, 16.0, 0.658];[0.474, 13.667, 9.333, 0.721];[1, 0];
[0.515, 15.0, 12.0, 0.802];[0.473, 12.667, 8.333, 0.79];[1, 0];
[0.478, 14.667, 8.0, 0.733];[0.429, 10.0, 11.333, 0.741];[1, 0];
[0.444, 13.0, 8.667, 0.756];[0.419, 8.0, 12.333, 0.746];[1, 0];
[0.41, 13.333, 13.667, 0.693];[0.445, 14.667, 9.667, 0.833];[0, 1];
[0.476, 9.0, 14.333, 0.784];[0.446, 16.0, 8.667, 0.763];[1, 0];
[0.42, 14.0, 11.0, 0.814];[0.434, 13.0, 9.667, 0.812];[1, 0];
[0.433, 10.0, 12.0, 0.727];[0.4, 16.333, 12.667, 0.79];[1, 0];
[0.383, 10.667, 10.667, 0.803];[0.523, 12.0, 8.0, 0.74];[0, 1];
[0.473, 16.333, 7.0, 0.776];[0.428, 9.667, 10.0, 0.869];[0, 1];
[0.498, 13.333, 12.333, 0.759];[0.487, 16.0, 13.333, 0.685];[1, 0];
[0.403, 11.667, 15.667, 0.767];[0.455, 18.0, 11.667, 0.745];[0, 1];
[0.431, 9.0, 11.333, 0.828];[0.466, 10.667, 9.667, 0.786];[1, 0];
[0.486, 12.0, 12.333, 0.764];[0.385, 17.0, 16.0, 0.657];[1, 0];
[0.466, 13.333, 10.667, 0.836];[0.507, 13.333, 8.667, 0.694];[0, 1];
[0.456, 16.0, 12.333, 0.749];[0.472, 20.667, 10.0, 0.767];[1, 0];
[0.463, 11.667, 15.667, 0.708];[0.458, 12.667, 10.0, 0.916];[0, 1];
[0.466, 12.333, 9.333, 0.808];[0.408, 12.0, 9.0, 0.671];[1, 0];
[0.457, 12.667, 7.0, 0.803];[0.478, 13.333, 8.333, 0.766];[0, 1];
[0.494, 15.0, 10.0, 0.814];[0.422, 14.667, 11.0, 0.771];[1, 0];
[0.512, 15.667, 13.0, 0.69];[0.482, 14.333, 14.0, 0.687];[0, 1];
[0.455, 16.333, 11.667, 0.777];[0.456, 16.667, 13.0, 0.744];[0, 1];
[0.475, 12.333, 9.333, 0.741];[0.497, 13.333, 12.0, 0.794];[0, 1];
[0.458, 14.0, 11.667, 0.833];[0.468, 16.667, 9.0, 0.69];[1, 0];
[0.453, 18.0, 10.0, 0.762];[0.478, 15.333, 12.0, 0.725];[0, 1];
[0.485, 9.0, 9.0, 0.832];[0.43, 17.0, 11.667, 0.702];[1, 0];
[0.413, 13.333, 10.333, 0.817];[0.464, 13.667, 7.667, 0.678];[0, 1];
[0.463, 10.667, 10.333, 0.763];[0.483, 14.0, 8.333, 0.774];[0, 1];
[0.434, 16.0, 10.0, 0.727];[0.444, 14.0, 8.0, 0.81];[0, 1];
[0.436, 10.333, 11.667, 0.77];[0.468, 12.0, 10.333, 0.749];[0, 1];
[0.5, 14.0, 7.0, 0.786];[0.499, 12.333, 8.0, 0.653];[1, 0];
[0.457, 17.333, 14.0, 0.782];[0.445, 17.333, 11.333, 0.74];[0, 1];
[0.418, 12.0, 13.0, 0.78];[0.493, 13.667, 7.333, 0.798];[0, 1];
[0.446, 16.667, 13.667, 0.712];[0.376, 15.667, 14.0, 0.689];[1, 0];
[0.462, 14.333, 13.333, 0.817];[0.419, 14.667, 10.0, 0.707];[1, 0];
[0.433, 14.0, 11.667, 0.806];[0.477, 12.667, 11.0, 0.804];[0, 1];
[0.491, 14.667, 10.667, 0.701];[0.441, 11.667, 13.667, 0.797];[1, 0];
[0.364, 21.333, 17.333, 0.714];[0.421, 14.0, 12.667, 0.762];[0, 1];
[0.449, 11.0, 9.667, 0.795];[0.452, 10.333, 9.0, 0.572];[1, 0];
[0.463, 11.333, 9.333, 0.724];[0.483, 9.0, 13.333, 0.72];[0, 1];
[0.453, 14.667, 13.0, 0.835];[0.495, 12.667, 10.667, 0.832];[1, 0];
[0.478, 21.667, 7.667, 0.63];[0.433, 16.333, 11.333, 0.758];[0, 1];
[0.462, 15.0, 6.667, 0.753];[0.477, 14.0, 7.0, 0.684];[0, 1];
[0.42, 14.667, 10.333, 0.79];[0.427, 15.667, 9.333, 0.764];[1, 0];
[0.449, 13.667, 10.333, 0.787];[0.517, 11.333, 11.0, 0.739];[0, 1];
[0.388, 13.0, 14.0, 0.694];[0.5, 14.0, 3.0, 0.824];[1, 0];
[0.43, 9.667, 13.0, 0.816];[0.469, 12.667, 9.667, 0.63];[1, 0];
[0.495, 14.667, 11.0, 0.86];[0.448, 15.0, 12.0, 0.76];[0, 1];
[0.415, 17.0, 11.333, 0.809];[0.428, 14.667, 12.667, 0.725];[0, 1];
[0.422, 10.0, 10.0, 0.657];[0.395, 13.333, 10.0, 0.705];[1, 0];
[0.5, 12.333, 11.667, 0.782];[0.442, 12.333, 12.667, 0.741];[1, 0];
[0.464, 16.0, 11.667, 0.651];[0.451, 17.667, 13.333, 0.658];[0, 1];
[0.522, 15.333, 6.333, 0.792];[0.447, 13.333, 9.667, 0.851];[0, 1];
[0.486, 12.0, 8.667, 0.837];[0.491, 13.333, 10.0, 0.788];[0, 1];
[0.44, 13.0, 13.333, 0.833];[0.478, 11.0, 9.333, 0.712];[0, 1];
[0.469, 8.667, 12.333, 0.862];[0.451, 19.0, 15.0, 0.805];[1, 0];
[0.446, 15.333, 11.0, 0.872];[0.507, 12.333, 9.333, 0.779];[0, 1];
[0.481, 15.0, 10.333, 0.764];[0.418, 15.333, 9.0, 0.771];[1, 0];
[0.431, 7.0, 9.667, 0.714];[0.42, 11.667, 14.667, 0.838];[0, 1];
[0.408, 14.333, 11.0, 0.734];[0.436, 12.333, 8.0, 0.783];[1, 0];
[0.489, 17.333, 12.0, 0.802];[0.455, 11.333, 9.333, 0.784];[1, 0];
[0.47, 12.667, 9.0, 0.73];[0.483, 12.0, 9.667, 0.885];[1, 0];
[0.394, 14.667, 18.333, 0.636];[0.43, 15.667, 14.0, 0.761];[0, 1];
[0.424, 10.333, 13.0, 0.823];[0.494, 16.0, 8.667, 0.674];[0, 1];
[0.489, 10.0, 9.333, 0.87];[0.499, 13.0, 14.0, 0.765];[0, 1];
[0.458, 10.667, 11.667, 0.859];[0.457, 14.0, 12.333, 0.791];[1, 0];
[0.434, 12.333, 12.667, 0.707];[0.456, 13.0, 11.333, 0.642];[1, 0];
[0.45, 17.0, 11.0, 0.712];[0.461, 15.0, 12.333, 0.822];[0, 1];
[0.435, 10.667, 10.667, 0.815];[0.485, 11.667, 8.667, 0.853];[0, 1];
[0.463, 14.0, 10.667, 0.737];[0.479, 16.667, 9.0, 0.812];[0, 1];
[0.509, 13.0, 10.333, 0.781];[0.444, 11.0, 10.333, 0.868];[0, 1];
[0.508, 13.333, 11.667, 0.792];[0.497, 15.667, 10.0, 0.85];[0, 1];
[0.489, 15.0, 8.667, 0.806];[0.464, 18.667, 9.667, 0.736];[1, 0];
[0.408, 14.667, 15.0, 0.805];[0.412, 13.333, 8.0, 0.826];[1, 0];
[0.462, 10.667, 11.0, 0.824];[0.469, 12.667, 12.0, 0.803];[0, 1];
[0.563, 15.0, 10.333, 0.692];[0.494, 13.667, 9.667, 0.579];[1, 0];
[0.429, 15.667, 9.667, 0.835];[0.446, 18.333, 12.667, 0.804];[0, 1];
[0.457, 12.667, 10.0, 0.819];[0.431, 11.333, 12.333, 0.803];[1, 0];
[0.416, 13.333, 13.0, 0.656];[0.457, 18.667, 15.333, 0.695];[1, 0];
[0.507, 12.667, 8.333, 0.81];[0.434, 12.333, 9.0, 0.829];[1, 0];
[0.429, 15.0, 15.333, 0.766];[0.449, 16.667, 15.0, 0.767];[1, 0];
[0.491, 12.333, 8.0, 0.678];[0.482, 11.0, 10.667, 0.701];[0, 1];
[0.464, 16.333, 10.0, 0.706];[0.381, 19.0, 9.0, 0.8];[0, 1];
[0.436, 13.0, 11.667, 0.737];[0.459, 10.667, 9.0, 0.8];[0, 1];
[0.494, 18.667, 13.667, 0.82];[0.407, 16.667, 12.0, 0.72];[1, 0];
[0.461, 14.667, 14.333, 0.784];[0.442, 9.0, 11.0, 0.769];[0, 1];
[0.488, 14.667, 16.333, 0.643];[0.456, 17.667, 9.0, 0.724];[0, 1];
[0.434, 12.667, 10.667, 0.721];[0.464, 9.0, 10.667, 0.749];[1, 0];
[0.49, 10.333, 9.333, 0.772];[0.472, 17.667, 11.333, 0.695];[1, 0];
[0.441, 14.0, 9.667, 0.735];[0.432, 13.0, 13.333, 0.712];[0, 1];
[0.468, 16.333, 11.0, 0.755];[0.45, 10.0, 9.0, 0.833];[0, 1];
[0.514, 13.667, 5.0, 0.732];[0.547, 17.667, 10.0, 0.662];[0, 1];
[0.469, 13.0, 8.667, 0.741];[0.448, 13.667, 11.333, 0.823];[0, 1];
[0.461, 15.333, 14.333, 0.703];[0.434, 11.0, 12.333, 0.695];[0, 1];
[0.478, 9.333, 5.667, 0.743];[0.424, 13.667, 9.667, 0.786];[1, 0];
[0.429, 11.333, 12.333, 0.823];[0.423, 14.0, 13.0, 0.737];[0, 1];
[0.408, 15.0, 10.333, 0.805];[0.403, 9.333, 13.667, 0.739];[0, 1];
[0.422, 12.667, 13.667, 0.754];[0.407, 17.0, 13.667, 0.716];[1, 0];
[0.4, 13.667, 17.0, 0.744];[0.449, 10.0, 13.0, 0.839];[0, 1];
[0.468, 11.667, 14.0, 0.75];[0.506, 15.0, 10.667, 0.808];[1, 0];
[0.451, 14.667, 9.0, 0.836];[0.463, 12.667, 9.0, 0.697];[0, 1];
[0.452, 14.667, 8.667, 0.921];[0.478, 11.667, 9.333, 0.849];[1, 0];
[0.408, 16.0, 13.0, 0.787];[0.438, 11.667, 12.667, 0.801];[0, 1];
[0.475, 12.0, 11.0, 0.666];[0.423, 16.333, 12.0, 0.735];[0, 1];
[0.484, 10.0, 8.0, 0.77];[0.436, 14.0, 10.667, 0.75];[1, 0];
[0.491, 13.333, 8.333, 0.834];[0.524, 13.0, 10.667, 0.798];[1, 0];
[0.425, 12.667, 7.333, 0.812];[0.399, 9.0, 9.0, 0.637];[0, 1];
[0.464, 16.0, 8.0, 0.715];[0.453, 15.333, 8.0, 0.733];[1, 0];
[0.459, 11.667, 11.333, 0.777];[0.494, 12.333, 9.667, 0.692];[1, 0];
[0.461, 13.333, 7.667, 0.717];[0.475, 12.667, 13.667, 0.826];[0, 1];
[0.476, 11.667, 10.333, 0.742];[0.446, 13.333, 11.667, 0.732];[0, 1];
[0.421, 13.333, 14.0, 0.729];[0.434, 14.333, 8.0, 0.85];[1, 0];
[0.448, 12.0, 8.333, 0.788];[0.429, 14.667, 14.667, 0.812];[1, 0];
[0.41, 18.333, 14.333, 0.698];[0.472, 12.0, 10.667, 0.821];[0, 1];
[0.517, 12.667, 10.667, 0.797];[0.512, 17.0, 9.667, 0.732];[1, 0];
[0.396, 10.667, 13.667, 0.776];[0.402, 12.667, 9.0, 0.733];[1, 0];
[0.41, 14.667, 11.333, 0.763];[0.499, 11.0, 9.0, 0.749];[0, 1];
[0.414, 9.333, 13.0, 0.729];[0.474, 11.333, 8.0, 0.806];[1, 0];
[0.462, 13.0, 9.667, 0.735];[0.446, 12.333, 10.0, 0.724];[1, 0];
[0.473, 14.667, 12.333, 0.683];[0.486, 14.667, 13.333, 0.758];[1, 0];
