[[0.451, 14.312, 11.646, 0.682], [0.429, 14.341, 12.182, 0.708], [1, 0]]
[[0.463, 12.893, 9.589, 0.764], [0.444, 14.492, 11.712, 0.751], [1, 0]]
[[0.454, 15.318, 11.152, 0.74], [0.45, 14.348, 10.606, 0.745], [1, 0]]
[[0.444, 13.875, 11.857, 0.738], [0.448, 12.702, 10.053, 0.759], [1, 0]]
[[0.452, 14.291, 11.823, 0.688], [0.454, 12.861, 11.228, 0.757], [1, 0]]
[[0.42, 13.731, 11.154, 0.769], [0.439, 12.519, 8.926, 0.73], [1, 0]]
[[0.447, 14.296, 9.574, 0.742], [0.449, 14.304, 12.536, 0.715], [0, 1]]
[[0.442, 13.456, 12.191, 0.7], [0.438, 13.97, 10.881, 0.766], [0, 1]]
[[0.437, 13.778, 11.806, 0.758], [0.419, 14.939, 11.788, 0.745], [0, 1]]
[[0.448, 13.63, 11.301, 0.74], [0.457, 12.773, 11.227, 0.751], [0, 1]]
[[0.411, 13.25, 11.5, 0.67], [0.428, 13.533, 11.0, 0.682], [1, 0]]
[[0.446, 14.177, 9.613, 0.742], [0.448, 14.306, 9.774, 0.713], [1, 0]]
[[0.42, 13.521, 11.658, 0.767], [0.455, 15.319, 10.972, 0.746], [1, 0]]
[[0.452, 13.811, 10.378, 0.745], [0.431, 13.853, 11.088, 0.743], [0, 1]]
[[0.439, 12.95, 10.025, 0.741], [0.433, 13.658, 11.605, 0.76], [0, 1]]
[[0.447, 13.5, 10.25, 0.765], [0.443, 12.485, 9.061, 0.724], [0, 1]]
[[0.45, 13.917, 8.75, 0.748], [0.434, 13.231, 10.885, 0.737], [0, 1]]
[[0.448, 13.476, 8.714, 0.746], [0.423, 12.81, 9.476, 0.714], [1, 0]]
[[0.423, 14.619, 12.333, 0.71], [0.404, 13.263, 12.158, 0.684], [0, 1]]
[[0.453, 14.261, 11.543, 0.679], [0.444, 12.804, 11.63, 0.739], [1, 0]]
[[0.425, 14.3, 13.0, 0.721], [0.444, 13.389, 10.0, 0.732], [0, 1]]
[[0.454, 14.175, 11.27, 0.805], [0.431, 13.016, 12.095, 0.743], [1, 0]]
[[0.442, 13.25, 8.562, 0.741], [0.413, 13.4, 11.933, 0.645], [0, 1]]
[[0.436, 14.136, 10.727, 0.734], [0.451, 13.45, 10.45, 0.726], [0, 1]]
[[0.378, 13.714, 9.286, 0.66], [0.375, 11.0, 10.286, 0.657], [1, 0]]
[[0.456, 12.717, 9.935, 0.748], [0.428, 13.146, 12.688, 0.737], [1, 0]]
[[0.438, 14.516, 12.742, 0.675], [0.428, 13.621, 11.724, 0.732], [1, 0]]
[[0.451, 12.706, 11.426, 0.746], [0.443, 14.985, 11.538, 0.72], [0, 1]]
[[0.456, 11.771, 9.286, 0.749], [0.431, 13.528, 11.722, 0.752], [0, 1]]
[[0.446, 13.902, 12.02, 0.745], [0.429, 14.224, 11.939, 0.74], [1, 0]]
[[0.431, 12.917, 12.278, 0.702], [0.433, 14.094, 10.281, 0.724], [1, 0]]
[[0.434, 13.291, 11.557, 0.752], [0.45, 12.722, 10.051, 0.742], [1, 0]]
[[0.441, 14.043, 13.0, 0.709], [0.444, 14.261, 11.826, 0.75], [1, 0]]
[[0.418, 14.615, 12.077, 0.676], [0.408, 13.308, 10.462, 0.689], [0, 1]]
[[0.448, 14.418, 9.836, 0.715], [0.449, 13.015, 10.761, 0.722], [1, 0]]
[[0.454, 14.076, 11.785, 0.75], [0.441, 14.026, 10.923, 0.771], [1, 0]]
[[0.424, 12.536, 11.821, 0.708], [0.443, 13.36, 11.04, 0.723], [0, 1]]
[[0.43, 13.949, 12.0, 0.718], [0.433, 13.103, 13.41, 0.701], [0, 1]]
[[0.433, 14.319, 11.931, 0.743], [0.446, 12.859, 10.0, 0.741], [0, 1]]
[[0.436, 13.949, 10.41, 0.71], [0.444, 13.275, 11.275, 0.731], [1, 0]]
[[0.401, 10.778, 10.111, 0.651], [0.418, 13.444, 7.0, 0.709], [0, 1]]
[[0.449, 13.058, 10.192, 0.741], [0.448, 13.019, 11.173, 0.736], [1, 0]]
[[0.424, 13.3, 9.533, 0.733], [0.441, 13.355, 10.548, 0.752], [0, 1]]
[[0.403, 13.067, 11.467, 0.67], [0.412, 12.385, 9.0, 0.707], [0, 1]]
[[0.462, 13.218, 10.026, 0.763], [0.444, 14.077, 11.782, 0.747], [1, 0]]
[[0.407, 13.211, 13.421, 0.691], [0.423, 13.105, 9.737, 0.737], [0, 1]]
[[0.448, 13.453, 9.83, 0.775], [0.443, 14.382, 11.727, 0.745], [1, 0]]
[[0.432, 13.933, 8.333, 0.71], [0.426, 15.533, 11.333, 0.61], [0, 1]]
[[0.46, 13.817, 9.78, 0.775], [0.443, 14.061, 10.951, 0.774], [0, 1]]
[[0.428, 12.727, 9.636, 0.705], [0.42, 12.792, 12.042, 0.707], [1, 0]]
[[0.449, 14.056, 11.926, 0.743], [0.451, 14.245, 11.094, 0.794], [1, 0]]
[[0.434, 13.185, 11.037, 0.743], [0.45, 14.32, 10.64, 0.785], [0, 1]]
[[0.462, 12.745, 9.765, 0.759], [0.451, 14.241, 11.13, 0.794], [1, 0]]
[[0.451, 13.485, 10.364, 0.744], [0.445, 14.29, 10.71, 0.789], [0, 1]]
[[0.456, 14.616, 12.466, 0.721], [0.453, 12.778, 11.389, 0.754], [0, 1]]
[[0.448, 13.7, 9.9, 0.776], [0.454, 15.258, 11.21, 0.741], [0, 1]]
[[0.455, 14.438, 12.516, 0.72], [0.451, 14.185, 11.108, 0.715], [1, 0]]
[[0.438, 12.385, 8.808, 0.725], [0.438, 13.577, 11.0, 0.697], [1, 0]]
[[0.436, 11.917, 10.75, 0.714], [0.424, 13.417, 11.125, 0.721], [0, 1]]
[[0.438, 13.86, 10.877, 0.77], [0.44, 14.778, 11.87, 0.717], [1, 0]]
[[0.448, 14.148, 10.574, 0.746], [0.447, 14.19, 9.862, 0.713], [1, 0]]
[[0.434, 14.434, 11.906, 0.745], [0.447, 12.927, 11.0, 0.72], [0, 1]]
[[0.445, 13.746, 10.716, 0.75], [0.429, 12.955, 12.121, 0.743], [1, 0]]
[[0.392, 13.733, 12.933, 0.658], [0.402, 14.143, 9.357, 0.665], [0, 1]]
[[0.427, 14.0, 12.345, 0.708], [0.397, 12.929, 11.5, 0.749], [0, 1]]
[[0.447, 14.3, 8.967, 0.742], [0.428, 14.281, 10.594, 0.757], [0, 1]]
[[0.345, 12.167, 11.833, 0.618], [0.347, 14.8, 11.8, 0.557], [1, 0]]
[[0.449, 14.263, 9.342, 0.745], [0.425, 12.947, 13.158, 0.722], [1, 0]]
[[0.362, 11.0, 5.5, 0.607], [0.333, 11.0, 11.25, 0.525], [1, 0]]
[[0.455, 14.901, 10.741, 0.756], [0.445, 15.012, 11.42, 0.722], [0, 1]]
[[0.432, 13.412, 12.078, 0.755], [0.447, 13.865, 12.038, 0.743], [1, 0]]
[[0.422, 14.55, 10.75, 0.728], [0.431, 13.211, 11.211, 0.672], [1, 0]]
[[0.392, 12.542, 11.708, 0.751], [0.429, 12.708, 9.792, 0.697], [1, 0]]
[[0.446, 13.609, 9.804, 0.775], [0.437, 13.87, 11.587, 0.749], [0, 1]]
[[0.178, 6.0, 9.0, 0.3], [0.228, 10.0, 9.0, 0.341], [0, 1]]
[[0.426, 14.261, 12.043, 0.706], [0.433, 14.913, 12.13, 0.649], [1, 0]]
[[0.446, 13.955, 12.179, 0.755], [0.432, 14.273, 12.0, 0.738], [1, 0]]
[[0.461, 13.928, 9.783, 0.777], [0.437, 14.0, 10.944, 0.772], [1, 0]]
[[0.448, 14.284, 9.433, 0.738], [0.462, 13.06, 10.03, 0.767], [0, 1]]
[[0.396, 12.833, 13.333, 0.671], [0.394, 13.455, 11.0, 0.709], [1, 0]]
[[0.442, 14.306, 12.194, 0.681], [0.449, 13.795, 10.103, 0.77], [0, 1]]
[[0.432, 11.294, 10.765, 0.69], [0.422, 13.353, 9.588, 0.742], [1, 0]]
[[0.45, 14.27, 11.243, 0.762], [0.453, 14.689, 10.73, 0.744], [1, 0]]
[[0.431, 14.242, 12.939, 0.74], [0.447, 13.562, 10.938, 0.721], [0, 1]]
[[0.203, 9.5, 5.5, 0.406], [0.209, 9.0, 7.0, 0.379], [0, 1]]
[[0.431, 13.65, 11.833, 0.75], [0.449, 12.951, 10.705, 0.724], [1, 0]]
[[0.445, 15.674, 11.07, 0.737], [0.423, 14.237, 12.342, 0.719], [0, 1]]
[[0.366, 14.333, 12.0, 0.645], [0.395, 13.083, 13.0, 0.69], [0, 1]]
[[0.433, 12.815, 10.111, 0.698], [0.439, 15.269, 10.846, 0.715], [0, 1]]
[[0.425, 14.455, 10.909, 0.751], [0.421, 13.238, 10.524, 0.73], [0, 1]]
[[0.443, 14.026, 11.789, 0.744], [0.449, 12.895, 9.974, 0.742], [0, 1]]
[[0.439, 12.692, 8.0, 0.727], [0.426, 12.0, 9.154, 0.693], [0, 1]]
[[0.453, 14.012, 11.762, 0.752], [0.454, 14.114, 11.101, 0.811], [0, 1]]
[[0.446, 14.294, 9.029, 0.743], [0.434, 14.03, 10.455, 0.722], [1, 0]]
[[0.428, 14.525, 10.738, 0.73], [0.447, 13.016, 10.746, 0.721], [0, 1]]
[[0.425, 12.906, 9.531, 0.727], [0.439, 12.968, 9.419, 0.748], [1, 0]]
[[0.228, 10.0, 9.0, 0.341], [0.199, 8.5, 7.0, 0.296], [0, 1]]
[[0.432, 13.467, 11.889, 0.752], [0.429, 12.933, 12.867, 0.729], [1, 0]]
[[0.439, 12.864, 10.636, 0.705], [0.442, 12.595, 9.548, 0.733], [1, 0]]
[[0.448, 13.965, 11.895, 0.747], [0.449, 14.186, 11.102, 0.717], [0, 1]]
[[0.435, 12.655, 10.414, 0.692], [0.438, 13.407, 11.0, 0.697], [0, 1]]
[[0.447, 12.889, 11.296, 0.734], [0.439, 13.667, 11.37, 0.756], [1, 0]]
[[0.456, 12.425, 9.725, 0.747], [0.443, 13.0, 9.953, 0.739], [1, 0]]
[[0.426, 13.545, 8.091, 0.699], [0.36, 12.636, 11.273, 0.732], [0, 1]]
[[0.429, 12.676, 12.441, 0.703], [0.425, 14.0, 11.0, 0.748], [1, 0]]
[[0.452, 14.234, 11.125, 0.714], [0.438, 14.533, 11.767, 0.743], [1, 0]]
[[0.444, 13.561, 11.512, 0.715], [0.422, 14.216, 12.432, 0.717], [1, 0]]
[[0.446, 13.754, 10.652, 0.752], [0.431, 12.899, 11.986, 0.742], [0, 1]]
[[0.428, 14.589, 10.804, 0.732], [0.446, 13.328, 10.534, 0.746], [1, 0]]
[[0.446, 13.179, 10.554, 0.743], [0.434, 14.444, 11.815, 0.736], [0, 1]]
[[0.418, 12.667, 9.611, 0.715], [0.412, 14.0, 11.812, 0.742], [0, 1]]
[[0.439, 13.892, 9.622, 0.765], [0.448, 13.622, 11.189, 0.712], [0, 1]]
[[0.43, 14.385, 10.308, 0.719], [0.412, 13.25, 11.25, 0.63], [0, 1]]
[[0.463, 13.219, 9.918, 0.766], [0.455, 12.757, 11.257, 0.751], [1, 0]]
[[0.393, 13.7, 12.1, 0.664], [0.413, 13.2, 10.2, 0.681], [0, 1]]
[[0.456, 11.973, 9.568, 0.752], [0.438, 14.195, 12.317, 0.74], [0, 1]]
[[0.448, 14.192, 10.769, 0.78], [0.425, 14.208, 10.042, 0.718], [1, 0]]
[[0.407, 15.115, 11.308, 0.719], [0.422, 12.387, 12.226, 0.705], [0, 1]]
[[0.449, 14.095, 12.0, 0.754], [0.449, 13.466, 11.356, 0.746], [1, 0]]
[[0.42, 13.778, 10.963, 0.768], [0.426, 14.385, 10.231, 0.726], [0, 1]]
[[0.431, 13.689, 12.044, 0.73], [0.43, 14.024, 11.571, 0.736], [1, 0]]
[[0.343, 13.4, 8.2, 0.59], [0.386, 13.4, 6.0, 0.616], [0, 1]]
[[0.445, 14.238, 9.619, 0.742], [0.454, 14.172, 11.141, 0.805], [0, 1]]
[[0.42, 14.65, 11.375, 0.717], [0.431, 13.643, 11.714, 0.745], [1, 0]]
[[0.456, 14.662, 12.446, 0.722], [0.461, 13.972, 9.847, 0.78], [0, 1]]
[[0.426, 14.796, 10.918, 0.724], [0.449, 12.771, 9.854, 0.732], [1, 0]]
[[0.401, 13.2, 11.857, 0.749], [0.43, 13.939, 10.879, 0.742], [1, 0]]
[[0.435, 12.946, 9.892, 0.736], [0.425, 12.917, 13.139, 0.722], [1, 0]]
[[0.452, 14.592, 10.676, 0.74], [0.44, 14.897, 11.735, 0.718], [0, 1]]
[[0.393, 10.75, 9.375, 0.638], [0.421, 14.0, 8.818, 0.739], [0, 1]]
[[0.452, 12.686, 9.929, 0.757], [0.444, 13.0, 9.97, 0.735], [0, 1]]
[[0.446, 14.34, 12.66, 0.707], [0.431, 14.188, 12.0, 0.74], [1, 0]]
[[0.264, 9.0, 8.333, 0.435], [0.354, 10.5, 6.0, 0.607], [0, 1]]
[[0.452, 14.297, 11.784, 0.685], [0.441, 14.056, 11.819, 0.742], [0, 1]]
[[0.438, 14.233, 9.567, 0.759], [0.444, 14.276, 10.759, 0.788], [0, 1]]
[[0.428, 15.385, 11.538, 0.598], [0.419, 13.583, 9.667, 0.733], [0, 1]]
[[0.442, 12.938, 10.5, 0.703], [0.446, 12.898, 9.837, 0.762], [1, 0]]
[[0.282, 9.0, 5.667, 0.503], [0.213, 7.0, 10.0, 0.369], [0, 1]]
[[0.44, 14.304, 10.652, 0.733], [0.421, 13.0, 9.857, 0.731], [0, 1]]
[[0.434, 12.308, 11.077, 0.721], [0.445, 13.308, 10.962, 0.726], [0, 1]]
[[0.429, 13.972, 12.083, 0.716], [0.447, 15.429, 10.943, 0.733], [0, 1]]
[[0.465, 13.329, 9.847, 0.756], [0.441, 14.012, 11.871, 0.744], [1, 0]]
[[0.389, 13.1, 11.2, 0.738], [0.44, 14.2, 8.7, 0.716], [0, 1]]
[[0.447, 14.197, 9.515, 0.74], [0.429, 12.94, 12.03, 0.741], [1, 0]]
[[0.438, 14.107, 9.321, 0.762], [0.414, 14.92, 12.28, 0.753], [0, 1]]
[[0.419, 14.636, 11.364, 0.673], [0.395, 13.818, 8.909, 0.693], [0, 1]]
[[0.436, 14.214, 10.964, 0.761], [0.425, 13.667, 11.481, 0.731], [1, 0]]
[[0.428, 13.559, 11.853, 0.75], [0.419, 13.935, 12.516, 0.708], [1, 0]]
[[0.434, 14.338, 11.892, 0.744], [0.443, 14.89, 11.548, 0.719], [1, 0]]
[[0.452, 13.488, 10.244, 0.768], [0.433, 14.171, 11.707, 0.742], [0, 1]]
[[0.434, 12.667, 10.567, 0.696], [0.422, 15.111, 11.963, 0.749], [1, 0]]
[[0.444, 14.378, 12.189, 0.681], [0.448, 14.162, 10.757, 0.792], [0, 1]]
[[0.372, 12.571, 12.286, 0.628], [0.401, 13.286, 8.429, 0.685], [0, 1]]
[[0.358, 13.857, 12.143, 0.619], [0.376, 13.0, 12.125, 0.635], [1, 0]]
[[0.447, 14.232, 9.571, 0.737], [0.449, 13.895, 10.667, 0.75], [1, 0]]
[[0.433, 14.426, 10.868, 0.734], [0.451, 14.6, 10.686, 0.739], [1, 0]]
[[0.435, 14.962, 12.115, 0.668], [0.432, 12.88, 9.8, 0.691], [1, 0]]
[[0.446, 12.793, 10.707, 0.702], [0.435, 13.934, 11.066, 0.771], [1, 0]]
[[0.427, 13.944, 8.778, 0.724], [0.413, 13.211, 11.474, 0.688], [1, 0]]
[[0.435, 13.923, 9.077, 0.753], [0.432, 12.885, 9.962, 0.697], [1, 0]]
[[0.463, 13.086, 9.871, 0.768], [0.43, 12.93, 11.958, 0.74], [1, 0]]
[[0.456, 12.763, 11.197, 0.751], [0.44, 14.0, 10.947, 0.77], [0, 1]]
[[0.459, 14.593, 12.309, 0.72], [0.454, 13.383, 11.173, 0.75], [1, 0]]
[[0.213, 7.0, 10.0, 0.369], [0.433, 14.133, 11.795, 0.742], [0, 1]]
[[0.422, 14.432, 11.784, 0.745], [0.445, 13.513, 11.462, 0.721], [0, 1]]
[[0.388, 13.1, 10.9, 0.697], [0.373, 12.333, 14.556, 0.622], [1, 0]]
[[0.456, 14.403, 11.119, 0.806], [0.453, 12.657, 9.821, 0.757], [1, 0]]
[[0.447, 13.881, 10.857, 0.738], [0.427, 13.872, 11.667, 0.738], [0, 1]]
[[0.446, 12.575, 9.375, 0.727], [0.443, 13.119, 11.024, 0.729], [0, 1]]
[[0.464, 13.229, 9.904, 0.757], [0.244, 5.5, 5.5, 0.361], [1, 0]]
[[0.408, 14.5, 12.0, 0.688], [0.406, 12.5, 8.917, 0.691], [1, 0]]
[[0.42, 13.39, 11.61, 0.762], [0.45, 14.295, 11.115, 0.713], [0, 1]]
[[0.389, 12.0, 6.5, 0.657], [0.423, 14.333, 8.5, 0.658], [0, 1]]
[[0.455, 15.365, 11.041, 0.746], [0.456, 14.053, 10.973, 0.714], [1, 0]]
[[0.455, 12.756, 9.889, 0.749], [0.447, 13.082, 10.102, 0.739], [1, 0]]
[[0.35, 11.5, 11.333, 0.624], [0.322, 9.75, 12.75, 0.506], [1, 0]]
[[0.449, 14.583, 9.417, 0.74], [0.446, 13.78, 11.14, 0.714], [1, 0]]
[[0.447, 13.842, 8.368, 0.751], [0.403, 12.833, 12.111, 0.679], [1, 0]]
[[0.399, 15.462, 11.538, 0.685], [0.42, 11.938, 10.625, 0.708], [0, 1]]
[[0.447, 14.14, 9.509, 0.738], [0.441, 13.807, 11.421, 0.758], [0, 1]]
[[0.451, 12.653, 10.093, 0.754], [0.451, 14.427, 9.947, 0.717], [0, 1]]
[[0.412, 15.0, 11.355, 0.724], [0.402, 13.091, 11.424, 0.757], [0, 1]]
[[0.437, 13.37, 12.565, 0.702], [0.429, 14.182, 11.795, 0.741], [0, 1]]
[[0.203, 9.5, 5.5, 0.406], [0.459, 13.867, 11.181, 0.714], [0, 1]]
[[0.41, 15.167, 10.958, 0.714], [0.431, 13.269, 9.5, 0.739], [0, 1]]
[[0.405, 13.0, 9.286, 0.714], [0.435, 14.267, 9.533, 0.768], [0, 1]]
[[0.447, 13.42, 12.21, 0.716], [0.434, 13.262, 11.688, 0.743], [1, 0]]
[[0.45, 12.847, 11.441, 0.743], [0.448, 12.814, 10.847, 0.724], [0, 1]]
[[0.422, 15.625, 11.25, 0.612], [0.371, 12.125, 11.938, 0.734], [0, 1]]
[[0.437, 14.098, 10.268, 0.767], [0.444, 13.674, 11.465, 0.707], [1, 0]]
[[0.41, 15.261, 11.0, 0.709], [0.425, 14.174, 9.913, 0.708], [0, 1]]
[[0.454, 13.56, 9.88, 0.769], [0.452, 14.276, 11.934, 0.686], [0, 1]]
[[0.444, 13.452, 12.151, 0.713], [0.44, 14.871, 11.643, 0.72], [0, 1]]
[[0.453, 14.22, 11.61, 0.68], [0.452, 14.339, 12.627, 0.714], [0, 1]]
[[0.452, 14.134, 11.659, 0.692], [0.46, 13.802, 9.778, 0.777], [1, 0]]
[[0.426, 11.273, 9.545, 0.699], [0.381, 11.6, 12.7, 0.664], [1, 0]]
[[0.45, 14.118, 9.294, 0.751], [0.448, 12.93, 10.047, 0.746], [0, 1]]
[[0.444, 13.292, 11.167, 0.729], [0.425, 13.609, 10.739, 0.739], [1, 0]]
[[0.433, 14.047, 11.581, 0.744], [0.46, 13.779, 11.256, 0.716], [1, 0]]
[[0.178, 6.0, 9.0, 0.3], [0.434, 13.361, 11.578, 0.751], [0, 1]]
[[0.424, 14.647, 12.118, 0.694], [0.418, 14.158, 13.211, 0.721], [1, 0]]
[[0.443, 13.391, 12.188, 0.704], [0.45, 13.606, 11.364, 0.748], [0, 1]]
[[0.458, 13.98, 9.633, 0.766], [0.428, 13.152, 12.783, 0.731], [1, 0]]
[[0.454, 13.886, 9.818, 0.767], [0.437, 13.902, 10.293, 0.709], [1, 0]]
[[0.45, 14.302, 11.159, 0.712], [0.455, 14.5, 11.167, 0.802], [0, 1]]
[[0.448, 12.915, 10.732, 0.709], [0.447, 14.042, 12.083, 0.755], [0, 1]]
[[0.432, 14.412, 11.863, 0.738], [0.438, 14.633, 11.959, 0.713], [1, 0]]
[[0.443, 13.029, 9.706, 0.752], [0.444, 12.353, 9.059, 0.727], [0, 1]]
[[0.456, 13.965, 9.895, 0.774], [0.448, 14.086, 11.121, 0.716], [1, 0]]
[[0.43, 14.516, 10.75, 0.728], [0.44, 14.391, 11.609, 0.743], [1, 0]]
[[0.43, 14.569, 10.672, 0.732], [0.448, 12.714, 9.857, 0.736], [0, 1]]
[[0.448, 14.338, 9.456, 0.738], [0.452, 12.757, 11.243, 0.751], [0, 1]]
[[0.448, 13.803, 10.634, 0.748], [0.446, 12.957, 9.971, 0.738], [0, 1]]
[[0.449, 14.345, 12.618, 0.713], [0.446, 13.019, 10.981, 0.721], [0, 1]]
[[0.437, 14.0, 10.7, 0.768], [0.45, 14.16, 10.9, 0.791], [0, 1]]
[[0.446, 13.41, 10.607, 0.751], [0.437, 14.517, 11.879, 0.743], [0, 1]]
[[0.35, 11.0, 11.8, 0.596], [0.32, 12.5, 9.25, 0.549], [0, 1]]
[[0.43, 14.145, 10.987, 0.734], [0.449, 13.684, 10.5, 0.749], [0, 1]]
[[0.438, 14.214, 10.238, 0.768], [0.446, 14.295, 11.159, 0.793], [1, 0]]
[[0.45, 15.128, 11.198, 0.743], [0.453, 13.953, 11.116, 0.807], [0, 1]]
[[0.426, 11.1, 8.4, 0.701], [0.435, 14.444, 8.556, 0.714], [0, 1]]
[[0.409, 15.296, 11.333, 0.719], [0.424, 13.871, 12.226, 0.706], [0, 1]]
[[0.429, 13.545, 11.909, 0.758], [0.44, 13.971, 10.882, 0.767], [1, 0]]
[[0.366, 11.786, 12.143, 0.736], [0.407, 10.545, 10.909, 0.677], [1, 0]]
[[0.42, 10.125, 7.75, 0.687], [0.359, 13.429, 10.286, 0.668], [0, 1]]
[[0.46, 12.333, 8.714, 0.717], [0.422, 14.217, 10.522, 0.731], [0, 1]]
[[0.452, 15.175, 11.225, 0.746], [0.432, 14.25, 11.75, 0.743], [0, 1]]
[[0.437, 14.633, 12.633, 0.677], [0.43, 13.129, 13.129, 0.711], [0, 1]]
[[0.45, 13.767, 10.167, 0.746], [0.439, 12.433, 8.833, 0.728], [0, 1]]
[[0.432, 14.176, 13.0, 0.743], [0.418, 14.0, 12.414, 0.701], [1, 0]]
[[0.28, 10.333, 8.667, 0.507], [0.278, 12.0, 8.667, 0.502], [0, 1]]
[[0.45, 15.31, 11.276, 0.744], [0.448, 12.947, 10.895, 0.72], [1, 0]]
[[0.385, 12.619, 11.667, 0.749], [0.424, 13.048, 12.905, 0.698], [0, 1]]
[[0.373, 14.5, 9.25, 0.478], [0.322, 11.0, 5.667, 0.489], [0, 1]]
[[0.443, 12.827, 10.827, 0.701], [0.434, 14.423, 11.808, 0.745], [0, 1]]
[[0.448, 14.537, 9.268, 0.735], [0.436, 13.463, 12.146, 0.703], [0, 1]]
[[0.461, 13.8, 9.7, 0.779], [0.453, 14.125, 11.175, 0.765], [1, 0]]
[[0.446, 14.677, 11.492, 0.757], [0.449, 14.238, 10.54, 0.749], [1, 0]]
[[0.192, 9.0, 8.5, 0.4], [0.257, 11.0, 4.0, 0.345], [1, 0]]
[[0.461, 13.045, 10.03, 0.769], [0.447, 13.721, 10.588, 0.749], [1, 0]]
[[0.394, 13.0, 10.25, 0.675], [0.377, 15.143, 9.286, 0.63], [0, 1]]
[[0.449, 13.514, 10.343, 0.762], [0.428, 13.806, 10.903, 0.746], [1, 0]]
[[0.447, 13.392, 9.765, 0.774], [0.436, 13.981, 10.788, 0.768], [1, 0]]
[[0.425, 14.25, 9.1, 0.732], [0.435, 13.857, 10.81, 0.726], [1, 0]]
[[0.272, 4.0, 2.5, 0.406], [0.223, 9.0, 3.0, 0.405], [1, 0]]
[[0.432, 14.36, 13.08, 0.723], [0.441, 14.24, 10.68, 0.746], [0, 1]]
[[0.423, 13.857, 10.964, 0.753], [0.438, 13.379, 11.069, 0.709], [1, 0]]
[[0.462, 11.871, 8.968, 0.745], [0.44, 14.176, 9.706, 0.76], [1, 0]]
[[0.426, 14.275, 12.125, 0.718], [0.442, 13.14, 11.093, 0.728], [0, 1]]
[[0.441, 13.865, 11.923, 0.737], [0.448, 14.269, 12.692, 0.711], [0, 1]]
[[0.453, 13.983, 9.949, 0.772], [0.449, 13.948, 10.552, 0.751], [1, 0]]
[[0.436, 13.302, 12.256, 0.703], [0.432, 13.429, 11.833, 0.753], [0, 1]]
[[0.432, 14.113, 10.912, 0.732], [0.461, 13.329, 10.051, 0.765], [0, 1]]
[[0.427, 13.882, 12.206, 0.714], [0.438, 14.061, 11.455, 0.76], [0, 1]]
[[0.449, 15.212, 10.576, 0.728], [0.437, 12.273, 11.212, 0.716], [1, 0]]
[[0.454, 15.261, 11.029, 0.743], [0.446, 13.942, 12.072, 0.755], [1, 0]]
[[0.442, 15.259, 10.778, 0.719], [0.419, 15.077, 12.115, 0.751], [1, 0]]
[[0.444, 13.944, 11.204, 0.715], [0.451, 12.72, 9.96, 0.729], [1, 0]]
[[0.45, 14.193, 9.41, 0.755], [0.449, 12.917, 10.071, 0.746], [0, 1]]
[[0.44, 12.368, 11.316, 0.73], [0.446, 12.342, 9.263, 0.734], [0, 1]]
[[0.429, 13.419, 11.581, 0.735], [0.441, 12.5, 9.031, 0.727], [1, 0]]
[[0.432, 13.553, 11.936, 0.755], [0.446, 13.25, 11.021, 0.723], [0, 1]]
[[0.449, 14.171, 11.756, 0.685], [0.442, 13.119, 10.024, 0.738], [0, 1]]
[[0.462, 13.971, 9.757, 0.777], [0.446, 13.971, 12.057, 0.753], [1, 0]]
[[0.463, 12.862, 9.5, 0.765], [0.448, 12.737, 9.86, 0.735], [1, 0]]
[[0.449, 13.653, 11.24, 0.741], [0.449, 13.12, 11.173, 0.721], [0, 1]]
[[0.454, 14.763, 10.711, 0.75], [0.459, 13.948, 10.974, 0.714], [0, 1]]
[[0.444, 14.55, 11.65, 0.752], [0.449, 12.678, 9.966, 0.759], [1, 0]]
[[0.429, 13.651, 12.233, 0.726], [0.439, 14.048, 12.381, 0.741], [0, 1]]
[[0.432, 14.074, 10.914, 0.735], [0.448, 12.762, 10.825, 0.716], [0, 1]]
[[0.417, 14.0, 10.72, 0.737], [0.427, 14.227, 9.682, 0.705], [1, 0]]
[[0.452, 14.247, 11.795, 0.684], [0.442, 14.958, 11.648, 0.718], [1, 0]]
[[0.219, 6.5, 4.5, 0.457], [0.237, 7.5, 5.0, 0.327], [1, 0]]
[[0.43, 11.923, 9.692, 0.7], [0.42, 13.455, 8.182, 0.73], [1, 0]]
[[0.435, 12.786, 10.286, 0.688], [0.423, 14.32, 10.16, 0.719], [1, 0]]
[[0.447, 13.982, 11.964, 0.744], [0.439, 14.725, 11.922, 0.712], [1, 0]]
[[0.434, 14.177, 11.709, 0.743], [0.434, 13.152, 11.722, 0.742], [1, 0]]
[[0.449, 14.592, 9.469, 0.743], [0.448, 13.08, 10.02, 0.741], [1, 0]]
[[0.426, 14.698, 10.925, 0.728], [0.447, 13.164, 10.545, 0.741], [0, 1]]
[[0.463, 13.047, 9.672, 0.764], [0.448, 12.8, 10.662, 0.704], [1, 0]]
[[0.302, 9.667, 7.333, 0.439], [0.278, 10.0, 8.667, 0.496], [0, 1]]
[[0.448, 13.681, 11.565, 0.742], [0.461, 13.059, 10.044, 0.767], [0, 1]]
[[0.426, 13.821, 10.75, 0.754], [0.422, 12.963, 13.444, 0.723], [1, 0]]
[[0.436, 13.985, 10.879, 0.768], [0.446, 12.952, 9.903, 0.74], [1, 0]]
[[0.42, 12.727, 11.591, 0.698], [0.413, 13.737, 11.632, 0.746], [0, 1]]
[[0.403, 13.333, 13.0, 0.621], [0.394, 14.25, 9.0, 0.654], [0, 1]]
[[0.439, 14.022, 13.067, 0.707], [0.444, 15.578, 11.067, 0.737], [1, 0]]
[[0.365, 12.333, 7.667, 0.483], [0.274, 11.667, 8.333, 0.426], [0, 1]]
[[0.394, 12.889, 10.111, 0.729], [0.399, 12.9, 11.1, 0.666], [1, 0]]
[[0.448, 13.672, 11.531, 0.742], [0.444, 13.615, 10.785, 0.746], [0, 1]]
[[0.222, 8.0, 5.0, 0.385], [0.247, 10.0, 6.0, 0.369], [1, 0]]
[[0.383, 12.5, 14.0, 0.633], [0.42, 13.7, 7.4, 0.728], [1, 0]]
[[0.408, 15.273, 11.091, 0.71], [0.462, 12.318, 8.818, 0.715], [0, 1]]
[[0.424, 13.0, 13.125, 0.702], [0.41, 13.55, 12.15, 0.679], [0, 1]]
[[0.435, 13.225, 13.225, 0.702], [0.434, 14.243, 10.405, 0.761], [1, 0]]
[[0.433, 14.348, 10.797, 0.734], [0.452, 14.31, 11.676, 0.683], [1, 0]]
[[0.427, 14.45, 12.4, 0.712], [0.408, 14.056, 12.0, 0.744], [0, 1]]
[[0.446, 13.6, 9.689, 0.774], [0.448, 13.783, 10.63, 0.745], [1, 0]]
[[0.433, 14.222, 13.222, 0.727], [0.437, 13.64, 11.04, 0.698], [1, 0]]
[[0.448, 13.111, 10.519, 0.74], [0.45, 12.667, 9.922, 0.732], [1, 0]]
[[0.45, 12.865, 10.73, 0.71], [0.433, 12.932, 11.811, 0.739], [1, 0]]
[[0.444, 13.581, 9.674, 0.774], [0.447, 12.902, 9.707, 0.76], [1, 0]]
[[0.429, 13.561, 11.947, 0.749], [0.454, 14.404, 11.123, 0.8], [0, 1]]
[[0.429, 13.895, 10.474, 0.751], [0.419, 13.05, 10.1, 0.731], [1, 0]]
[[0.428, 13.048, 12.097, 0.742], [0.448, 12.935, 10.629, 0.723], [0, 1]]
[[0.393, 14.25, 8.125, 0.677], [0.392, 13.222, 12.444, 0.67], [0, 1]]
[[0.426, 13.034, 13.103, 0.716], [0.42, 12.893, 13.393, 0.72], [1, 0]]
[[0.434, 14.382, 11.776, 0.744], [0.45, 13.303, 11.276, 0.747], [1, 0]]
[[0.447, 14.478, 9.326, 0.742], [0.443, 14.25, 11.708, 0.745], [1, 0]]
[[0.448, 13.597, 9.952, 0.774], [0.442, 13.615, 12.308, 0.697], [1, 0]]
[[0.365, 14.0, 10.25, 0.637], [0.431, 13.8, 8.1, 0.685], [0, 1]]
[[0.445, 14.306, 12.673, 0.713], [0.446, 12.688, 11.5, 0.738], [1, 0]]
[[0.464, 13.032, 9.597, 0.763], [0.419, 13.531, 11.406, 0.768], [1, 0]]
[[0.43, 14.614, 10.702, 0.73], [0.443, 13.492, 12.41, 0.699], [0, 1]]
[[0.443, 13.0, 8.6, 0.741], [0.411, 13.643, 10.429, 0.704], [1, 0]]
[[0.176, 7.5, 7.0, 0.405], [0.192, 9.0, 8.5, 0.348], [1, 0]]
[[0.419, 13.507, 11.609, 0.765], [0.451, 12.638, 9.87, 0.758], [1, 0]]
[[0.462, 11.875, 8.812, 0.746], [0.428, 13.406, 11.219, 0.761], [0, 1]]
[[0.346, 10.0, 8.0, 0.561], [0.312, 11.0, 4.667, 0.597], [0, 1]]
[[0.444, 12.787, 11.596, 0.736], [0.444, 13.894, 12.17, 0.744], [0, 1]]
[[0.44, 12.82, 10.72, 0.704], [0.427, 13.02, 12.471, 0.738], [1, 0]]
[[0.452, 14.146, 11.232, 0.763], [0.453, 14.049, 11.11, 0.806], [0, 1]]
[[0.393, 12.538, 11.308, 0.669], [0.4, 12.917, 10.333, 0.676], [0, 1]]
[[0.447, 14.182, 9.061, 0.742], [0.4, 13.235, 11.559, 0.753], [1, 0]]
[[0.436, 13.938, 10.646, 0.768], [0.448, 13.714, 10.673, 0.75], [1, 0]]
[[0.415, 13.55, 9.5, 0.724], [0.43, 13.667, 10.5, 0.747], [0, 1]]
[[0.448, 13.929, 11.893, 0.746], [0.437, 13.907, 10.815, 0.768], [1, 0]]
[[0.436, 14.05, 10.425, 0.709], [0.443, 13.317, 11.122, 0.731], [0, 1]]
[[0.449, 14.296, 11.611, 0.683], [0.447, 13.926, 10.667, 0.753], [1, 0]]
[[0.328, 11.0, 6.0, 0.579], [0.223, 9.0, 3.0, 0.405], [0, 1]]
[[0.361, 12.25, 11.583, 0.737], [0.392, 12.111, 9.444, 0.662], [0, 1]]
[[0.432, 13.717, 12.0, 0.733], [0.444, 13.044, 9.978, 0.741], [1, 0]]
[[0.436, 12.379, 11.138, 0.727], [0.435, 13.138, 9.448, 0.745], [1, 0]]
[[0.444, 12.614, 10.702, 0.707], [0.429, 13.559, 11.932, 0.746], [0, 1]]
[[0.447, 13.65, 10.463, 0.75], [0.434, 13.325, 11.537, 0.752], [1, 0]]
[[0.431, 14.078, 10.922, 0.734], [0.421, 13.487, 11.744, 0.768], [1, 0]]
[[0.455, 14.274, 11.226, 0.807], [0.448, 12.967, 9.917, 0.74], [1, 0]]
[[0.451, 14.338, 9.958, 0.717], [0.441, 14.086, 11.743, 0.74], [1, 0]]
[[0.426, 14.435, 10.739, 0.758], [0.45, 14.25, 10.708, 0.788], [0, 1]]
[[0.449, 14.295, 11.727, 0.683], [0.439, 13.955, 12.227, 0.741], [1, 0]]
[[0.453, 15.291, 11.215, 0.746], [0.455, 14.886, 10.696, 0.754], [1, 0]]
[[0.422, 14.69, 11.262, 0.715], [0.426, 14.317, 12.366, 0.716], [1, 0]]
[[0.426, 14.368, 8.895, 0.733], [0.447, 13.579, 10.105, 0.734], [0, 1]]
[[0.448, 14.222, 9.762, 0.713], [0.446, 13.078, 10.781, 0.72], [0, 1]]
[[0.424, 13.241, 9.517, 0.738], [0.43, 13.111, 9.407, 0.745], [1, 0]]
[[0.43, 12.75, 10.583, 0.701], [0.448, 13.541, 10.189, 0.766], [0, 1]]
[[0.447, 14.209, 11.721, 0.687], [0.424, 14.524, 11.833, 0.744], [0, 1]]
[[0.453, 15.156, 11.094, 0.741], [0.436, 13.969, 10.922, 0.77], [1, 0]]
[[0.428, 12.907, 13.023, 0.725], [0.439, 14.186, 10.233, 0.709], [0, 1]]
[[0.416, 14.562, 12.25, 0.687], [0.446, 14.294, 9.824, 0.777], [0, 1]]
[[0.293, 12.0, 12.6, 0.694], [0.384, 10.4, 6.6, 0.655], [0, 1]]
[[0.448, 12.893, 10.84, 0.712], [0.434, 13.079, 11.724, 0.741], [0, 1]]
[[0.245, 9.667, 9.667, 0.492], [0.244, 5.5, 5.5, 0.361], [0, 1]]
[[0.446, 14.226, 9.0, 0.747], [0.441, 14.129, 11.194, 0.756], [0, 1]]
[[0.453, 12.753, 11.37, 0.753], [0.456, 14.068, 11.014, 0.714], [0, 1]]
[[0.44, 14.029, 9.6, 0.762], [0.438, 12.206, 11.059, 0.719], [0, 1]]
[[0.451, 14.12, 11.627, 0.692], [0.452, 15.169, 11.193, 0.744], [1, 0]]
[[0.446, 13.228, 10.544, 0.744], [0.448, 12.642, 9.906, 0.735], [1, 0]]
[[0.446, 14.259, 10.778, 0.782], [0.419, 14.12, 12.52, 0.689], [0, 1]]
[[0.423, 13.071, 13.143, 0.717], [0.423, 13.24, 11.36, 0.721], [0, 1]]
[[0.424, 13.0, 12.957, 0.697], [0.421, 12.64, 11.84, 0.704], [1, 0]]
[[0.429, 12.886, 13.229, 0.696], [0.419, 13.967, 12.567, 0.701], [0, 1]]
[[0.437, 13.961, 10.667, 0.769], [0.431, 14.44, 11.84, 0.737], [0, 1]]
[[0.441, 14.457, 12.371, 0.683], [0.45, 15.5, 10.889, 0.735], [0, 1]]
[[0.43, 13.2, 9.68, 0.738], [0.417, 13.87, 12.304, 0.687], [1, 0]]
[[0.448, 13.595, 11.284, 0.74], [0.451, 14.421, 9.921, 0.715], [0, 1]]
[[0.408, 8.6, 6.4, 0.664], [0.332, 11.4, 10.6, 0.571], [1, 0]]
[[0.45, 14.291, 11.709, 0.685], [0.445, 14.035, 11.175, 0.715], [0, 1]]
[[0.431, 11.727, 10.682, 0.714], [0.448, 14.087, 10.565, 0.779], [0, 1]]
[[0.452, 14.214, 8.893, 0.737], [0.44, 13.321, 10.929, 0.703], [1, 0]]
[[0.425, 14.0, 12.233, 0.707], [0.421, 13.704, 10.852, 0.746], [1, 0]]
[[0.373, 14.25, 8.25, 0.661], [0.401, 13.714, 5.857, 0.66], [0, 1]]
[[0.323, 8.75, 10.25, 0.582], [0.319, 9.333, 8.333, 0.51], [1, 0]]
[[0.383, 11.857, 7.714, 0.667], [0.366, 13.714, 9.286, 0.673], [1, 0]]
[[0.452, 14.271, 11.714, 0.683], [0.45, 14.507, 10.754, 0.74], [0, 1]]
[[0.45, 13.151, 10.34, 0.74], [0.448, 14.352, 12.648, 0.716], [1, 0]]
[[0.438, 12.344, 11.125, 0.721], [0.433, 14.129, 10.065, 0.729], [0, 1]]
[[0.435, 13.0, 9.583, 0.734], [0.431, 12.816, 10.658, 0.703], [1, 0]]
[[0.429, 13.636, 12.136, 0.729], [0.447, 14.571, 9.429, 0.738], [1, 0]]
[[0.449, 15.5, 10.765, 0.728], [0.432, 13.969, 10.812, 0.742], [1, 0]]
[[0.424, 14.896, 11.0, 0.723], [0.445, 13.745, 11.176, 0.712], [1, 0]]
[[0.429, 15.588, 11.471, 0.614], [0.418, 13.111, 12.944, 0.682], [1, 0]]
[[0.401, 15.5, 11.286, 0.7], [0.423, 13.375, 11.438, 0.681], [1, 0]]
[[0.402, 13.158, 11.658, 0.753], [0.425, 12.946, 13.243, 0.722], [1, 0]]
[[0.418, 13.174, 13.174, 0.71], [0.423, 14.381, 9.667, 0.697], [0, 1]]
[[0.451, 14.15, 9.375, 0.754], [0.462, 13.338, 9.988, 0.764], [0, 1]]
[[0.416, 13.684, 9.474, 0.717], [0.422, 13.263, 12.737, 0.693], [0, 1]]
[[0.423, 12.531, 12.5, 0.702], [0.428, 14.222, 10.148, 0.727], [0, 1]]
[[0.446, 14.512, 9.372, 0.738], [0.444, 12.512, 9.415, 0.73], [0, 1]]
[[0.433, 13.75, 10.8, 0.723], [0.413, 14.647, 11.765, 0.735], [0, 1]]
[[0.401, 13.5, 9.167, 0.68], [0.401, 13.333, 8.917, 0.709], [0, 1]]
[[0.448, 14.068, 12.082, 0.754], [0.452, 14.644, 10.699, 0.742], [1, 0]]
[[0.458, 14.039, 9.549, 0.772], [0.436, 14.681, 12.043, 0.713], [1, 0]]
[[0.442, 14.05, 10.925, 0.772], [0.454, 14.137, 11.05, 0.809], [0, 1]]
[[0.374, 11.667, 11.733, 0.747], [0.425, 12.071, 9.857, 0.691], [0, 1]]
[[0.444, 12.643, 11.476, 0.731], [0.443, 13.791, 11.744, 0.757], [1, 0]]
[[0.448, 13.639, 11.417, 0.74], [0.449, 12.904, 10.781, 0.71], [0, 1]]
[[0.443, 15.107, 10.643, 0.724], [0.425, 13.643, 10.929, 0.77], [1, 0]]
[[0.423, 13.3, 13.05, 0.701], [0.412, 14.375, 9.5, 0.68], [0, 1]]
[[0.438, 13.836, 10.855, 0.769], [0.447, 13.929, 10.696, 0.752], [1, 0]]
[[0.433, 14.024, 11.659, 0.742], [0.461, 13.824, 11.188, 0.715], [0, 1]]
[[0.444, 13.875, 12.104, 0.743], [0.436, 13.894, 11.596, 0.749], [1, 0]]
[[0.433, 14.833, 12.125, 0.658], [0.432, 12.435, 8.826, 0.719], [0, 1]]
[[0.449, 13.714, 11.571, 0.742], [0.433, 14.41, 11.803, 0.73], [0, 1]]
[[0.422, 15.364, 12.364, 0.597], [0.402, 13.818, 12.0, 0.659], [1, 0]]
[[0.431, 13.514, 11.971, 0.756], [0.441, 14.87, 11.652, 0.718], [1, 0]]
[[0.451, 13.507, 9.87, 0.773], [0.45, 13.014, 10.696, 0.722], [0, 1]]
[[0.349, 10.2, 9.4, 0.626], [0.348, 10.8, 10.8, 0.602], [0, 1]]
[[0.301, 11.5, 8.75, 0.541], [0.367, 11.6, 6.0, 0.651], [0, 1]]
[[0.448, 13.509, 9.912, 0.779], [0.435, 14.482, 11.839, 0.743], [0, 1]]
[[0.46, 13.902, 11.171, 0.714], [0.454, 13.39, 11.098, 0.749], [1, 0]]
[[0.454, 14.366, 11.197, 0.809], [0.451, 12.69, 9.93, 0.757], [1, 0]]
[[0.413, 13.415, 11.623, 0.765], [0.444, 13.019, 10.981, 0.722], [0, 1]]
[[0.453, 13.43, 9.987, 0.77], [0.454, 14.863, 10.738, 0.755], [0, 1]]
[[0.417, 13.456, 11.614, 0.762], [0.441, 13.475, 12.542, 0.697], [1, 0]]
[[0.397, 13.833, 12.25, 0.669], [0.395, 13.154, 13.077, 0.7], [0, 1]]
[[0.449, 12.791, 10.597, 0.706], [0.449, 13.597, 11.373, 0.749], [1, 0]]
[[0.449, 13.514, 11.333, 0.745], [0.449, 13.014, 10.917, 0.721], [0, 1]]
[[0.45, 14.345, 8.828, 0.741], [0.445, 13.5, 11.067, 0.714], [0, 1]]
[[0.445, 13.767, 11.533, 0.752], [0.427, 12.869, 12.197, 0.741], [1, 0]]
[[0.433, 13.162, 12.324, 0.702], [0.423, 12.824, 13.176, 0.719], [0, 1]]
[[0.445, 13.128, 10.149, 0.742], [0.443, 14.391, 9.978, 0.713], [0, 1]]
[[0.456, 14.082, 10.033, 0.771], [0.444, 14.623, 11.541, 0.755], [1, 0]]
[[0.428, 13.1, 13.2, 0.711], [0.443, 13.69, 11.103, 0.721], [0, 1]]
[[0.383, 13.556, 10.0, 0.707], [0.402, 13.0, 10.222, 0.676], [0, 1]]
[[0.444, 15.614, 11.068, 0.738], [0.426, 12.833, 13.024, 0.731], [1, 0]]
[[0.426, 11.5, 10.625, 0.67], [0.446, 14.684, 10.474, 0.771], [0, 1]]
[[0.431, 12.5, 10.706, 0.701], [0.451, 13.471, 10.412, 0.743], [0, 1]]
[[0.448, 14.212, 11.731, 0.682], [0.429, 13.14, 12.48, 0.736], [1, 0]]
[[0.431, 12.714, 10.743, 0.702], [0.449, 14.333, 10.667, 0.791], [0, 1]]
[[0.45, 14.04, 11.973, 0.753], [0.449, 13.149, 11.149, 0.719], [1, 0]]
[[0.45, 15.148, 11.222, 0.743], [0.443, 14.321, 11.717, 0.744], [0, 1]]
[[0.453, 13.468, 10.013, 0.767], [0.452, 14.169, 11.273, 0.765], [1, 0]]
[[0.449, 14.098, 12.082, 0.751], [0.438, 14.559, 11.881, 0.742], [0, 1]]
[[0.443, 15.565, 11.087, 0.739], [0.446, 12.841, 11.477, 0.732], [1, 0]]
[[0.289, 7.667, 7.0, 0.538], [0.297, 10.0, 6.667, 0.515], [0, 1]]
[[0.433, 13.291, 11.512, 0.75], [0.451, 13.07, 11.186, 0.721], [1, 0]]
[[0.452, 14.235, 11.765, 0.682], [0.421, 13.53, 11.394, 0.764], [1, 0]]
[[0.43, 13.921, 12.053, 0.717], [0.434, 13.857, 10.543, 0.714], [1, 0]]
[[0.455, 12.833, 11.269, 0.755], [0.455, 14.872, 10.641, 0.752], [1, 0]]
[[0.429, 14.54, 10.714, 0.732], [0.447, 13.631, 11.569, 0.742], [0, 1]]
[[0.432, 14.409, 10.788, 0.731], [0.45, 14.485, 10.706, 0.744], [1, 0]]
[[0.442, 13.316, 12.544, 0.698], [0.426, 12.964, 12.418, 0.738], [1, 0]]
[[0.427, 14.143, 9.19, 0.736], [0.427, 15.2, 11.75, 0.702], [1, 0]]
[[0.455, 12.805, 11.221, 0.752], [0.454, 14.09, 11.769, 0.748], [0, 1]]
[[0.461, 11.967, 9.033, 0.743], [0.441, 13.062, 9.688, 0.75], [1, 0]]
[[0.321, 13.25, 10.75, 0.553], [0.305, 10.25, 9.25, 0.57], [0, 1]]
[[0.445, 14.672, 11.578, 0.755], [0.437, 13.937, 10.905, 0.772], [0, 1]]
[[0.452, 12.789, 11.31, 0.751], [0.431, 14.275, 12.072, 0.739], [1, 0]]
[[0.455, 14.217, 11.633, 0.678], [0.438, 14.75, 11.768, 0.718], [1, 0]]
[[0.43, 14.593, 10.712, 0.732], [0.445, 12.729, 10.678, 0.703], [1, 0]]
[[0.446, 13.043, 10.043, 0.742], [0.435, 14.0, 10.511, 0.771], [0, 1]]
[[0.458, 14.037, 9.722, 0.769], [0.433, 13.308, 11.885, 0.757], [1, 0]]
[[0.452, 14.358, 9.84, 0.717], [0.443, 14.1, 11.838, 0.745], [1, 0]]
[[0.366, 10.5, 9.833, 0.559], [0.354, 10.2, 13.2, 0.538], [1, 0]]
[[0.316, 9.75, 9.25, 0.534], [0.312, 12.75, 8.5, 0.537], [1, 0]]
[[0.454, 13.75, 10.222, 0.744], [0.421, 14.969, 11.812, 0.741], [0, 1]]
[[0.446, 13.329, 12.165, 0.714], [0.433, 13.429, 11.688, 0.75], [1, 0]]
[[0.425, 13.566, 11.639, 0.768], [0.453, 14.369, 9.964, 0.724], [1, 0]]
[[0.447, 13.852, 10.519, 0.751], [0.424, 13.192, 13.269, 0.722], [1, 0]]
[[0.448, 13.721, 11.672, 0.739], [0.448, 12.793, 9.897, 0.737], [0, 1]]
[[0.455, 14.077, 11.167, 0.812], [0.45, 12.805, 10.091, 0.742], [0, 1]]
[[0.41, 12.667, 9.067, 0.715], [0.438, 13.467, 10.267, 0.716], [1, 0]]
[[0.426, 14.465, 11.907, 0.735], [0.442, 13.159, 11.045, 0.726], [1, 0]]
[[0.432, 14.105, 12.737, 0.742], [0.426, 12.914, 13.086, 0.718], [1, 0]]
[[0.439, 13.917, 9.611, 0.763], [0.431, 14.081, 12.73, 0.745], [0, 1]]
[[0.431, 14.188, 13.031, 0.74], [0.446, 13.613, 11.0, 0.72], [0, 1]]
[[0.428, 14.0, 8.5, 0.698], [0.379, 14.333, 8.167, 0.601], [1, 0]]
[[0.414, 13.636, 9.682, 0.731], [0.451, 13.238, 10.667, 0.726], [0, 1]]
[[0.43, 14.087, 11.87, 0.741], [0.448, 12.711, 9.6, 0.732], [0, 1]]
[[0.399, 15.5, 12.75, 0.602], [0.37, 13.375, 9.875, 0.687], [1, 0]]
[[0.429, 14.611, 12.111, 0.705], [0.419, 13.944, 11.556, 0.691], [0, 1]]
[[0.442, 13.659, 9.634, 0.77], [0.449, 15.512, 10.829, 0.734], [1, 0]]
[[0.452, 15.295, 11.23, 0.74], [0.451, 12.7, 9.9, 0.76], [1, 0]]
[[0.456, 14.552, 12.493, 0.722], [0.446, 13.048, 9.857, 0.739], [1, 0]]
[[0.445, 13.588, 8.353, 0.751], [0.418, 13.824, 11.353, 0.684], [1, 0]]
[[0.294, 8.667, 5.0, 0.534], [0.189, 9.0, 6.0, 0.413], [1, 0]]
[[0.421, 13.508, 11.462, 0.766], [0.44, 14.968, 11.651, 0.719], [1, 0]]
[[0.443, 14.06, 10.892, 0.775], [0.253, 6.0, 5.0, 0.41], [1, 0]]
[[0.374, 10.333, 10.333, 0.628], [0.352, 13.0, 9.0, 0.524], [0, 1]]
[[0.462, 13.0, 9.815, 0.766], [0.441, 14.338, 11.554, 0.744], [1, 0]]
[[0.449, 13.656, 9.82, 0.777], [0.454, 15.206, 11.159, 0.741], [1, 0]]
[[0.461, 12.962, 9.736, 0.761], [0.433, 13.527, 11.818, 0.752], [1, 0]]
[[0.447, 13.704, 11.408, 0.742], [0.448, 14.361, 9.514, 0.741], [0, 1]]
[[0.416, 13.269, 9.538, 0.735], [0.434, 15.417, 10.917, 0.717], [1, 0]]
[[0.447, 14.188, 8.969, 0.748], [0.422, 15.0, 11.8, 0.743], [0, 1]]
[[0.43, 14.36, 11.28, 0.759], [0.443, 13.962, 10.538, 0.745], [0, 1]]
[[0.455, 13.952, 9.81, 0.766], [0.421, 14.395, 11.632, 0.747], [1, 0]]
[[0.443, 13.722, 8.5, 0.755], [0.424, 13.188, 9.0, 0.748], [0, 1]]
[[0.415, 11.6, 5.4, 0.585], [0.321, 10.8, 12.0, 0.612], [1, 0]]
[[0.444, 13.6, 8.8, 0.75], [0.425, 13.05, 9.35, 0.709], [0, 1]]
[[0.431, 14.103, 10.936, 0.733], [0.451, 14.192, 9.385, 0.749], [0, 1]]
[[0.441, 12.774, 10.811, 0.701], [0.439, 14.731, 11.885, 0.713], [0, 1]]
[[0.446, 13.78, 11.78, 0.741], [0.445, 13.271, 10.576, 0.75], [1, 0]]
[[0.442, 12.857, 8.0, 0.737], [0.435, 14.429, 8.929, 0.761], [1, 0]]
[[0.449, 13.675, 10.455, 0.749], [0.444, 14.947, 11.592, 0.716], [1, 0]]
[[0.446, 14.055, 9.8, 0.712], [0.436, 14.527, 11.909, 0.743], [1, 0]]
[[0.288, 12.333, 11.0, 0.544], [0.235, 6.5, 3.5, 0.441], [1, 0]]
[[0.416, 11.0, 10.929, 0.659], [0.435, 14.4, 9.867, 0.731], [1, 0]]
[[0.416, 13.436, 11.782, 0.764], [0.448, 12.712, 9.981, 0.733], [1, 0]]
[[0.429, 13.429, 10.5, 0.74], [0.403, 13.4, 12.867, 0.706], [1, 0]]
[[0.456, 13.792, 9.708, 0.765], [0.449, 13.711, 10.689, 0.744], [1, 0]]
[[0.37, 13.667, 8.5, 0.635], [0.379, 12.833, 8.5, 0.664], [0, 1]]
[[0.419, 13.446, 11.643, 0.762], [0.441, 13.362, 12.586, 0.696], [1, 0]]
[[0.433, 12.548, 10.516, 0.694], [0.425, 14.161, 10.774, 0.755], [0, 1]]
[[0.449, 12.914, 10.686, 0.708], [0.45, 14.347, 11.181, 0.764], [1, 0]]
[[0.436, 14.125, 9.938, 0.741], [0.4, 12.667, 11.733, 0.699], [1, 0]]
[[0.415, 14.0, 11.55, 0.759], [0.419, 12.7, 9.2, 0.718], [1, 0]]
[[0.406, 13.156, 11.6, 0.768], [0.441, 14.111, 12.333, 0.743], [0, 1]]
[[0.448, 13.83, 10.642, 0.754], [0.45, 14.192, 11.0, 0.794], [0, 1]]
[[0.409, 11.889, 7.333, 0.705], [0.393, 13.1, 13.0, 0.675], [1, 0]]
[[0.425, 14.074, 12.37, 0.712], [0.419, 13.333, 9.593, 0.733], [0, 1]]
[[0.447, 13.524, 9.921, 0.774], [0.439, 15.0, 11.689, 0.722], [1, 0]]
[[0.437, 13.444, 12.378, 0.704], [0.45, 12.818, 9.5, 0.76], [1, 0]]
[[0.455, 14.308, 11.662, 0.678], [0.429, 13.516, 11.984, 0.756], [1, 0]]
[[0.428, 13.059, 13.294, 0.7], [0.446, 13.545, 11.03, 0.712], [1, 0]]
[[0.428, 13.886, 12.086, 0.716], [0.423, 12.879, 13.0, 0.715], [1, 0]]
[[0.432, 13.565, 11.957, 0.752], [0.431, 14.111, 11.867, 0.742], [1, 0]]
[[0.437, 14.542, 12.0, 0.715], [0.449, 12.694, 9.898, 0.731], [0, 1]]
[[0.422, 13.133, 9.0, 0.747], [0.4, 12.812, 12.0, 0.699], [0, 1]]
[[0.447, 14.219, 10.688, 0.791], [0.439, 13.545, 10.939, 0.715], [0, 1]]
[[0.372, 10.429, 10.429, 0.642], [0.355, 13.333, 9.5, 0.55], [0, 1]]
[[0.317, 11.8, 9.6, 0.624], [0.333, 12.0, 8.0, 0.629], [1, 0]]
[[0.433, 14.417, 10.306, 0.761], [0.429, 13.514, 11.865, 0.749], [1, 0]]
[[0.451, 14.165, 9.38, 0.751], [0.449, 13.0, 11.342, 0.72], [0, 1]]
[[0.455, 14.213, 11.492, 0.676], [0.447, 14.305, 9.814, 0.713], [1, 0]]
[[0.444, 15.548, 10.774, 0.726], [0.443, 14.6, 10.6, 0.786], [0, 1]]
[[0.436, 12.0, 10.96, 0.719], [0.419, 14.0, 10.577, 0.747], [0, 1]]
[[0.419, 13.492, 11.492, 0.767], [0.453, 12.688, 9.984, 0.759], [1, 0]]
[[0.434, 13.027, 11.707, 0.739], [0.443, 13.986, 11.824, 0.745], [0, 1]]
[[0.426, 14.74, 10.8, 0.728], [0.443, 13.275, 10.961, 0.723], [1, 0]]
[[0.447, 13.723, 11.362, 0.713], [0.436, 13.822, 11.622, 0.747], [1, 0]]
[[0.43, 13.524, 11.889, 0.753], [0.447, 14.0, 12.286, 0.753], [1, 0]]
[[0.452, 14.236, 11.722, 0.683], [0.438, 14.055, 10.877, 0.771], [0, 1]]
[[0.426, 13.875, 12.094, 0.709], [0.427, 14.107, 10.143, 0.737], [0, 1]]
[[0.434, 14.282, 10.803, 0.734], [0.432, 14.296, 11.958, 0.741], [1, 0]]
[[0.412, 14.818, 11.182, 0.713], [0.462, 11.788, 8.848, 0.752], [0, 1]]
[[0.445, 13.333, 12.218, 0.715], [0.445, 15.065, 11.584, 0.716], [0, 1]]
[[0.448, 12.868, 10.842, 0.712], [0.452, 14.346, 9.846, 0.713], [1, 0]]
[[0.398, 13.636, 10.727, 0.752], [0.421, 13.455, 10.182, 0.687], [0, 1]]
[[0.431, 13.958, 8.875, 0.746], [0.414, 13.52, 9.72, 0.731], [0, 1]]
[[0.452, 14.325, 11.883, 0.686], [0.434, 14.286, 11.727, 0.744], [1, 0]]
[[0.432, 14.203, 11.014, 0.735], [0.447, 13.743, 10.635, 0.749], [1, 0]]
[[0.457, 14.553, 12.329, 0.72], [0.453, 14.065, 11.805, 0.751], [1, 0]]
[[0.435, 14.481, 11.815, 0.742], [0.446, 12.893, 10.964, 0.721], [0, 1]]
[[0.439, 13.745, 11.863, 0.737], [0.446, 12.784, 9.843, 0.761], [1, 0]]
[[0.451, 12.652, 11.303, 0.747], [0.448, 13.045, 10.788, 0.722], [0, 1]]
[[0.46, 14.566, 12.41, 0.72], [0.2, 9.0, 5.5, 0.387], [1, 0]]
[[0.457, 14.648, 12.521, 0.723], [0.449, 12.971, 10.594, 0.708], [1, 0]]
[[0.404, 13.14, 11.698, 0.764], [0.422, 14.585, 11.732, 0.742], [1, 0]]
[[0.419, 14.659, 11.39, 0.718], [0.439, 14.047, 12.302, 0.739], [0, 1]]
[[0.376, 14.556, 9.222, 0.659], [0.384, 14.75, 8.75, 0.642], [1, 0]]
[[0.255, 10.0, 7.333, 0.542], [0.184, 5.5, 8.5, 0.361], [0, 1]]
[[0.413, 15.031, 11.219, 0.719], [0.44, 13.735, 10.971, 0.714], [0, 1]]
[[0.452, 14.362, 11.532, 0.678], [0.449, 13.723, 10.553, 0.748], [0, 1]]
[[0.413, 13.373, 11.667, 0.768], [0.441, 12.857, 10.612, 0.704], [1, 0]]
[[0.458, 12.415, 9.707, 0.749], [0.436, 13.409, 12.25, 0.703], [1, 0]]
[[0.313, 12.5, 12.333, 0.727], [0.343, 12.5, 7.75, 0.573], [0, 1]]
[[0.443, 13.411, 12.482, 0.697], [0.435, 14.528, 11.66, 0.737], [0, 1]]
[[0.452, 13.457, 10.173, 0.768], [0.456, 12.841, 11.207, 0.76], [1, 0]]
[[0.447, 13.705, 10.423, 0.75], [0.444, 14.039, 11.753, 0.744], [0, 1]]
[[0.385, 14.556, 8.667, 0.663], [0.37, 11.9, 12.1, 0.64], [0, 1]]
[[0.448, 14.243, 9.557, 0.742], [0.432, 14.271, 12.0, 0.739], [0, 1]]
[[0.453, 12.676, 9.868, 0.759], [0.442, 14.303, 11.545, 0.743], [0, 1]]
[[0.452, 13.976, 9.951, 0.77], [0.421, 14.086, 12.257, 0.718], [1, 0]]
[[0.401, 13.05, 11.575, 0.755], [0.424, 13.026, 13.282, 0.725], [1, 0]]
[[0.433, 13.467, 11.76, 0.751], [0.449, 13.118, 11.197, 0.72], [1, 0]]
[[0.453, 14.024, 11.181, 0.805], [0.442, 14.036, 11.892, 0.745], [0, 1]]
[[0.43, 13.61, 11.732, 0.746], [0.427, 14.0, 11.575, 0.741], [0, 1]]
[[0.417, 12.0, 9.833, 0.677], [0.433, 14.091, 9.091, 0.726], [0, 1]]
[[0.46, 14.524, 12.345, 0.719], [0.443, 14.095, 10.917, 0.774], [1, 0]]
[[0.453, 13.611, 9.847, 0.775], [0.456, 14.139, 11.0, 0.712], [1, 0]]
[[0.446, 14.455, 9.432, 0.739], [0.439, 14.341, 10.227, 0.716], [0, 1]]
[[0.439, 13.283, 12.679, 0.696], [0.431, 14.34, 11.92, 0.741], [1, 0]]
[[0.43, 14.357, 10.071, 0.727], [0.402, 14.538, 8.923, 0.665], [0, 1]]
[[0.456, 14.543, 12.6, 0.724], [0.456, 14.362, 11.159, 0.809], [1, 0]]
[[0.357, 13.167, 9.167, 0.589], [0.345, 12.5, 11.25, 0.744], [0, 1]]
[[0.409, 13.471, 9.0, 0.712], [0.413, 13.5, 11.143, 0.718], [0, 1]]
[[0.445, 15.54, 11.24, 0.737], [0.428, 13.149, 12.702, 0.734], [1, 0]]
[[0.448, 13.667, 10.587, 0.749], [0.446, 13.303, 12.013, 0.714], [0, 1]]
[[0.435, 12.8, 10.7, 0.706], [0.44, 12.385, 11.282, 0.731], [0, 1]]
[[0.433, 13.461, 11.737, 0.752], [0.449, 12.59, 10.115, 0.76], [1, 0]]
[[0.437, 12.833, 10.595, 0.704], [0.453, 13.889, 9.8, 0.766], [0, 1]]
[[0.432, 12.945, 11.863, 0.741], [0.447, 12.861, 10.028, 0.743], [0, 1]]
[[0.428, 12.727, 9.045, 0.721], [0.438, 13.333, 10.762, 0.682], [1, 0]]
[[0.455, 14.044, 11.029, 0.712], [0.444, 12.969, 9.831, 0.737], [1, 0]]
[[0.451, 14.06, 11.583, 0.694], [0.459, 13.845, 9.714, 0.774], [0, 1]]
[[0.413, 14.167, 13.278, 0.715], [0.45, 14.667, 10.167, 0.774], [0, 1]]
[[0.449, 13.5, 11.132, 0.719], [0.445, 12.865, 9.838, 0.753], [0, 1]]
[[0.432, 14.222, 11.148, 0.759], [0.444, 13.519, 11.148, 0.723], [0, 1]]
[[0.41, 15.138, 11.483, 0.723], [0.424, 13.448, 11.0, 0.767], [0, 1]]
[[0.348, 13.714, 10.429, 0.599], [0.37, 11.429, 14.286, 0.597], [0, 1]]
[[0.453, 14.21, 11.679, 0.692], [0.442, 13.975, 10.975, 0.773], [1, 0]]
[[0.42, 13.385, 10.231, 0.744], [0.403, 13.143, 12.571, 0.704], [0, 1]]
[[0.347, 14.6, 7.0, 0.6], [0.371, 11.4, 7.8, 0.62], [0, 1]]
[[0.441, 14.013, 10.937, 0.771], [0.444, 15.0, 11.513, 0.717], [1, 0]]
[[0.427, 14.0, 12.121, 0.711], [0.439, 13.29, 11.129, 0.712], [0, 1]]
[[0.436, 13.943, 11.829, 0.755], [0.442, 13.686, 11.257, 0.718], [0, 1]]
[[0.454, 15.358, 11.164, 0.741], [0.441, 14.938, 11.609, 0.72], [1, 0]]
[[0.446, 12.921, 10.651, 0.707], [0.453, 12.738, 9.908, 0.759], [0, 1]]
[[0.446, 13.727, 11.432, 0.711], [0.446, 14.279, 11.163, 0.791], [0, 1]]
[[0.243, 6.667, 8.333, 0.572], [0.199, 8.5, 7.0, 0.296], [0, 1]]
[[0.333, 12.0, 10.6, 0.573], [0.374, 11.75, 5.0, 0.553], [1, 0]]
[[0.408, 13.364, 9.727, 0.726], [0.401, 13.667, 10.667, 0.603], [0, 1]]
[[0.451, 14.207, 9.402, 0.755], [0.237, 9.0, 4.5, 0.344], [0, 1]]
[[0.425, 13.6, 11.033, 0.76], [0.42, 12.875, 13.219, 0.714], [0, 1]]
[[0.435, 13.723, 11.894, 0.732], [0.435, 13.935, 10.543, 0.771], [0, 1]]
[[0.448, 13.764, 10.597, 0.75], [0.451, 14.425, 9.959, 0.715], [0, 1]]
[[0.452, 14.267, 11.6, 0.68], [0.445, 14.261, 11.065, 0.791], [1, 0]]
[[0.453, 13.5, 10.05, 0.768], [0.458, 14.512, 12.35, 0.718], [1, 0]]
[[0.433, 13.057, 9.571, 0.731], [0.449, 14.382, 10.559, 0.79], [0, 1]]
[[0.397, 12.818, 10.455, 0.672], [0.392, 14.5, 9.1, 0.646], [0, 1]]
[[0.448, 13.481, 9.731, 0.773], [0.445, 14.157, 9.941, 0.716], [0, 1]]
[[0.391, 13.0, 8.0, 0.518], [0.322, 11.0, 3.0, 0.492], [0, 1]]
[[0.437, 12.907, 10.791, 0.706], [0.429, 13.951, 11.585, 0.739], [0, 1]]
[[0.393, 13.909, 9.455, 0.688], [0.43, 13.917, 8.75, 0.746], [0, 1]]
[[0.462, 13.904, 9.795, 0.782], [0.457, 14.0, 11.027, 0.712], [1, 0]]
[[0.441, 12.956, 10.6, 0.707], [0.429, 14.356, 11.822, 0.733], [0, 1]]
[[0.448, 14.19, 11.833, 0.685], [0.432, 13.415, 11.78, 0.753], [0, 1]]
[[0.43, 14.3, 13.233, 0.731], [0.433, 13.321, 9.5, 0.737], [1, 0]]
[[0.443, 14.315, 11.722, 0.743], [0.435, 14.5, 11.769, 0.74], [0, 1]]
[[0.423, 13.537, 11.775, 0.77], [0.45, 13.037, 11.35, 0.721], [0, 1]]
[[0.43, 13.429, 11.829, 0.753], [0.444, 12.943, 9.6, 0.756], [1, 0]]
[[0.446, 13.708, 11.292, 0.713], [0.428, 14.372, 12.279, 0.714], [1, 0]]
[[0.455, 14.561, 12.409, 0.723], [0.45, 14.262, 10.692, 0.746], [1, 0]]
[[0.401, 12.906, 11.531, 0.756], [0.421, 15.172, 12.103, 0.745], [1, 0]]
[[0.447, 12.736, 9.887, 0.761], [0.444, 14.173, 9.885, 0.713], [0, 1]]
[[0.432, 12.889, 11.889, 0.74], [0.452, 12.644, 9.959, 0.755], [1, 0]]
[[0.448, 13.818, 10.773, 0.742], [0.445, 13.756, 11.489, 0.709], [1, 0]]
[[0.434, 13.882, 10.529, 0.724], [0.422, 13.969, 12.438, 0.711], [0, 1]]
[[0.451, 12.708, 11.185, 0.747], [0.446, 13.651, 11.508, 0.751], [1, 0]]
[[0.445, 12.898, 11.449, 0.739], [0.432, 14.422, 12.244, 0.708], [0, 1]]
[[0.429, 12.739, 9.826, 0.694], [0.418, 13.909, 11.409, 0.763], [0, 1]]
[[0.389, 12.143, 7.714, 0.687], [0.396, 13.5, 6.167, 0.645], [1, 0]]
[[0.428, 13.0, 13.242, 0.705], [0.423, 15.143, 11.893, 0.744], [0, 1]]
[[0.456, 14.574, 12.5, 0.722], [0.432, 14.323, 12.015, 0.74], [1, 0]]
[[0.431, 13.667, 10.6, 0.747], [0.402, 12.286, 11.071, 0.694], [0, 1]]
[[0.408, 14.333, 10.4, 0.713], [0.399, 12.231, 11.308, 0.698], [1, 0]]
[[0.462, 12.712, 9.673, 0.759], [0.445, 14.264, 9.792, 0.713], [1, 0]]
[[0.462, 13.143, 10.091, 0.766], [0.448, 12.818, 10.857, 0.713], [1, 0]]
[[0.448, 13.531, 11.346, 0.735], [0.448, 12.753, 10.815, 0.715], [0, 1]]
[[0.385, 15.5, 11.667, 0.679], [0.4, 13.769, 13.385, 0.637], [0, 1]]
[[0.421, 11.333, 10.6, 0.664], [0.413, 13.941, 12.824, 0.703], [0, 1]]
[[0.433, 13.864, 9.091, 0.737], [0.427, 14.333, 10.667, 0.746], [1, 0]]
[[0.41, 15.0, 11.143, 0.709], [0.433, 15.0, 12.16, 0.663], [0, 1]]
[[0.424, 11.909, 8.273, 0.72], [0.389, 14.1, 8.8, 0.686], [1, 0]]
[[0.418, 14.192, 12.538, 0.697], [0.439, 12.571, 8.75, 0.734], [0, 1]]
[[0.447, 14.121, 9.603, 0.74], [0.448, 13.931, 11.828, 0.75], [1, 0]]
[[0.42, 13.514, 11.6, 0.765], [0.44, 14.101, 11.812, 0.74], [1, 0]]
[[0.408, 15.1, 11.05, 0.709], [0.433, 15.5, 11.227, 0.713], [0, 1]]
[[0.433, 14.154, 12.59, 0.743], [0.438, 13.833, 10.361, 0.712], [0, 1]]
[[0.426, 12.95, 13.225, 0.725], [0.446, 12.9, 9.825, 0.759], [1, 0]]
[[0.448, 13.647, 11.515, 0.741], [0.419, 13.485, 11.559, 0.764], [0, 1]]
[[0.435, 14.069, 11.0, 0.76], [0.428, 13.786, 11.679, 0.731], [0, 1]]
[[0.443, 15.367, 10.733, 0.72], [0.445, 13.531, 10.344, 0.757], [0, 1]]
[[0.449, 13.529, 11.286, 0.748], [0.451, 14.329, 9.829, 0.719], [1, 0]]
[[0.389, 12.778, 10.444, 0.699], [0.392, 11.25, 9.5, 0.661], [1, 0]]
[[0.446, 13.574, 9.851, 0.776], [0.435, 13.957, 10.574, 0.769], [0, 1]]
[[0.434, 13.299, 11.483, 0.75], [0.452, 13.138, 11.195, 0.72], [1, 0]]
[[0.452, 14.611, 10.736, 0.742], [0.449, 13.0, 10.887, 0.722], [0, 1]]
[[0.43, 13.231, 10.692, 0.689], [0.419, 14.0, 10.417, 0.694], [1, 0]]
[[0.451, 15.351, 11.228, 0.748], [0.452, 14.309, 11.127, 0.795], [1, 0]]
[[0.455, 13.761, 9.717, 0.761], [0.445, 12.651, 11.442, 0.73], [1, 0]]
[[0.411, 13.652, 9.652, 0.739], [0.421, 13.318, 11.182, 0.716], [0, 1]]
[[0.445, 13.571, 9.816, 0.776], [0.449, 14.204, 10.918, 0.792], [0, 1]]
[[0.428, 13.714, 10.571, 0.678], [0.414, 13.462, 11.077, 0.641], [0, 1]]
[[0.442, 14.333, 10.133, 0.715], [0.445, 12.744, 9.488, 0.735], [0, 1]]
[[0.434, 13.75, 11.917, 0.736], [0.438, 13.312, 12.646, 0.693], [0, 1]]
[[0.436, 13.244, 11.585, 0.745], [0.45, 12.841, 10.073, 0.743], [1, 0]]
[[0.448, 13.743, 10.629, 0.749], [0.445, 12.985, 9.956, 0.736], [0, 1]]
[[0.437, 13.898, 11.034, 0.771], [0.448, 12.709, 9.836, 0.737], [0, 1]]
[[0.452, 12.754, 11.348, 0.748], [0.436, 13.971, 10.929, 0.771], [0, 1]]
[[0.455, 12.901, 11.235, 0.757], [0.46, 13.95, 11.125, 0.713], [0, 1]]
[[0.442, 13.963, 11.87, 0.74], [0.458, 13.964, 9.836, 0.771], [0, 1]]
[[0.414, 13.296, 11.741, 0.764], [0.425, 13.019, 12.491, 0.737], [1, 0]]
[[0.459, 12.0, 8.875, 0.724], [0.439, 14.074, 9.037, 0.758], [1, 0]]
[[0.403, 13.385, 9.154, 0.691], [0.391, 12.636, 13.545, 0.639], [0, 1]]
[[0.42, 13.514, 11.611, 0.766], [0.451, 14.361, 9.958, 0.715], [1, 0]]
[[0.449, 14.34, 11.78, 0.684], [0.446, 13.245, 10.898, 0.725], [1, 0]]
[[0.426, 11.667, 9.5, 0.7], [0.416, 13.25, 11.0, 0.677], [1, 0]]
[[0.461, 13.975, 11.025, 0.716], [0.444, 14.924, 11.532, 0.719], [1, 0]]
[[0.438, 13.842, 9.763, 0.767], [0.439, 13.946, 11.676, 0.759], [1, 0]]
[[0.44, 13.641, 12.438, 0.699], [0.448, 12.915, 9.966, 0.738], [0, 1]]
[[0.452, 14.167, 11.231, 0.765], [0.433, 14.282, 11.705, 0.744], [0, 1]]
[[0.419, 13.5, 7.5, 0.656], [0.365, 11.333, 14.5, 0.555], [0, 1]]
[[0.456, 11.917, 9.472, 0.749], [0.442, 13.842, 11.632, 0.762], [1, 0]]
[[0.401, 13.135, 11.73, 0.751], [0.443, 12.278, 9.333, 0.733], [1, 0]]
[[0.449, 15.676, 10.865, 0.735], [0.438, 12.361, 11.278, 0.725], [0, 1]]
[[0.459, 12.1, 8.85, 0.713], [0.418, 14.421, 9.789, 0.688], [1, 0]]
[[0.43, 14.408, 11.939, 0.737], [0.443, 14.245, 9.959, 0.715], [0, 1]]
[[0.463, 13.358, 9.914, 0.762], [0.434, 13.333, 11.531, 0.753], [1, 0]]
[[0.434, 13.31, 11.548, 0.75], [0.452, 13.095, 11.262, 0.721], [0, 1]]
[[0.446, 14.215, 9.508, 0.741], [0.444, 13.667, 10.727, 0.748], [1, 0]]
[[0.462, 12.16, 8.76, 0.728], [0.43, 14.414, 13.241, 0.731], [1, 0]]
[[0.443, 13.0, 9.955, 0.741], [0.448, 12.837, 9.558, 0.76], [1, 0]]
[[0.418, 13.431, 11.655, 0.761], [0.438, 13.966, 10.948, 0.77], [1, 0]]
[[0.455, 14.328, 11.547, 0.681], [0.445, 13.625, 10.797, 0.748], [1, 0]]
[[0.445, 14.257, 9.171, 0.744], [0.446, 12.286, 9.057, 0.732], [1, 0]]
[[0.44, 13.718, 9.795, 0.766], [0.42, 14.556, 11.806, 0.745], [1, 0]]
[[0.42, 12.867, 13.2, 0.72], [0.438, 13.333, 11.1, 0.711], [0, 1]]
[[0.425, 13.097, 9.516, 0.734], [0.436, 12.5, 11.133, 0.728], [1, 0]]
[[0.448, 14.333, 9.464, 0.741], [0.451, 13.514, 9.914, 0.773], [0, 1]]
[[0.417, 13.958, 11.167, 0.76], [0.415, 14.565, 12.13, 0.748], [0, 1]]
[[0.422, 13.071, 9.571, 0.734], [0.424, 12.448, 12.172, 0.704], [1, 0]]
[[0.434, 14.773, 12.0, 0.65], [0.431, 14.348, 13.261, 0.729], [0, 1]]
[[0.446, 14.222, 9.25, 0.746], [0.451, 13.868, 10.605, 0.742], [1, 0]]
[[0.431, 14.477, 10.723, 0.729], [0.451, 12.627, 11.299, 0.746], [1, 0]]
[[0.448, 14.463, 11.403, 0.758], [0.429, 13.569, 11.985, 0.757], [1, 0]]
[[0.448, 12.917, 9.833, 0.762], [0.431, 14.128, 11.915, 0.74], [0, 1]]
[[0.453, 12.41, 9.564, 0.75], [0.449, 14.2, 11.75, 0.681], [1, 0]]
[[0.448, 13.78, 10.805, 0.739], [0.444, 14.103, 10.872, 0.789], [0, 1]]
[[0.449, 14.282, 9.256, 0.736], [0.44, 12.5, 11.275, 0.734], [0, 1]]
[[0.421, 14.28, 12.32, 0.707], [0.42, 13.727, 10.727, 0.739], [0, 1]]
[[0.426, 14.627, 10.922, 0.725], [0.433, 14.431, 11.824, 0.743], [1, 0]]
[[0.465, 13.298, 9.917, 0.758], [0.441, 14.012, 11.869, 0.743], [1, 0]]
[[0.434, 14.436, 11.855, 0.734], [0.447, 12.75, 9.911, 0.758], [1, 0]]
[[0.452, 14.253, 11.84, 0.687], [0.451, 14.173, 11.293, 0.76], [1, 0]]
[[0.347, 12.444, 10.889, 0.755], [0.384, 14.0, 8.778, 0.687], [0, 1]]
[[0.448, 13.642, 11.463, 0.739], [0.461, 13.956, 9.809, 0.775], [0, 1]]
[[0.422, 13.45, 9.85, 0.737], [0.433, 13.45, 10.95, 0.678], [1, 0]]
[[0.423, 13.208, 13.083, 0.716], [0.426, 13.042, 9.833, 0.727], [0, 1]]
[[0.432, 13.55, 11.725, 0.755], [0.42, 14.45, 11.8, 0.747], [0, 1]]
[[0.445, 13.347, 12.093, 0.713], [0.433, 13.521, 11.822, 0.751], [0, 1]]
[[0.445, 12.902, 10.77, 0.707], [0.448, 14.311, 9.77, 0.713], [0, 1]]
[[0.432, 13.042, 10.958, 0.729], [0.433, 14.333, 13.0, 0.723], [0, 1]]
[[0.392, 14.1, 8.9, 0.687], [0.397, 12.909, 12.727, 0.684], [1, 0]]
[[0.442, 13.522, 12.164, 0.698], [0.447, 14.031, 12.246, 0.755], [0, 1]]
[[0.447, 13.477, 9.892, 0.775], [0.459, 13.896, 9.791, 0.775], [0, 1]]
[[0.247, 10.0, 6.0, 0.369], [0.451, 13.157, 11.325, 0.72], [0, 1]]
[[0.373, 7.0, 6.25, 0.633], [0.312, 10.5, 11.75, 0.532], [1, 0]]
[[0.443, 14.023, 11.886, 0.754], [0.448, 13.814, 10.837, 0.741], [0, 1]]
[[0.451, 15.167, 11.19, 0.743], [0.454, 14.012, 11.107, 0.805], [0, 1]]
[[0.397, 13.727, 8.909, 0.679], [0.399, 12.2, 10.4, 0.682], [1, 0]]
[[0.449, 13.72, 8.84, 0.748], [0.42, 13.88, 11.2, 0.764], [0, 1]]
[[0.453, 13.487, 9.987, 0.767], [0.458, 14.494, 12.286, 0.721], [0, 1]]
[[0.42, 14.286, 11.929, 0.679], [0.437, 12.357, 9.643, 0.706], [0, 1]]
[[0.45, 15.189, 11.151, 0.739], [0.438, 13.686, 11.51, 0.751], [1, 0]]
[[0.426, 13.286, 8.714, 0.747], [0.413, 12.8, 9.267, 0.714], [0, 1]]
[[0.432, 14.073, 11.024, 0.732], [0.45, 13.037, 11.329, 0.719], [0, 1]]
[[0.422, 13.045, 9.773, 0.726], [0.416, 14.45, 9.8, 0.703], [0, 1]]
[[0.413, 15.222, 11.056, 0.708], [0.422, 14.238, 10.571, 0.722], [0, 1]]
[[0.425, 13.077, 13.192, 0.715], [0.431, 14.292, 11.0, 0.758], [1, 0]]
[[0.418, 13.176, 11.294, 0.673], [0.428, 14.059, 10.647, 0.719], [1, 0]]
[[0.443, 13.714, 9.667, 0.771], [0.445, 14.171, 11.146, 0.791], [0, 1]]
[[0.402, 13.098, 11.585, 0.757], [0.445, 12.872, 9.821, 0.76], [0, 1]]
[[0.414, 13.462, 11.635, 0.766], [0.448, 13.098, 10.157, 0.741], [0, 1]]
[[0.42, 13.393, 11.525, 0.763], [0.431, 13.607, 11.77, 0.75], [1, 0]]
[[0.456, 13.893, 9.839, 0.773], [0.443, 14.429, 11.643, 0.746], [1, 0]]
[[0.446, 13.562, 9.896, 0.776], [0.449, 13.75, 10.583, 0.75], [1, 0]]
[[0.436, 12.581, 11.194, 0.728], [0.423, 12.935, 13.161, 0.718], [1, 0]]
[[0.418, 14.474, 11.526, 0.735], [0.417, 14.444, 9.889, 0.673], [0, 1]]
[[0.453, 14.0, 10.05, 0.771], [0.448, 14.1, 10.633, 0.744], [0, 1]]
[[0.445, 14.164, 9.738, 0.741], [0.42, 13.387, 11.484, 0.765], [1, 0]]
[[0.448, 12.833, 11.367, 0.744], [0.456, 14.328, 11.155, 0.803], [0, 1]]
[[0.45, 14.406, 9.826, 0.719], [0.442, 14.191, 11.662, 0.742], [1, 0]]
[[0.457, 12.744, 9.884, 0.749], [0.445, 13.234, 11.021, 0.728], [1, 0]]
[[0.45, 15.214, 11.196, 0.745], [0.444, 14.0, 11.196, 0.715], [0, 1]]
[[0.448, 13.453, 9.875, 0.775], [0.44, 14.397, 11.619, 0.743], [1, 0]]
[[0.419, 13.87, 11.217, 0.764], [0.437, 13.583, 10.75, 0.694], [1, 0]]
[[0.462, 12.13, 8.696, 0.718], [0.418, 14.083, 12.542, 0.689], [1, 0]]
[[0.415, 13.34, 11.58, 0.769], [0.442, 14.271, 10.042, 0.715], [1, 0]]
[[0.408, 13.34, 11.766, 0.769], [0.436, 13.362, 12.638, 0.697], [1, 0]]
[[0.425, 13.148, 13.185, 0.714], [0.433, 13.214, 10.964, 0.749], [1, 0]]
[[0.438, 13.3, 12.62, 0.688], [0.45, 12.851, 9.809, 0.73], [0, 1]]
[[0.447, 13.927, 10.691, 0.754], [0.44, 13.727, 11.418, 0.757], [1, 0]]
[[0.438, 13.898, 11.531, 0.748], [0.436, 14.717, 12.152, 0.707], [1, 0]]
[[0.442, 13.452, 12.5, 0.7], [0.449, 12.852, 11.361, 0.742], [0, 1]]
[[0.458, 12.792, 9.854, 0.75], [0.443, 13.906, 11.226, 0.713], [1, 0]]
[[0.429, 14.548, 10.71, 0.73], [0.43, 13.0, 12.016, 0.743], [1, 0]]
[[0.43, 13.902, 12.293, 0.723], [0.444, 13.769, 11.744, 0.765], [0, 1]]
[[0.402, 13.103, 11.769, 0.754], [0.443, 13.474, 11.132, 0.72], [0, 1]]
[[0.45, 14.45, 9.225, 0.735], [0.433, 13.59, 11.59, 0.759], [0, 1]]
[[0.463, 13.203, 9.959, 0.764], [0.462, 13.851, 9.703, 0.78], [1, 0]]
[[0.425, 13.037, 12.5, 0.738], [0.447, 12.796, 9.889, 0.76], [1, 0]]
[[0.428, 13.846, 10.077, 0.675], [0.4, 12.417, 11.333, 0.695], [1, 0]]
[[0.421, 13.5, 11.724, 0.767], [0.457, 14.053, 10.947, 0.714], [1, 0]]
[[0.401, 12.742, 11.548, 0.754], [0.432, 14.172, 10.138, 0.738], [0, 1]]
[[0.447, 15.344, 10.562, 0.728], [0.433, 14.167, 9.933, 0.742], [1, 0]]
[[0.422, 14.167, 12.083, 0.707], [0.389, 12.391, 11.609, 0.756], [0, 1]]
[[0.434, 14.448, 10.836, 0.731], [0.431, 12.912, 11.971, 0.742], [0, 1]]
[[0.445, 14.55, 10.75, 0.774], [0.427, 13.333, 11.0, 0.665], [1, 0]]
[[0.402, 15.667, 12.778, 0.606], [0.394, 11.778, 8.556, 0.677], [0, 1]]
[[0.431, 14.5, 10.5, 0.76], [0.447, 13.417, 11.083, 0.714], [0, 1]]
[[0.429, 14.0, 8.529, 0.73], [0.408, 14.067, 11.8, 0.751], [0, 1]]
[[0.436, 13.138, 10.655, 0.748], [0.435, 12.296, 11.074, 0.727], [1, 0]]
[[0.345, 14.0, 6.75, 0.539], [0.271, 7.333, 11.0, 0.535], [1, 0]]
[[0.41, 12.933, 13.133, 0.671], [0.412, 10.769, 11.154, 0.668], [1, 0]]
[[0.455, 12.912, 11.25, 0.758], [0.453, 14.139, 11.203, 0.764], [0, 1]]
[[0.444, 12.585, 11.268, 0.73], [0.435, 14.025, 10.375, 0.763], [0, 1]]
[[0.447, 13.564, 11.41, 0.738], [0.422, 13.532, 11.772, 0.77], [0, 1]]
[[0.436, 11.826, 10.522, 0.713], [0.415, 13.476, 12.238, 0.68], [0, 1]]
[[0.373, 12.75, 10.5, 0.691], [0.421, 14.3, 8.2, 0.735], [1, 0]]
[[0.451, 13.574, 9.824, 0.773], [0.45, 14.382, 9.838, 0.717], [1, 0]]
[[0.181, 5.0, 7.5, 0.421], [0.235, 6.5, 3.5, 0.441], [0, 1]]
[[0.462, 14.593, 12.256, 0.721], [0.444, 14.186, 10.872, 0.774], [0, 1]]
[[0.452, 14.066, 11.855, 0.751], [0.45, 13.32, 11.333, 0.747], [1, 0]]
[[0.371, 12.125, 14.875, 0.59], [0.382, 11.111, 9.778, 0.671], [1, 0]]
[[0.419, 14.125, 10.75, 0.738], [0.424, 13.13, 9.913, 0.726], [0, 1]]
[[0.392, 12.455, 12.636, 0.667], [0.412, 11.545, 9.182, 0.686], [0, 1]]
[[0.447, 13.686, 11.543, 0.743], [0.456, 15.357, 11.057, 0.742], [0, 1]]
[[0.447, 13.63, 10.457, 0.75], [0.449, 12.963, 11.333, 0.719], [1, 0]]
[[0.456, 14.551, 12.609, 0.723], [0.43, 13.552, 11.91, 0.759], [1, 0]]
[[0.385, 12.091, 11.545, 0.655], [0.399, 11.889, 10.667, 0.662], [0, 1]]
[[0.457, 14.627, 12.387, 0.721], [0.448, 13.096, 11.096, 0.718], [1, 0]]
[[0.451, 14.091, 8.636, 0.747], [0.433, 13.826, 9.087, 0.741], [1, 0]]
[[0.445, 13.614, 9.636, 0.773], [0.455, 13.766, 9.723, 0.765], [0, 1]]
[[0.397, 12.897, 11.621, 0.748], [0.435, 12.357, 11.143, 0.723], [1, 0]]
[[0.44, 15.069, 10.69, 0.725], [0.418, 14.259, 12.333, 0.7], [1, 0]]
[[0.463, 13.139, 9.903, 0.765], [0.432, 13.507, 11.887, 0.755], [0, 1]]
[[0.268, 12.667, 8.667, 0.418], [0.324, 11.667, 5.0, 0.486], [0, 1]]
[[0.445, 13.761, 11.435, 0.714], [0.436, 13.705, 11.682, 0.747], [0, 1]]
[[0.429, 13.762, 12.238, 0.724], [0.43, 13.6, 11.775, 0.744], [1, 0]]
[[0.453, 13.592, 9.873, 0.774], [0.447, 14.028, 12.056, 0.754], [1, 0]]
[[0.439, 12.923, 9.923, 0.741], [0.444, 13.282, 11.103, 0.724], [0, 1]]
[[0.44, 14.333, 10.625, 0.744], [0.416, 14.3, 11.9, 0.739], [1, 0]]
[[0.426, 9.167, 6.667, 0.689], [0.333, 11.75, 9.5, 0.529], [1, 0]]
[[0.432, 13.676, 11.353, 0.763], [0.43, 13.886, 11.229, 0.742], [0, 1]]
[[0.434, 14.929, 12.536, 0.674], [0.427, 14.034, 10.897, 0.756], [1, 0]]
[[0.462, 12.192, 8.769, 0.738], [0.445, 14.321, 10.786, 0.785], [1, 0]]
[[0.442, 14.308, 11.673, 0.743], [0.447, 13.943, 12.019, 0.747], [1, 0]]
[[0.412, 15.0, 10.941, 0.702], [0.416, 14.353, 9.824, 0.677], [0, 1]]
[[0.449, 12.867, 9.533, 0.76], [0.443, 13.239, 10.978, 0.731], [0, 1]]
[[0.449, 14.222, 10.611, 0.793], [0.422, 14.121, 12.394, 0.714], [1, 0]]
[[0.411, 15.107, 11.321, 0.725], [0.435, 13.133, 9.433, 0.747], [1, 0]]
[[0.432, 13.056, 13.222, 0.696], [0.431, 14.194, 12.917, 0.741], [1, 0]]
[[0.445, 14.444, 9.4, 0.741], [0.457, 12.595, 9.881, 0.749], [1, 0]]
[[0.452, 14.246, 11.667, 0.684], [0.441, 13.768, 11.429, 0.757], [1, 0]]
[[0.4, 13.8, 10.0, 0.541], [0.396, 14.2, 8.4, 0.612], [1, 0]]
[[0.43, 13.0, 12.909, 0.729], [0.427, 14.357, 12.238, 0.716], [1, 0]]
[[0.454, 15.279, 11.118, 0.742], [0.438, 13.986, 10.899, 0.768], [0, 1]]
[[0.247, 7.0, 7.5, 0.194], [0.219, 6.5, 4.5, 0.457], [0, 1]]
[[0.452, 14.047, 11.547, 0.694], [0.459, 13.767, 9.698, 0.772], [0, 1]]
[[0.44, 12.2, 9.467, 0.715], [0.422, 12.556, 11.056, 0.706], [1, 0]]
[[0.454, 13.568, 9.905, 0.773], [0.433, 13.486, 11.875, 0.752], [1, 0]]
[[0.32, 13.0, 9.2, 0.601], [0.336, 10.8, 9.2, 0.547], [1, 0]]
[[0.433, 14.365, 11.873, 0.735], [0.447, 13.609, 11.469, 0.749], [1, 0]]
[[0.442, 13.467, 12.467, 0.699], [0.447, 14.107, 9.804, 0.714], [0, 1]]
[[0.461, 13.766, 9.753, 0.778], [0.454, 14.145, 11.211, 0.811], [0, 1]]
[[0.422, 13.538, 8.385, 0.704], [0.394, 14.417, 10.25, 0.692], [0, 1]]
[[0.433, 13.294, 11.541, 0.751], [0.452, 13.106, 11.235, 0.719], [1, 0]]
[[0.444, 12.889, 11.711, 0.735], [0.426, 14.477, 11.955, 0.734], [1, 0]]
[[0.447, 13.598, 10.5, 0.75], [0.453, 14.402, 9.841, 0.719], [1, 0]]
[[0.437, 13.985, 10.846, 0.769], [0.438, 14.574, 11.77, 0.741], [0, 1]]
[[0.393, 15.286, 12.0, 0.579], [0.363, 13.429, 8.571, 0.641], [1, 0]]
[[0.454, 14.286, 11.619, 0.68], [0.45, 12.746, 11.27, 0.742], [1, 0]]
[[0.427, 14.63, 10.87, 0.73], [0.45, 14.368, 12.632, 0.715], [1, 0]]
[[0.419, 14.811, 11.189, 0.72], [0.445, 13.875, 11.725, 0.761], [0, 1]]
[[0.432, 14.4, 11.883, 0.729], [0.445, 13.689, 11.459, 0.749], [1, 0]]
[[0.453, 12.0, 9.211, 0.717], [0.438, 11.7, 10.6, 0.705], [1, 0]]
[[0.426, 14.524, 13.0, 0.72], [0.422, 12.895, 10.316, 0.725], [1, 0]]
[[0.421, 14.077, 12.346, 0.706], [0.434, 12.417, 8.833, 0.721], [0, 1]]
[[0.44, 13.073, 10.024, 0.741], [0.437, 12.756, 10.683, 0.706], [0, 1]]
[[0.42, 14.5, 10.278, 0.73], [0.422, 12.944, 10.444, 0.72], [0, 1]]
[[0.378, 12.316, 11.737, 0.746], [0.41, 14.294, 11.882, 0.746], [1, 0]]
[[0.44, 13.288, 12.692, 0.692], [0.458, 13.904, 9.538, 0.773], [1, 0]]
[[0.434, 13.231, 12.205, 0.701], [0.435, 14.2, 12.5, 0.743], [0, 1]]
[[0.387, 12.333, 6.333, 0.68], [0.348, 13.167, 8.833, 0.619], [0, 1]]
[[0.444, 12.636, 10.709, 0.706], [0.447, 12.63, 9.926, 0.735], [0, 1]]
[[0.448, 13.76, 10.74, 0.752], [0.429, 14.542, 12.0, 0.738], [1, 0]]
[[0.433, 13.722, 11.472, 0.761], [0.447, 13.875, 10.85, 0.738], [0, 1]]
[[0.44, 13.296, 12.63, 0.7], [0.446, 13.019, 11.226, 0.735], [0, 1]]
[[0.459, 14.423, 12.295, 0.72], [0.453, 15.244, 11.218, 0.746], [1, 0]]
[[0.45, 14.608, 9.627, 0.74], [0.447, 14.302, 12.604, 0.712], [1, 0]]
[[0.4, 14.538, 12.077, 0.672], [0.398, 13.667, 11.167, 0.737], [1, 0]]
[[0.425, 14.6, 10.7, 0.647], [0.422, 13.333, 8.5, 0.704], [0, 1]]
[[0.449, 12.944, 10.778, 0.712], [0.44, 14.085, 11.775, 0.742], [1, 0]]
[[0.395, 13.0, 13.615, 0.668], [0.399, 12.273, 10.818, 0.689], [1, 0]]
[[0.421, 14.789, 11.132, 0.717], [0.438, 13.628, 13.047, 0.706], [1, 0]]
[[0.432, 14.083, 9.75, 0.726], [0.432, 14.308, 9.0, 0.756], [0, 1]]
[[0.431, 13.632, 10.895, 0.722], [0.425, 12.765, 9.0, 0.71], [0, 1]]
[[0.441, 12.979, 10.574, 0.705], [0.441, 14.224, 11.653, 0.745], [1, 0]]
[[0.446, 11.778, 9.611, 0.713], [0.425, 12.579, 8.947, 0.713], [0, 1]]
[[0.449, 13.552, 9.896, 0.773], [0.456, 14.397, 11.074, 0.808], [0, 1]]
[[0.421, 12.577, 12.077, 0.706], [0.439, 13.391, 10.609, 0.69], [0, 1]]
[[0.424, 14.682, 11.182, 0.718], [0.444, 14.17, 11.723, 0.747], [0, 1]]
[[0.388, 12.364, 11.545, 0.753], [0.449, 14.273, 10.682, 0.779], [0, 1]]
[[0.405, 10.7, 10.4, 0.659], [0.395, 12.2, 9.0, 0.662], [0, 1]]
[[0.192, 9.0, 8.5, 0.4], [0.257, 11.0, 4.0, 0.345], [0, 1]]
[[0.431, 12.971, 9.5, 0.726], [0.437, 14.088, 11.529, 0.758], [0, 1]]
[[0.311, 9.0, 7.333, 0.432], [0.28, 9.333, 12.0, 0.413], [1, 0]]
[[0.432, 12.811, 10.703, 0.705], [0.443, 13.667, 11.139, 0.715], [0, 1]]
[[0.42, 13.522, 11.493, 0.765], [0.449, 12.788, 10.636, 0.705], [0, 1]]
[[0.378, 12.778, 12.222, 0.639], [0.414, 14.222, 8.0, 0.727], [0, 1]]
[[0.403, 13.214, 9.143, 0.698], [0.398, 12.643, 11.571, 0.662], [0, 1]]
[[0.26, 7.5, 3.5, 0.41], [0.233, 10.5, 3.5, 0.423], [1, 0]]
[[0.461, 12.949, 9.593, 0.763], [0.439, 14.776, 11.759, 0.72], [1, 0]]
[[0.428, 13.571, 8.143, 0.712], [0.404, 12.273, 9.182, 0.676], [1, 0]]
[[0.419, 13.383, 11.55, 0.763], [0.446, 13.367, 10.567, 0.751], [1, 0]]
[[0.425, 12.95, 11.3, 0.716], [0.422, 13.222, 9.5, 0.747], [1, 0]]
[[0.445, 12.643, 10.625, 0.705], [0.447, 12.672, 10.017, 0.758], [0, 1]]
[[0.426, 14.647, 12.118, 0.699], [0.408, 14.0, 9.4, 0.669], [1, 0]]
[[0.451, 14.047, 11.588, 0.694], [0.46, 13.776, 9.706, 0.774], [0, 1]]
[[0.453, 13.474, 9.962, 0.768], [0.451, 13.269, 11.282, 0.747], [1, 0]]
[[0.429, 14.0, 12.125, 0.723], [0.447, 14.579, 12.053, 0.682], [0, 1]]
[[0.451, 14.282, 11.859, 0.687], [0.459, 13.897, 11.038, 0.715], [0, 1]]
[[0.423, 11.5, 7.167, 0.597], [0.363, 13.5, 7.5, 0.645], [1, 0]]
[[0.44, 14.25, 9.5, 0.777], [0.392, 13.571, 13.214, 0.646], [1, 0]]
[[0.407, 13.389, 12.889, 0.684], [0.425, 12.5, 9.056, 0.709], [0, 1]]
[[0.432, 14.514, 10.371, 0.759], [0.42, 14.794, 11.824, 0.745], [0, 1]]
[[0.446, 14.091, 12.258, 0.755], [0.455, 14.364, 11.167, 0.808], [0, 1]]
[[0.443, 12.824, 10.725, 0.7], [0.443, 13.927, 11.291, 0.715], [0, 1]]
[[0.431, 13.5, 11.875, 0.749], [0.427, 12.839, 12.375, 0.739], [1, 0]]
[[0.436, 13.476, 13.071, 0.707], [0.446, 14.1, 10.975, 0.788], [0, 1]]
[[0.448, 13.345, 9.855, 0.779], [0.448, 12.912, 11.368, 0.738], [1, 0]]
[[0.429, 12.848, 9.455, 0.726], [0.429, 13.562, 11.5, 0.738], [1, 0]]
[[0.463, 13.13, 9.957, 0.766], [0.443, 13.451, 12.282, 0.707], [1, 0]]
[[0.181, 5.0, 7.5, 0.421], [0.237, 9.0, 4.5, 0.344], [1, 0]]
[[0.418, 14.75, 11.194, 0.719], [0.445, 12.895, 9.868, 0.754], [1, 0]]
[[0.456, 14.508, 12.415, 0.722], [0.439, 15.05, 11.633, 0.721], [1, 0]]
[[0.427, 15.0, 12.0, 0.59], [0.402, 13.6, 11.0, 0.614], [1, 0]]
[[0.452, 14.41, 12.59, 0.716], [0.455, 14.407, 11.136, 0.801], [1, 0]]
[[0.449, 14.519, 9.596, 0.741], [0.427, 12.962, 12.423, 0.737], [0, 1]]
[[0.235, 5.5, 4.5, 0.389], [0.247, 7.0, 7.5, 0.194], [1, 0]]
[[0.445, 13.104, 10.167, 0.739], [0.444, 13.714, 11.245, 0.711], [1, 0]]
[[0.43, 15.571, 11.5, 0.615], [0.404, 13.583, 11.167, 0.716], [0, 1]]
[[0.441, 14.0, 10.961, 0.772], [0.456, 14.857, 10.662, 0.751], [1, 0]]
[[0.412, 14.571, 10.429, 0.583], [0.369, 12.714, 11.0, 0.652], [0, 1]]
[[0.457, 14.639, 12.486, 0.72], [0.45, 14.366, 11.211, 0.763], [1, 0]]
[[0.448, 13.742, 11.613, 0.74], [0.448, 14.048, 12.145, 0.751], [1, 0]]
[[0.407, 13.261, 11.696, 0.766], [0.442, 14.043, 12.915, 0.709], [0, 1]]
[[0.42, 13.493, 11.693, 0.766], [0.454, 14.707, 10.707, 0.747], [1, 0]]
[[0.414, 14.625, 12.333, 0.75], [0.422, 13.76, 10.8, 0.739], [1, 0]]
[[0.45, 14.493, 10.612, 0.744], [0.449, 14.394, 9.727, 0.714], [0, 1]]
[[0.361, 12.375, 13.375, 0.627], [0.365, 13.5, 9.125, 0.637], [1, 0]]
[[0.448, 13.304, 11.043, 0.729], [0.417, 13.136, 13.409, 0.706], [1, 0]]
[[0.449, 12.65, 10.3, 0.756], [0.443, 14.051, 11.823, 0.746], [1, 0]]
[[0.458, 13.943, 9.585, 0.772], [0.446, 13.115, 10.865, 0.722], [1, 0]]
[[0.462, 13.197, 10.079, 0.765], [0.434, 13.169, 11.714, 0.742], [1, 0]]
[[0.41, 11.8, 8.4, 0.713], [0.393, 13.25, 10.125, 0.613], [0, 1]]
[[0.442, 13.621, 12.258, 0.696], [0.454, 14.106, 11.03, 0.713], [0, 1]]
[[0.447, 12.941, 11.275, 0.737], [0.445, 14.22, 9.98, 0.714], [1, 0]]
[[0.35, 13.1, 11.4, 0.744], [0.404, 12.75, 6.875, 0.678], [0, 1]]
[[0.453, 15.207, 11.122, 0.745], [0.455, 14.854, 10.744, 0.757], [0, 1]]
[[0.448, 13.753, 10.603, 0.748], [0.446, 13.405, 12.122, 0.713], [1, 0]]
[[0.448, 13.615, 11.431, 0.749], [0.445, 13.031, 9.875, 0.737], [1, 0]]
[[0.432, 13.132, 12.342, 0.703], [0.43, 13.833, 11.306, 0.74], [1, 0]]
[[0.449, 12.845, 11.431, 0.742], [0.443, 14.414, 11.672, 0.751], [1, 0]]
[[0.461, 12.944, 9.685, 0.763], [0.444, 12.648, 10.704, 0.703], [1, 0]]
[[0.209, 9.0, 7.0, 0.379], [0.229, 8.5, 4.5, 0.365], [0, 1]]
[[0.45, 12.734, 11.266, 0.744], [0.433, 14.339, 11.839, 0.731], [0, 1]]
[[0.456, 14.099, 11.0, 0.713], [0.45, 13.043, 10.686, 0.722], [1, 0]]
[[0.444, 13.6, 9.65, 0.77], [0.421, 14.111, 12.472, 0.719], [1, 0]]
[[0.423, 14.756, 11.111, 0.721], [0.441, 12.87, 10.609, 0.705], [0, 1]]
[[0.435, 13.3, 12.15, 0.703], [0.446, 12.41, 9.308, 0.728], [0, 1]]
[[0.433, 14.16, 11.753, 0.742], [0.459, 13.901, 11.136, 0.713], [0, 1]]
[[0.449, 13.463, 11.325, 0.735], [0.45, 12.738, 10.125, 0.742], [0, 1]]
[[0.424, 13.671, 11.694, 0.765], [0.452, 14.314, 10.058, 0.722], [0, 1]]
[[0.455, 14.243, 11.135, 0.809], [0.442, 14.972, 11.639, 0.719], [0, 1]]
[[0.455, 14.062, 11.691, 0.754], [0.444, 14.863, 11.5, 0.722], [1, 0]]
[[0.383, 15.364, 12.273, 0.67], [0.395, 14.364, 9.182, 0.639], [0, 1]]
[[0.402, 13.714, 11.929, 0.746], [0.422, 13.231, 8.769, 0.74], [0, 1]]
[[0.454, 14.303, 11.682, 0.68], [0.454, 12.697, 9.864, 0.757], [1, 0]]
[[0.446, 13.926, 12.118, 0.754], [0.443, 13.03, 9.97, 0.736], [0, 1]]
[[0.424, 12.864, 12.909, 0.698], [0.426, 12.857, 9.0, 0.718], [0, 1]]
[[0.455, 15.301, 11.027, 0.747], [0.434, 14.315, 11.945, 0.745], [0, 1]]
[[0.449, 13.618, 11.224, 0.739], [0.449, 14.195, 9.429, 0.748], [1, 0]]
[[0.382, 12.35, 11.8, 0.756], [0.422, 13.8, 11.3, 0.702], [1, 0]]
[[0.434, 15.48, 11.0, 0.711], [0.438, 12.6, 8.72, 0.723], [1, 0]]
[[0.449, 14.155, 9.333, 0.755], [0.449, 12.882, 10.035, 0.746], [0, 1]]
[[0.447, 13.534, 9.931, 0.779], [0.433, 14.544, 11.842, 0.728], [0, 1]]
[[0.463, 13.2, 9.907, 0.763], [0.448, 12.919, 9.986, 0.744], [0, 1]]
[[0.4, 13.7, 10.0, 0.71], [0.393, 14.667, 8.889, 0.65], [0, 1]]
[[0.457, 12.705, 9.795, 0.749], [0.411, 13.312, 11.688, 0.768], [0, 1]]
[[0.417, 12.765, 9.529, 0.715], [0.4, 13.5, 12.938, 0.667], [1, 0]]
[[0.419, 14.692, 11.41, 0.716], [0.444, 13.667, 11.5, 0.711], [0, 1]]
[[0.421, 13.481, 11.766, 0.768], [0.453, 14.104, 11.182, 0.811], [0, 1]]
[[0.454, 13.879, 9.897, 0.773], [0.438, 13.804, 10.821, 0.77], [0, 1]]
[[0.445, 13.825, 11.807, 0.739], [0.462, 12.909, 9.618, 0.764], [0, 1]]
[[0.449, 13.37, 9.778, 0.778], [0.448, 12.764, 9.891, 0.757], [1, 0]]
[[0.438, 13.64, 11.92, 0.736], [0.429, 13.143, 12.612, 0.734], [1, 0]]
[[0.451, 14.222, 9.407, 0.755], [0.45, 12.654, 10.259, 0.755], [1, 0]]
[[0.415, 13.0, 12.941, 0.682], [0.415, 14.438, 10.312, 0.717], [0, 1]]
[[0.448, 13.684, 10.158, 0.767], [0.439, 12.257, 11.143, 0.722], [0, 1]]
[[0.449, 13.974, 10.667, 0.739], [0.443, 13.595, 11.189, 0.717], [0, 1]]
[[0.409, 15.211, 11.105, 0.704], [0.433, 11.81, 10.571, 0.709], [1, 0]]
[[0.413, 14.794, 11.235, 0.716], [0.448, 14.286, 10.629, 0.791], [1, 0]]
[[0.45, 14.357, 11.186, 0.764], [0.441, 14.881, 11.657, 0.722], [1, 0]]
[[0.461, 13.908, 9.877, 0.771], [0.454, 14.215, 11.169, 0.806], [1, 0]]
[[0.45, 13.793, 10.345, 0.743], [0.441, 13.536, 11.179, 0.721], [0, 1]]
[[0.419, 13.423, 11.563, 0.766], [0.431, 13.507, 11.855, 0.757], [0, 1]]
[[0.378, 13.714, 7.714, 0.661], [0.353, 13.0, 8.571, 0.629], [0, 1]]
[[0.423, 14.558, 11.209, 0.716], [0.432, 13.523, 11.818, 0.755], [1, 0]]
[[0.415, 13.619, 9.619, 0.73], [0.429, 14.364, 13.091, 0.724], [0, 1]]
[[0.378, 14.9, 11.6, 0.667], [0.361, 12.077, 11.769, 0.737], [0, 1]]
[[0.455, 15.366, 11.0, 0.744], [0.461, 13.958, 9.789, 0.778], [1, 0]]
[[0.317, 11.75, 8.25, 0.572], [0.363, 11.5, 8.25, 0.546], [1, 0]]
[[0.429, 14.583, 10.683, 0.731], [0.439, 14.932, 11.661, 0.721], [0, 1]]
[[0.436, 14.793, 12.379, 0.674], [0.438, 12.483, 8.828, 0.728], [1, 0]]
[[0.423, 10.222, 8.111, 0.698], [0.377, 13.5, 12.25, 0.623], [1, 0]]
[[0.412, 14.25, 10.375, 0.597], [0.42, 14.25, 7.875, 0.707], [0, 1]]
[[0.449, 13.393, 9.804, 0.778], [0.452, 14.207, 11.672, 0.684], [0, 1]]
[[0.452, 14.417, 12.633, 0.716], [0.442, 13.828, 11.448, 0.755], [1, 0]]
[[0.423, 14.761, 11.022, 0.727], [0.427, 14.404, 12.021, 0.736], [0, 1]]
[[0.431, 13.562, 11.938, 0.751], [0.442, 14.234, 10.149, 0.713], [1, 0]]
[[0.403, 13.095, 11.643, 0.758], [0.448, 15.571, 10.833, 0.737], [1, 0]]
[[0.443, 13.814, 11.542, 0.753], [0.437, 14.632, 11.807, 0.718], [1, 0]]
[[0.457, 12.787, 9.894, 0.75], [0.447, 15.288, 11.231, 0.739], [1, 0]]
[[0.433, 14.314, 10.814, 0.735], [0.437, 14.097, 10.903, 0.772], [0, 1]]
[[0.424, 12.789, 9.474, 0.708], [0.401, 12.824, 12.059, 0.692], [0, 1]]
[[0.463, 12.789, 9.509, 0.764], [0.433, 14.5, 11.81, 0.729], [1, 0]]
[[0.431, 14.455, 10.667, 0.76], [0.443, 13.559, 11.029, 0.712], [1, 0]]
[[0.392, 12.731, 11.923, 0.749], [0.425, 13.667, 10.792, 0.737], [0, 1]]
[[0.428, 13.588, 10.529, 0.748], [0.443, 13.588, 9.824, 0.734], [0, 1]]
[[0.449, 14.329, 9.507, 0.742], [0.451, 14.405, 9.959, 0.716], [1, 0]]
[[0.431, 13.559, 11.853, 0.758], [0.449, 13.565, 11.362, 0.748], [0, 1]]
[[0.413, 14.967, 11.367, 0.72], [0.44, 14.212, 9.758, 0.757], [0, 1]]
[[0.424, 14.421, 12.526, 0.705], [0.413, 13.1, 11.65, 0.688], [0, 1]]
[[0.44, 14.275, 11.588, 0.745], [0.445, 13.8, 11.92, 0.746], [0, 1]]
[[0.409, 15.25, 11.188, 0.695], [0.445, 12.059, 9.529, 0.718], [1, 0]]
[[0.449, 13.9, 10.025, 0.771], [0.422, 14.771, 11.743, 0.749], [0, 1]]
[[0.43, 13.553, 11.711, 0.749], [0.445, 14.105, 10.789, 0.793], [0, 1]]
[[0.449, 14.27, 9.5, 0.743], [0.448, 12.836, 10.027, 0.743], [0, 1]]
[[0.459, 11.706, 9.235, 0.749], [0.401, 13.222, 11.722, 0.748], [0, 1]]
[[0.439, 14.013, 10.947, 0.769], [0.448, 13.419, 11.351, 0.747], [1, 0]]
[[0.441, 14.219, 9.688, 0.757], [0.444, 13.455, 10.455, 0.762], [0, 1]]
[[0.461, 13.782, 9.744, 0.779], [0.452, 14.316, 9.835, 0.715], [1, 0]]
[[0.459, 14.456, 12.342, 0.718], [0.46, 13.772, 9.772, 0.778], [1, 0]]
[[0.424, 13.537, 11.707, 0.771], [0.188, 10.0, 8.0, 0.228], [0, 1]]
[[0.454, 13.287, 11.162, 0.749], [0.453, 14.099, 11.037, 0.807], [0, 1]]
[[0.379, 12.333, 11.5, 0.746], [0.418, 14.588, 10.353, 0.73], [0, 1]]
[[0.445, 14.219, 9.562, 0.74], [0.431, 12.954, 12.077, 0.744], [0, 1]]
[[0.358, 12.0, 12.0, 0.632], [0.366, 12.0, 11.714, 0.657], [1, 0]]
[[0.317, 11.25, 8.75, 0.564], [0.327, 12.0, 8.5, 0.576], [0, 1]]
[[0.444, 13.329, 12.2, 0.706], [0.449, 13.044, 10.75, 0.724], [0, 1]]
[[0.439, 14.375, 12.531, 0.674], [0.431, 12.394, 10.727, 0.697], [0, 1]]
[[0.442, 13.881, 11.738, 0.756], [0.426, 12.902, 13.146, 0.728], [1, 0]]
[[0.448, 14.255, 9.527, 0.739], [0.451, 14.25, 11.75, 0.685], [0, 1]]
[[0.449, 13.647, 11.397, 0.75], [0.443, 14.254, 11.597, 0.742], [0, 1]]
[[0.439, 14.323, 9.806, 0.753], [0.428, 13.156, 13.125, 0.709], [0, 1]]
[[0.192, 9.0, 8.5, 0.348], [0.2, 9.0, 5.5, 0.387], [1, 0]]
[[0.331, 12.667, 10.0, 0.4], [0.253, 6.0, 5.0, 0.41], [0, 1]]
[[0.424, 13.889, 7.444, 0.674], [0.374, 10.625, 9.875, 0.675], [0, 1]]
[[0.433, 13.08, 10.88, 0.737], [0.423, 13.565, 11.0, 0.717], [0, 1]]
[[0.444, 13.827, 11.231, 0.712], [0.445, 12.92, 9.9, 0.759], [1, 0]]
[[0.316, 11.5, 10.75, 0.524], [0.326, 7.0, 8.0, 0.521], [0, 1]]
[[0.429, 14.027, 12.054, 0.719], [0.431, 13.606, 11.364, 0.763], [0, 1]]
[[0.454, 15.28, 11.16, 0.744], [0.451, 12.605, 10.145, 0.756], [1, 0]]
[[0.453, 15.198, 11.16, 0.746], [0.452, 14.136, 11.222, 0.766], [1, 0]]
[[0.433, 14.429, 11.946, 0.727], [0.448, 12.914, 10.828, 0.722], [1, 0]]
[[0.46, 13.938, 9.891, 0.771], [0.446, 13.661, 11.387, 0.75], [0, 1]]
[[0.422, 14.0, 11.421, 0.696], [0.404, 13.471, 12.941, 0.673], [1, 0]]
[[0.448, 13.577, 11.225, 0.747], [0.455, 14.306, 11.167, 0.808], [0, 1]]
[[0.423, 13.506, 11.728, 0.771], [0.45, 12.901, 10.16, 0.74], [0, 1]]
[[0.435, 14.091, 10.5, 0.769], [0.43, 14.047, 11.581, 0.742], [0, 1]]
[[0.28, 10.25, 11.5, 0.651], [0.282, 11.5, 9.5, 0.607], [1, 0]]
[[0.461, 12.333, 8.815, 0.736], [0.421, 12.897, 13.241, 0.721], [1, 0]]
[[0.398, 13.846, 11.846, 0.755], [0.421, 13.083, 8.333, 0.727], [1, 0]]
[[0.436, 13.341, 13.122, 0.705], [0.431, 13.462, 11.692, 0.746], [1, 0]]
[[0.453, 15.215, 11.154, 0.74], [0.449, 14.266, 10.641, 0.747], [0, 1]]
[[0.455, 13.86, 9.744, 0.769], [0.433, 14.026, 10.385, 0.761], [1, 0]]
[[0.433, 14.254, 11.985, 0.737], [0.441, 14.924, 11.576, 0.72], [1, 0]]
[[0.454, 13.603, 9.918, 0.773], [0.419, 13.486, 11.595, 0.766], [0, 1]]
[[0.427, 14.1, 10.5, 0.752], [0.422, 13.619, 11.19, 0.707], [1, 0]]
[[0.44, 14.095, 10.214, 0.706], [0.425, 14.308, 12.282, 0.72], [1, 0]]
[[0.45, 15.65, 10.825, 0.732], [0.447, 13.55, 11.475, 0.717], [0, 1]]
[[0.445, 12.062, 9.375, 0.72], [0.417, 13.412, 11.529, 0.652], [1, 0]]
[[0.45, 12.774, 11.355, 0.742], [0.452, 12.677, 9.984, 0.757], [0, 1]]
[[0.425, 14.364, 12.227, 0.712], [0.421, 12.783, 11.957, 0.701], [0, 1]]
[[0.407, 15.04, 11.0, 0.716], [0.424, 12.433, 12.3, 0.703], [0, 1]]
[[0.405, 14.462, 10.385, 0.7], [0.407, 13.091, 11.273, 0.625], [1, 0]]
[[0.34, 11.0, 11.0, 0.593], [0.341, 12.0, 11.2, 0.583], [1, 0]]
[[0.453, 14.452, 12.581, 0.717], [0.447, 14.317, 9.817, 0.715], [1, 0]]
[[0.419, 14.4, 12.067, 0.687], [0.408, 13.615, 11.077, 0.721], [0, 1]]
[[0.462, 13.8, 9.707, 0.78], [0.435, 14.36, 11.827, 0.746], [0, 1]]
[[0.429, 14.95, 11.65, 0.636], [0.434, 11.167, 10.667, 0.692], [1, 0]]
[[0.26, 7.5, 3.5, 0.41], [0.272, 4.0, 2.5, 0.406], [0, 1]]
[[0.443, 13.855, 11.873, 0.74], [0.448, 12.929, 11.339, 0.737], [1, 0]]
[[0.421, 13.375, 10.312, 0.715], [0.415, 13.125, 11.688, 0.654], [0, 1]]
[[0.45, 14.431, 12.621, 0.716], [0.429, 12.912, 12.351, 0.741], [1, 0]]
[[0.421, 12.714, 7.429, 0.636], [0.345, 11.4, 9.0, 0.597], [0, 1]]
[[0.41, 12.5, 9.571, 0.707], [0.414, 13.357, 11.571, 0.644], [0, 1]]
[[0.345, 12.0, 8.6, 0.571], [0.349, 8.0, 8.75, 0.582], [1, 0]]
[[0.447, 13.627, 9.915, 0.779], [0.449, 12.817, 10.75, 0.725], [1, 0]]
[[0.417, 14.048, 11.524, 0.756], [0.449, 13.364, 11.0, 0.727], [0, 1]]
[[0.324, 6.667, 6.0, 0.56], [0.233, 10.5, 3.5, 0.423], [0, 1]]
[[0.431, 14.274, 10.973, 0.736], [0.452, 12.595, 10.0, 0.756], [0, 1]]
[[0.421, 12.176, 11.059, 0.703], [0.419, 13.8, 10.267, 0.706], [1, 0]]
[[0.365, 12.167, 11.667, 0.611], [0.346, 12.667, 9.667, 0.644], [0, 1]]
[[0.449, 14.41, 11.949, 0.679], [0.428, 13.789, 11.711, 0.737], [1, 0]]
[[0.441, 12.351, 11.297, 0.729], [0.423, 14.118, 12.206, 0.716], [1, 0]]
[[0.435, 13.796, 11.959, 0.737], [0.448, 14.271, 10.979, 0.793], [1, 0]]
[[0.424, 15.0, 12.158, 0.701], [0.431, 13.143, 11.048, 0.726], [0, 1]]
[[0.433, 12.868, 13.263, 0.7], [0.444, 12.861, 9.833, 0.752], [1, 0]]
[[0.426, 13.571, 11.631, 0.765], [0.453, 14.318, 10.024, 0.724], [1, 0]]
[[0.433, 14.778, 12.444, 0.667], [0.422, 13.12, 13.2, 0.718], [1, 0]]
[[0.444, 14.156, 11.8, 0.756], [0.446, 14.378, 11.089, 0.791], [0, 1]]
[[0.447, 13.658, 10.456, 0.75], [0.434, 13.359, 11.577, 0.751], [1, 0]]
[[0.308, 10.667, 6.333, 0.483], [0.229, 8.5, 4.5, 0.365], [0, 1]]
[[0.431, 14.324, 12.088, 0.738], [0.455, 14.371, 11.2, 0.809], [1, 0]]
[[0.432, 14.292, 10.875, 0.734], [0.455, 14.301, 11.11, 0.809], [0, 1]]
[[0.454, 14.242, 11.565, 0.677], [0.456, 14.295, 11.213, 0.804], [0, 1]]
[[0.429, 14.161, 13.097, 0.738], [0.426, 14.033, 10.833, 0.753], [0, 1]]
[[0.425, 9.714, 6.714, 0.698], [0.372, 12.8, 7.8, 0.633], [1, 0]]
[[0.429, 15.048, 11.81, 0.644], [0.447, 14.524, 10.762, 0.776], [0, 1]]
[[0.452, 14.238, 11.787, 0.691], [0.453, 13.291, 11.215, 0.749], [1, 0]]
[[0.432, 15.381, 11.476, 0.712], [0.432, 13.087, 10.87, 0.727], [0, 1]]
[[0.413, 13.367, 11.714, 0.769], [0.431, 13.49, 11.939, 0.753], [1, 0]]
[[0.351, 13.833, 12.833, 0.587], [0.345, 13.333, 10.167, 0.633], [0, 1]]
[[0.43, 15.105, 11.632, 0.64], [0.426, 14.833, 12.278, 0.691], [0, 1]]
[[0.454, 14.217, 11.681, 0.682], [0.448, 14.324, 11.338, 0.762], [1, 0]]
[[0.415, 12.952, 11.524, 0.693], [0.422, 14.632, 10.526, 0.727], [0, 1]]
[[0.417, 13.111, 11.278, 0.683], [0.413, 14.067, 11.133, 0.723], [0, 1]]
[[0.446, 15.392, 11.294, 0.736], [0.437, 13.898, 10.653, 0.769], [1, 0]]
[[0.438, 13.314, 12.647, 0.689], [0.446, 13.24, 10.98, 0.726], [0, 1]]
[[0.432, 12.8, 12.457, 0.705], [0.44, 14.094, 11.344, 0.757], [1, 0]]
[[0.432, 12.562, 10.625, 0.697], [0.428, 13.533, 11.533, 0.735], [0, 1]]
[[0.448, 12.709, 10.797, 0.717], [0.452, 14.325, 9.863, 0.718], [0, 1]]
[[0.433, 13.341, 11.573, 0.751], [0.452, 12.671, 10.232, 0.755], [1, 0]]
[[0.365, 12.25, 6.25, 0.577], [0.276, 9.0, 9.667, 0.448], [1, 0]]
[[0.451, 15.35, 11.267, 0.741], [0.436, 14.526, 11.86, 0.741], [0, 1]]
[[0.453, 14.492, 12.603, 0.719], [0.446, 14.635, 11.667, 0.754], [1, 0]]
[[0.448, 14.434, 9.566, 0.743], [0.432, 13.434, 11.906, 0.756], [1, 0]]
[[0.439, 14.31, 9.31, 0.757], [0.44, 13.233, 10.567, 0.75], [0, 1]]
[[0.422, 14.438, 11.75, 0.683], [0.433, 13.75, 10.5, 0.717], [0, 1]]
[[0.433, 13.703, 11.568, 0.761], [0.433, 13.895, 10.263, 0.712], [1, 0]]
[[0.414, 10.5, 10.833, 0.673], [0.436, 13.571, 10.357, 0.699], [0, 1]]
[[0.222, 8.0, 5.0, 0.385], [0.189, 9.0, 6.0, 0.413], [1, 0]]
[[0.452, 14.377, 9.896, 0.714], [0.449, 12.947, 9.947, 0.74], [0, 1]]
[[0.41, 15.6, 12.7, 0.592], [0.405, 12.727, 11.636, 0.677], [1, 0]]
[[0.447, 13.717, 11.767, 0.739], [0.45, 14.323, 11.113, 0.712], [0, 1]]
[[0.463, 12.393, 8.857, 0.736], [0.428, 12.576, 12.333, 0.7], [0, 1]]
[[0.397, 12.25, 7.75, 0.698], [0.394, 13.0, 8.875, 0.703], [1, 0]]
[[0.46, 13.939, 9.848, 0.773], [0.44, 15.016, 11.677, 0.717], [0, 1]]
[[0.434, 14.0, 8.375, 0.719], [0.414, 12.938, 9.312, 0.718], [0, 1]]
[[0.46, 13.795, 9.759, 0.775], [0.184, 5.5, 8.5, 0.361], [0, 1]]
[[0.45, 15.109, 11.164, 0.743], [0.437, 13.925, 10.774, 0.769], [1, 0]]
[[0.443, 13.458, 12.208, 0.71], [0.432, 12.929, 11.929, 0.741], [1, 0]]
[[0.433, 14.154, 11.269, 0.761], [0.422, 13.926, 10.704, 0.752], [1, 0]]
[[0.434, 13.192, 11.731, 0.742], [0.449, 13.052, 11.195, 0.72], [0, 1]]
[[0.405, 13.067, 9.0, 0.704], [0.421, 12.067, 10.333, 0.701], [0, 1]]
[[0.448, 13.573, 11.329, 0.733], [0.463, 13.256, 9.951, 0.761], [0, 1]]
[[0.403, 14.6, 10.6, 0.521], [0.315, 11.25, 8.75, 0.536], [1, 0]]
[[0.44, 14.303, 12.455, 0.675], [0.445, 13.6, 11.143, 0.714], [0, 1]]
[[0.462, 13.816, 9.737, 0.778], [0.45, 12.61, 10.13, 0.757], [1, 0]]
[[0.403, 13.136, 11.659, 0.765], [0.434, 13.674, 11.605, 0.747], [0, 1]]
[[0.447, 13.714, 10.536, 0.75], [0.425, 13.538, 11.346, 0.725], [0, 1]]
[[0.371, 11.667, 13.556, 0.648], [0.387, 12.667, 10.667, 0.66], [0, 1]]
[[0.444, 14.167, 12.833, 0.71], [0.444, 15.571, 11.184, 0.736], [1, 0]]
[[0.432, 13.045, 10.864, 0.725], [0.415, 13.1, 13.2, 0.7], [1, 0]]
[[0.437, 12.921, 9.842, 0.739], [0.43, 13.865, 11.459, 0.741], [0, 1]]
[[0.459, 14.549, 12.378, 0.719], [0.442, 14.11, 11.878, 0.744], [1, 0]]
[[0.449, 14.187, 9.427, 0.745], [0.444, 14.919, 11.486, 0.718], [0, 1]]
[[0.441, 14.3, 11.52, 0.745], [0.45, 12.804, 9.717, 0.728], [0, 1]]
[[0.448, 12.882, 10.588, 0.707], [0.456, 14.086, 10.986, 0.712], [0, 1]]
[[0.439, 13.615, 11.615, 0.748], [0.447, 12.808, 9.75, 0.762], [0, 1]]
[[0.392, 12.44, 11.68, 0.747], [0.423, 12.593, 11.815, 0.706], [1, 0]]
[[0.448, 13.623, 11.325, 0.739], [0.448, 12.608, 10.203, 0.76], [1, 0]]
[[0.432, 12.769, 10.59, 0.705], [0.448, 15.641, 10.846, 0.729], [1, 0]]
[[0.382, 12.75, 11.5, 0.658], [0.368, 12.375, 10.875, 0.666], [1, 0]]
[[0.45, 14.48, 9.52, 0.743], [0.448, 14.294, 11.804, 0.682], [1, 0]]
[[0.414, 14.857, 11.257, 0.716], [0.436, 13.892, 10.243, 0.71], [1, 0]]
[[0.423, 14.787, 11.043, 0.721], [0.459, 14.02, 9.5, 0.77], [0, 1]]
[[0.423, 14.143, 8.571, 0.655], [0.357, 11.167, 11.667, 0.63], [1, 0]]
[[0.463, 13.07, 9.873, 0.765], [0.452, 12.681, 9.944, 0.756], [1, 0]]
[[0.465, 13.407, 9.837, 0.755], [0.442, 14.07, 11.872, 0.742], [1, 0]]
[[0.433, 14.328, 11.891, 0.738], [0.455, 14.075, 11.015, 0.714], [1, 0]]
[[0.454, 14.037, 11.585, 0.754], [0.445, 14.951, 11.317, 0.724], [1, 0]]
[[0.446, 13.46, 9.84, 0.774], [0.438, 13.74, 11.44, 0.751], [1, 0]]
[[0.453, 14.209, 11.687, 0.681], [0.448, 14.308, 9.754, 0.712], [0, 1]]
[[0.382, 14.3, 9.4, 0.673], [0.395, 11.5, 10.5, 0.673], [1, 0]]
[[0.399, 12.833, 11.567, 0.75], [0.45, 13.806, 10.355, 0.745], [1, 0]]
[[0.436, 13.333, 12.238, 0.703], [0.447, 12.905, 9.619, 0.76], [1, 0]]
[[0.462, 14.69, 12.253, 0.721], [0.446, 14.207, 10.828, 0.773], [0, 1]]
[[0.454, 15.237, 11.184, 0.746], [0.451, 14.237, 11.303, 0.762], [1, 0]]
[[0.413, 12.875, 13.125, 0.675], [0.412, 13.625, 12.875, 0.697], [0, 1]]
[[0.447, 12.744, 10.821, 0.714], [0.449, 13.013, 11.359, 0.719], [0, 1]]
[[0.453, 14.373, 9.904, 0.722], [0.449, 12.831, 10.145, 0.743], [0, 1]]
[[0.448, 14.468, 9.34, 0.74], [0.448, 12.83, 9.617, 0.768], [1, 0]]
[[0.454, 14.0, 8.815, 0.742], [0.421, 13.769, 10.846, 0.744], [0, 1]]
[[0.449, 14.255, 12.725, 0.71], [0.431, 13.5, 12.02, 0.752], [1, 0]]
[[0.458, 14.0, 9.921, 0.77], [0.43, 13.516, 11.806, 0.754], [1, 0]]
[[0.462, 14.553, 12.271, 0.72], [0.443, 14.106, 10.859, 0.774], [0, 1]]
[[0.448, 14.27, 9.216, 0.747], [0.448, 15.632, 10.895, 0.727], [1, 0]]
[[0.448, 12.812, 10.625, 0.706], [0.447, 13.046, 10.785, 0.72], [1, 0]]
[[0.447, 14.606, 11.47, 0.757], [0.439, 14.484, 11.758, 0.741], [0, 1]]
[[0.463, 12.68, 9.86, 0.755], [0.441, 13.623, 11.472, 0.751], [1, 0]]
[[0.387, 11.625, 10.25, 0.635], [0.369, 11.0, 8.5, 0.619], [0, 1]]
[[0.418, 14.75, 11.667, 0.671], [0.398, 12.846, 9.077, 0.714], [1, 0]]
[[0.4, 11.3, 8.7, 0.675], [0.379, 10.857, 9.143, 0.639], [0, 1]]
[[0.444, 15.468, 11.149, 0.74], [0.442, 13.089, 10.956, 0.729], [1, 0]]
[[0.422, 15.0, 11.839, 0.74], [0.428, 13.576, 11.636, 0.746], [0, 1]]
[[0.447, 13.697, 11.5, 0.74], [0.448, 13.515, 9.864, 0.773], [0, 1]]
[[0.442, 13.981, 11.887, 0.738], [0.439, 14.74, 11.9, 0.711], [0, 1]]
[[0.448, 12.744, 10.841, 0.716], [0.448, 13.427, 12.207, 0.717], [0, 1]]
[[0.448, 14.051, 10.644, 0.745], [0.438, 14.8, 11.873, 0.715], [1, 0]]
[[0.426, 14.673, 10.981, 0.724], [0.441, 13.364, 12.491, 0.699], [0, 1]]
[[0.415, 14.0, 11.0, 0.625], [0.383, 13.286, 9.857, 0.586], [0, 1]]
[[0.439, 13.841, 13.205, 0.705], [0.446, 14.381, 11.143, 0.792], [1, 0]]
[[0.44, 14.412, 12.471, 0.676], [0.432, 12.919, 13.324, 0.695], [0, 1]]
[[0.434, 14.034, 11.598, 0.744], [0.459, 13.713, 11.184, 0.717], [1, 0]]
[[0.403, 14.167, 10.167, 0.554], [0.367, 12.667, 7.833, 0.647], [0, 1]]
[[0.433, 15.389, 11.111, 0.632], [0.421, 13.235, 10.412, 0.71], [0, 1]]
[[0.454, 14.173, 11.24, 0.81], [0.442, 14.041, 11.795, 0.743], [1, 0]]
[[0.45, 15.176, 11.271, 0.744], [0.454, 13.988, 11.094, 0.805], [0, 1]]
[[0.446, 14.078, 12.266, 0.753], [0.449, 12.951, 9.885, 0.741], [0, 1]]
[[0.444, 14.677, 11.645, 0.756], [0.426, 12.95, 12.05, 0.741], [1, 0]]
[[0.45, 12.804, 9.5, 0.762], [0.448, 12.659, 9.5, 0.732], [0, 1]]
[[0.446, 12.86, 11.4, 0.737], [0.448, 13.804, 10.745, 0.755], [1, 0]]
[[0.446, 13.759, 11.828, 0.74], [0.43, 13.586, 11.931, 0.749], [1, 0]]
[[0.448, 13.846, 10.75, 0.754], [0.452, 14.039, 10.882, 0.79], [0, 1]]
[[0.437, 11.421, 10.684, 0.694], [0.417, 14.5, 11.389, 0.736], [0, 1]]
[[0.432, 14.492, 11.814, 0.731], [0.452, 12.705, 9.967, 0.757], [1, 0]]
[[0.401, 12.857, 13.429, 0.661], [0.407, 14.429, 10.214, 0.705], [1, 0]]
[[0.45, 14.342, 11.205, 0.765], [0.438, 14.068, 10.946, 0.769], [1, 0]]
[[0.434, 13.272, 11.679, 0.743], [0.442, 14.074, 11.802, 0.744], [1, 0]]
[[0.444, 14.04, 11.84, 0.744], [0.444, 14.973, 11.6, 0.717], [0, 1]]
[[0.422, 12.737, 11.158, 0.708], [0.409, 14.375, 11.562, 0.732], [1, 0]]
[[0.448, 13.456, 11.329, 0.737], [0.446, 13.312, 12.175, 0.716], [0, 1]]
[[0.374, 12.118, 11.706, 0.743], [0.431, 13.375, 10.562, 0.746], [1, 0]]
[[0.442, 13.902, 11.78, 0.757], [0.422, 14.436, 11.718, 0.746], [0, 1]]
[[0.461, 13.017, 9.683, 0.764], [0.452, 12.698, 9.937, 0.759], [1, 0]]
[[0.453, 15.208, 11.221, 0.747], [0.451, 13.286, 11.26, 0.747], [1, 0]]
[[0.433, 14.048, 11.702, 0.743], [0.461, 13.833, 11.214, 0.715], [0, 1]]
[[0.449, 14.333, 11.29, 0.763], [0.455, 14.087, 11.029, 0.712], [1, 0]]
[[0.447, 12.927, 11.345, 0.734], [0.432, 13.463, 11.889, 0.754], [0, 1]]
[[0.443, 14.439, 11.684, 0.747], [0.447, 14.111, 9.796, 0.711], [0, 1]]
[[0.45, 14.2, 11.067, 0.713], [0.429, 12.966, 12.259, 0.743], [1, 0]]
[[0.448, 13.441, 10.265, 0.761], [0.437, 13.375, 11.094, 0.713], [1, 0]]
[[0.433, 14.269, 13.269, 0.726], [0.416, 14.409, 11.864, 0.749], [0, 1]]
[[0.45, 13.5, 10.375, 0.741], [0.421, 14.107, 12.286, 0.697], [0, 1]]
[[0.414, 13.667, 9.542, 0.733], [0.438, 13.5, 10.636, 0.685], [0, 1]]
[[0.45, 13.983, 11.9, 0.75], [0.427, 12.949, 12.186, 0.74], [1, 0]]
[[0.431, 14.04, 9.2, 0.749], [0.418, 13.727, 12.182, 0.687], [0, 1]]
[[0.431, 13.629, 11.543, 0.761], [0.447, 12.432, 9.243, 0.733], [1, 0]]
[[0.463, 13.048, 9.667, 0.763], [0.448, 14.344, 9.766, 0.713], [1, 0]]
[[0.427, 12.333, 8.167, 0.726], [0.399, 12.417, 11.167, 0.668], [0, 1]]
[[0.448, 14.31, 9.521, 0.743], [0.446, 12.886, 10.043, 0.739], [0, 1]]
[[0.428, 13.24, 12.88, 0.709], [0.416, 14.381, 12.095, 0.747], [1, 0]]
[[0.392, 15.167, 11.333, 0.55], [0.366, 11.167, 11.333, 0.645], [0, 1]]
[[0.405, 15.6, 11.4, 0.691], [0.421, 12.5, 8.875, 0.711], [0, 1]]
[[0.433, 14.057, 12.886, 0.741], [0.451, 13.657, 10.314, 0.742], [1, 0]]
[[0.461, 12.138, 9.034, 0.743], [0.424, 14.069, 11.034, 0.749], [0, 1]]
[[0.394, 12.25, 8.25, 0.682], [0.387, 12.571, 10.857, 0.655], [1, 0]]
[[0.413, 13.5, 8.722, 0.722], [0.431, 14.0, 10.611, 0.717], [1, 0]]
[[0.462, 13.049, 9.689, 0.764], [0.446, 12.935, 10.694, 0.709], [1, 0]]
[[0.449, 14.0, 8.652, 0.748], [0.435, 15.565, 11.043, 0.714], [0, 1]]
[[0.397, 12.815, 11.704, 0.748], [0.43, 14.25, 13.321, 0.727], [1, 0]]
[[0.385, 13.222, 11.667, 0.644], [0.372, 10.429, 9.714, 0.615], [1, 0]]
[[0.331, 12.571, 12.143, 0.749], [0.373, 11.0, 9.833, 0.644], [0, 1]]
[[0.454, 14.357, 11.071, 0.798], [0.439, 14.642, 11.83, 0.715], [1, 0]]
[[0.235, 5.5, 4.5, 0.389], [0.237, 7.5, 5.0, 0.327], [1, 0]]
[[0.445, 13.635, 10.746, 0.748], [0.449, 14.258, 10.516, 0.748], [1, 0]]
[[0.449, 13.847, 11.763, 0.751], [0.447, 14.088, 9.895, 0.712], [0, 1]]
[[0.447, 14.167, 9.633, 0.74], [0.446, 12.883, 10.7, 0.706], [1, 0]]
[[0.424, 13.893, 12.393, 0.71], [0.455, 13.731, 8.577, 0.747], [0, 1]]
[[0.46, 12.755, 9.857, 0.753], [0.449, 14.208, 11.604, 0.684], [1, 0]]
[[0.42, 14.273, 10.636, 0.725], [0.417, 13.238, 13.238, 0.708], [1, 0]]
[[0.454, 12.211, 9.605, 0.752], [0.434, 14.158, 10.474, 0.759], [1, 0]]
[[0.427, 14.326, 12.022, 0.734], [0.448, 14.298, 10.915, 0.792], [0, 1]]
[[0.451, 14.306, 11.612, 0.681], [0.439, 13.327, 12.531, 0.692], [1, 0]]
[[0.432, 14.089, 10.937, 0.733], [0.451, 12.795, 10.026, 0.742], [0, 1]]
[[0.429, 14.6, 10.836, 0.732], [0.45, 15.322, 11.305, 0.741], [1, 0]]
[[0.447, 14.169, 9.475, 0.739], [0.436, 13.85, 11.067, 0.771], [1, 0]]
[[0.432, 13.465, 11.93, 0.751], [0.435, 14.14, 10.233, 0.77], [1, 0]]
[[0.437, 14.167, 11.233, 0.755], [0.439, 12.387, 8.903, 0.729], [1, 0]]
[[0.441, 13.54, 12.508, 0.7], [0.456, 14.032, 10.0, 0.771], [0, 1]]
[[0.41, 13.25, 9.125, 0.707], [0.417, 14.467, 12.0, 0.693], [0, 1]]
[[0.443, 15.458, 11.208, 0.737], [0.443, 13.913, 12.283, 0.745], [1, 0]]
[[0.176, 7.5, 7.0, 0.405], [0.188, 10.0, 8.0, 0.228], [0, 1]]
[[0.45, 14.197, 9.355, 0.747], [0.445, 13.325, 12.182, 0.714], [1, 0]]
[[0.427, 13.355, 10.968, 0.76], [0.442, 13.03, 9.636, 0.751], [1, 0]]
[[0.444, 13.673, 12.061, 0.745], [0.437, 13.938, 11.562, 0.747], [0, 1]]
[[0.446, 13.403, 10.742, 0.752], [0.438, 13.935, 10.984, 0.772], [0, 1]]
[[0.432, 14.147, 11.0, 0.734], [0.433, 13.432, 11.824, 0.75], [1, 0]]
