[[0.396, 10.125, 12.625, 0.617], [0.409, 12.0, 11.0, 0.672], [1, 0]]
[[0.451, 13.739, 10.101, 0.727], [0.44, 12.868, 10.824, 0.731], [1, 0]]
[[0.449, 13.886, 10.19, 0.766], [0.444, 13.152, 10.443, 0.725], [1, 0]]
[[0.442, 12.456, 10.608, 0.746], [0.438, 13.949, 11.595, 0.73], [0, 1]]
[[0.449, 11.875, 11.438, 0.733], [0.459, 12.458, 9.312, 0.741], [1, 0]]
[[0.448, 12.119, 11.548, 0.73], [0.45, 13.674, 10.326, 0.737], [0, 1]]
[[0.191, 5.5, 7.5, 0.283], [0.234, 8.5, 7.0, 0.34], [0, 1]]
[[0.355, 12.833, 8.667, 0.687], [0.379, 13.5, 8.0, 0.632], [0, 1]]
[[0.432, 13.258, 11.613, 0.701], [0.459, 12.613, 9.968, 0.725], [1, 0]]
[[0.244, 10.0, 4.5, 0.385], [0.279, 6.0, 4.5, 0.326], [0, 1]]
[[0.417, 17.242, 10.694, 0.686], [0.427, 13.323, 11.887, 0.742], [0, 1]]
[[0.441, 15.169, 11.494, 0.707], [0.26, 9.0, 4.0, 0.357], [1, 0]]
[[0.428, 12.467, 10.867, 0.702], [0.405, 12.429, 9.643, 0.681], [0, 1]]
[[0.451, 13.887, 10.129, 0.733], [0.433, 11.984, 11.726, 0.753], [0, 1]]
[[0.428, 13.208, 10.958, 0.71], [0.432, 14.0, 10.48, 0.741], [1, 0]]
[[0.452, 13.576, 10.333, 0.747], [0.45, 12.968, 10.097, 0.742], [0, 1]]
[[0.44, 12.571, 10.643, 0.743], [0.434, 13.722, 12.153, 0.745], [0, 1]]
[[0.434, 11.918, 11.754, 0.753], [0.454, 12.41, 9.623, 0.722], [0, 1]]
[[0.411, 15.08, 12.16, 0.674], [0.418, 13.5, 11.692, 0.711], [1, 0]]
[[0.424, 10.947, 9.227, 0.755], [0.434, 12.855, 12.105, 0.734], [1, 0]]
[[0.444, 13.662, 10.676, 0.76], [0.438, 12.681, 10.783, 0.782], [1, 0]]
[[0.43, 13.393, 9.714, 0.726], [0.417, 13.967, 11.5, 0.716], [1, 0]]
[[0.45, 13.671, 10.071, 0.729], [0.455, 12.775, 9.535, 0.717], [0, 1]]
[[0.445, 14.844, 11.938, 0.722], [0.448, 12.971, 10.382, 0.737], [0, 1]]
[[0.437, 13.488, 11.951, 0.737], [0.444, 12.524, 10.634, 0.783], [1, 0]]
[[0.419, 16.617, 10.988, 0.689], [0.434, 11.802, 11.679, 0.756], [0, 1]]
[[0.441, 13.479, 11.375, 0.767], [0.448, 13.4, 10.32, 0.73], [1, 0]]
[[0.436, 12.6, 10.9, 0.699], [0.416, 13.75, 9.083, 0.748], [0, 1]]
[[0.451, 12.118, 11.5, 0.717], [0.422, 15.03, 11.576, 0.698], [1, 0]]
[[0.408, 12.375, 11.0, 0.658], [0.389, 12.111, 8.444, 0.71], [0, 1]]
[[0.287, 10.667, 7.0, 0.535], [0.286, 6.667, 7.667, 0.556], [1, 0]]
[[0.433, 12.825, 9.86, 0.756], [0.445, 14.315, 11.574, 0.767], [1, 0]]
[[0.438, 16.254, 11.06, 0.739], [0.445, 13.448, 10.642, 0.755], [0, 1]]
[[0.433, 13.745, 11.894, 0.709], [0.456, 12.681, 11.043, 0.717], [0, 1]]
[[0.436, 12.725, 10.75, 0.726], [0.452, 13.462, 8.718, 0.711], [0, 1]]
[[0.442, 13.353, 8.912, 0.705], [0.437, 10.625, 9.125, 0.714], [1, 0]]
[[0.446, 12.706, 10.471, 0.743], [0.425, 13.886, 11.686, 0.719], [0, 1]]
[[0.428, 10.977, 8.864, 0.733], [0.448, 13.721, 8.86, 0.718], [1, 0]]
[[0.424, 13.0, 6.889, 0.678], [0.403, 17.778, 9.778, 0.71], [0, 1]]
[[0.439, 13.241, 10.81, 0.73], [0.45, 14.063, 10.557, 0.736], [1, 0]]
[[0.454, 12.589, 11.411, 0.739], [0.448, 14.11, 10.562, 0.745], [1, 0]]
[[0.379, 16.833, 9.75, 0.606], [0.432, 12.818, 10.727, 0.7], [0, 1]]
[[0.422, 10.988, 9.346, 0.755], [0.437, 12.914, 12.086, 0.735], [0, 1]]
[[0.453, 12.597, 11.403, 0.741], [0.437, 15.111, 11.542, 0.714], [0, 1]]
[[0.435, 13.444, 8.556, 0.68], [0.413, 15.067, 10.8, 0.728], [0, 1]]
[[0.447, 13.284, 9.806, 0.763], [0.441, 13.412, 10.515, 0.732], [0, 1]]
[[0.433, 16.25, 11.5, 0.728], [0.433, 13.644, 11.756, 0.708], [1, 0]]
[[0.413, 14.0, 11.273, 0.685], [0.439, 12.857, 9.857, 0.69], [1, 0]]
[[0.429, 14.167, 11.476, 0.722], [0.444, 14.325, 11.55, 0.759], [0, 1]]
[[0.426, 13.021, 10.062, 0.754], [0.457, 13.043, 10.761, 0.733], [0, 1]]
[[0.342, 10.0, 8.75, 0.558], [0.303, 12.0, 4.667, 0.563], [0, 1]]
[[0.453, 13.896, 9.375, 0.716], [0.425, 13.085, 10.106, 0.754], [0, 1]]
[[0.456, 13.885, 9.25, 0.72], [0.421, 13.49, 11.469, 0.728], [0, 1]]
[[0.455, 12.857, 10.69, 0.712], [0.457, 12.634, 8.854, 0.737], [1, 0]]
[[0.444, 12.588, 8.529, 0.686], [0.435, 13.211, 10.053, 0.704], [1, 0]]
[[0.243, 5.0, 4.5, 0.421], [0.177, 5.5, 5.5, 0.398], [0, 1]]
[[0.452, 13.345, 9.857, 0.767], [0.453, 12.869, 9.631, 0.717], [0, 1]]
[[0.427, 14.026, 11.632, 0.724], [0.449, 13.054, 10.297, 0.738], [1, 0]]
[[0.435, 13.122, 10.837, 0.735], [0.446, 13.367, 10.306, 0.729], [0, 1]]
[[0.444, 13.375, 9.25, 0.747], [0.458, 12.781, 10.0, 0.723], [1, 0]]
[[0.44, 15.6, 11.6, 0.695], [0.442, 10.633, 9.067, 0.711], [0, 1]]
[[0.46, 13.0, 10.75, 0.736], [0.457, 12.442, 9.365, 0.731], [1, 0]]
[[0.381, 12.5, 10.833, 0.621], [0.354, 9.8, 7.6, 0.599], [0, 1]]
[[0.426, 11.203, 9.281, 0.748], [0.446, 13.75, 10.641, 0.747], [0, 1]]
[[0.383, 13.0, 9.875, 0.732], [0.383, 14.0, 9.0, 0.636], [0, 1]]
[[0.454, 12.449, 11.5, 0.739], [0.447, 13.962, 11.203, 0.762], [1, 0]]
[[0.448, 12.205, 11.455, 0.731], [0.451, 14.326, 11.465, 0.732], [1, 0]]
[[0.434, 11.6, 8.4, 0.723], [0.373, 17.0, 10.222, 0.591], [1, 0]]
[[0.452, 13.829, 9.25, 0.728], [0.454, 13.052, 11.156, 0.724], [0, 1]]
[[0.423, 12.111, 8.389, 0.724], [0.407, 16.278, 9.611, 0.661], [1, 0]]
[[0.442, 16.427, 10.951, 0.741], [0.42, 16.634, 11.0, 0.688], [1, 0]]
[[0.418, 17.1, 10.643, 0.686], [0.44, 13.5, 10.486, 0.735], [1, 0]]
[[0.234, 8.5, 7.0, 0.34], [0.446, 13.711, 10.663, 0.766], [0, 1]]
[[0.425, 11.185, 9.2, 0.748], [0.432, 11.809, 11.735, 0.753], [1, 0]]
[[0.449, 13.506, 11.153, 0.747], [0.441, 15.094, 11.471, 0.708], [0, 1]]
[[0.435, 13.154, 8.885, 0.691], [0.446, 13.696, 8.913, 0.735], [0, 1]]
[[0.448, 13.222, 10.778, 0.74], [0.435, 13.038, 10.712, 0.781], [1, 0]]
[[0.451, 13.714, 8.595, 0.719], [0.424, 13.69, 11.571, 0.723], [0, 1]]
[[0.424, 13.109, 10.261, 0.754], [0.449, 13.773, 8.75, 0.721], [0, 1]]
[[0.422, 11.069, 9.153, 0.755], [0.447, 13.649, 10.162, 0.725], [0, 1]]
[[0.417, 17.254, 10.714, 0.686], [0.437, 12.694, 10.742, 0.734], [0, 1]]
[[0.459, 13.074, 10.741, 0.735], [0.453, 13.691, 10.0, 0.73], [1, 0]]
[[0.442, 13.102, 9.796, 0.752], [0.457, 12.551, 9.204, 0.739], [0, 1]]
[[0.436, 13.429, 10.381, 0.708], [0.444, 12.944, 10.0, 0.724], [0, 1]]
[[0.41, 10.846, 9.462, 0.696], [0.403, 12.154, 11.154, 0.732], [0, 1]]
[[0.409, 16.35, 9.5, 0.675], [0.393, 13.25, 11.65, 0.681], [0, 1]]
[[0.447, 13.667, 8.867, 0.723], [0.434, 11.894, 11.447, 0.771], [1, 0]]
[[0.413, 17.276, 9.759, 0.678], [0.432, 13.125, 10.594, 0.769], [0, 1]]
[[0.347, 6.333, 7.333, 0.542], [0.318, 11.333, 7.667, 0.534], [1, 0]]
[[0.406, 14.923, 12.0, 0.656], [0.427, 13.333, 7.833, 0.721], [1, 0]]
[[0.407, 11.846, 11.077, 0.688], [0.417, 11.692, 9.077, 0.735], [0, 1]]
[[0.442, 13.553, 9.421, 0.752], [0.456, 14.053, 10.053, 0.704], [1, 0]]
[[0.438, 12.635, 10.797, 0.744], [0.418, 16.855, 10.908, 0.687], [1, 0]]
[[0.446, 13.2, 10.55, 0.725], [0.41, 12.105, 10.947, 0.718], [1, 0]]
[[0.446, 13.646, 9.438, 0.757], [0.436, 12.896, 10.438, 0.784], [1, 0]]
[[0.457, 12.726, 10.548, 0.747], [0.434, 11.649, 11.527, 0.757], [0, 1]]
[[0.449, 13.84, 10.136, 0.766], [0.447, 13.765, 10.444, 0.723], [0, 1]]
[[0.434, 12.565, 9.884, 0.761], [0.454, 13.069, 11.306, 0.727], [0, 1]]
[[0.389, 11.4, 8.6, 0.723], [0.401, 12.091, 9.727, 0.719], [0, 1]]
[[0.422, 13.125, 6.875, 0.65], [0.407, 14.0, 8.222, 0.706], [0, 1]]
[[0.437, 16.1, 11.314, 0.739], [0.438, 13.544, 10.485, 0.721], [0, 1]]
[[0.434, 12.618, 9.868, 0.761], [0.432, 11.8, 11.657, 0.754], [0, 1]]
[[0.407, 14.222, 8.778, 0.636], [0.429, 12.111, 7.333, 0.625], [0, 1]]
[[0.427, 10.875, 12.25, 0.685], [0.422, 14.375, 9.625, 0.682], [0, 1]]
[[0.439, 16.222, 11.194, 0.74], [0.453, 13.676, 9.197, 0.728], [1, 0]]
[[0.436, 15.1, 11.471, 0.716], [0.445, 14.254, 11.225, 0.751], [0, 1]]
[[0.447, 14.1, 11.25, 0.75], [0.426, 13.458, 11.864, 0.738], [1, 0]]
[[0.443, 12.872, 10.234, 0.75], [0.459, 12.553, 9.213, 0.737], [0, 1]]
[[0.444, 12.977, 9.442, 0.744], [0.44, 12.595, 10.286, 0.745], [1, 0]]
[[0.455, 14.327, 11.345, 0.746], [0.447, 14.0, 11.179, 0.752], [1, 0]]
[[0.421, 10.474, 9.105, 0.714], [0.447, 12.812, 8.938, 0.739], [0, 1]]
[[0.397, 12.182, 11.0, 0.741], [0.385, 12.333, 9.667, 0.643], [0, 1]]
[[0.457, 13.902, 9.157, 0.718], [0.451, 13.04, 10.64, 0.74], [0, 1]]
[[0.458, 14.0, 9.213, 0.719], [0.444, 13.525, 10.0, 0.761], [0, 1]]
[[0.432, 11.095, 12.048, 0.681], [0.443, 13.083, 9.667, 0.722], [1, 0]]
[[0.452, 13.762, 9.438, 0.728], [0.434, 11.825, 11.662, 0.757], [0, 1]]
[[0.433, 11.929, 11.714, 0.765], [0.436, 13.446, 11.893, 0.719], [0, 1]]
[[0.448, 13.95, 11.175, 0.763], [0.444, 12.588, 10.562, 0.784], [1, 0]]
[[0.44, 13.372, 11.465, 0.774], [0.447, 14.395, 11.605, 0.766], [0, 1]]
[[0.423, 11.039, 9.237, 0.754], [0.438, 12.727, 9.61, 0.762], [0, 1]]
[[0.415, 17.02, 10.82, 0.682], [0.455, 12.765, 10.98, 0.718], [0, 1]]
[[0.443, 12.527, 10.582, 0.743], [0.432, 12.945, 10.727, 0.784], [1, 0]]
[[0.417, 13.846, 8.769, 0.681], [0.402, 11.167, 10.167, 0.625], [1, 0]]
[[0.429, 15.455, 12.045, 0.674], [0.45, 13.05, 7.95, 0.684], [1, 0]]
[[0.432, 13.395, 9.974, 0.72], [0.434, 13.289, 11.289, 0.694], [0, 1]]
[[0.432, 10.676, 9.081, 0.727], [0.444, 13.97, 11.061, 0.77], [1, 0]]
[[0.435, 15.277, 11.569, 0.719], [0.435, 12.825, 10.667, 0.782], [0, 1]]
[[0.454, 14.275, 11.609, 0.756], [0.441, 13.435, 10.536, 0.733], [1, 0]]
[[0.458, 14.015, 9.433, 0.726], [0.44, 16.292, 11.092, 0.739], [0, 1]]
[[0.426, 15.368, 11.737, 0.698], [0.44, 12.538, 10.41, 0.745], [1, 0]]
[[0.434, 13.478, 9.087, 0.696], [0.452, 12.333, 9.762, 0.714], [1, 0]]
[[0.435, 15.339, 11.729, 0.72], [0.435, 13.456, 10.386, 0.719], [1, 0]]
[[0.44, 15.134, 11.585, 0.707], [0.421, 10.976, 9.354, 0.755], [1, 0]]
[[0.463, 13.029, 10.147, 0.729], [0.452, 14.312, 10.031, 0.698], [1, 0]]
[[0.203, 6.5, 7.0, 0.404], [0.224, 5.0, 6.5, 0.387], [0, 1]]
[[0.447, 13.542, 8.833, 0.718], [0.44, 13.489, 11.362, 0.768], [1, 0]]
[[0.454, 12.938, 10.5, 0.744], [0.434, 15.489, 11.66, 0.715], [0, 1]]
[[0.441, 14.517, 12.103, 0.723], [0.417, 14.097, 11.839, 0.718], [0, 1]]
[[0.457, 12.966, 10.414, 0.745], [0.435, 12.759, 9.69, 0.756], [1, 0]]
[[0.438, 15.137, 11.562, 0.714], [0.455, 14.301, 11.575, 0.758], [1, 0]]
[[0.459, 14.132, 9.526, 0.735], [0.449, 13.276, 9.803, 0.773], [0, 1]]
[[0.436, 12.385, 7.615, 0.67], [0.432, 12.833, 6.583, 0.734], [0, 1]]
[[0.426, 12.333, 7.917, 0.672], [0.422, 12.727, 7.636, 0.721], [1, 0]]
[[0.453, 12.521, 11.394, 0.741], [0.455, 12.847, 9.528, 0.717], [0, 1]]
[[0.438, 14.529, 11.412, 0.721], [0.434, 12.5, 7.222, 0.738], [0, 1]]
[[0.451, 13.878, 10.122, 0.765], [0.442, 13.415, 10.354, 0.738], [0, 1]]
[[0.418, 11.652, 11.261, 0.733], [0.432, 12.167, 10.542, 0.749], [1, 0]]
[[0.316, 16.25, 11.0, 0.561], [0.326, 9.25, 7.5, 0.62], [1, 0]]
[[0.448, 14.153, 10.569, 0.747], [0.447, 14.384, 11.151, 0.75], [1, 0]]
[[0.442, 13.583, 9.417, 0.749], [0.448, 13.056, 10.417, 0.747], [1, 0]]
[[0.437, 12.667, 10.714, 0.732], [0.443, 12.61, 10.244, 0.748], [0, 1]]
[[0.412, 12.125, 10.5, 0.684], [0.43, 12.267, 6.733, 0.738], [0, 1]]
[[0.451, 11.906, 11.5, 0.71], [0.435, 13.588, 10.941, 0.749], [1, 0]]
[[0.367, 12.5, 6.667, 0.641], [0.379, 10.833, 7.667, 0.626], [1, 0]]
[[0.457, 14.088, 9.441, 0.723], [0.438, 13.508, 11.246, 0.767], [0, 1]]
[[0.191, 9.0, 8.0, 0.381], [0.203, 4.5, 13.0, 0.242], [0, 1]]
[[0.452, 13.368, 8.474, 0.747], [0.427, 13.526, 8.842, 0.74], [1, 0]]
[[0.439, 15.448, 11.69, 0.693], [0.45, 12.893, 8.286, 0.735], [0, 1]]
[[0.411, 15.083, 12.0, 0.669], [0.416, 13.417, 11.792, 0.707], [1, 0]]
[[0.448, 13.261, 9.783, 0.764], [0.439, 13.536, 11.261, 0.768], [1, 0]]
[[0.434, 13.0, 10.059, 0.696], [0.388, 12.765, 11.0, 0.665], [0, 1]]
[[0.444, 13.565, 10.783, 0.759], [0.435, 13.118, 12.015, 0.728], [0, 1]]
[[0.416, 17.077, 10.75, 0.68], [0.44, 13.44, 11.42, 0.77], [0, 1]]
[[0.434, 15.349, 11.558, 0.707], [0.424, 12.886, 10.318, 0.747], [1, 0]]
[[0.441, 12.889, 10.0, 0.698], [0.429, 12.412, 7.118, 0.732], [0, 1]]
[[0.41, 17.0, 9.8, 0.679], [0.436, 14.0, 10.826, 0.756], [0, 1]]
[[0.44, 13.247, 10.815, 0.73], [0.444, 12.58, 10.543, 0.784], [1, 0]]
[[0.442, 12.455, 10.662, 0.746], [0.452, 12.873, 9.646, 0.719], [0, 1]]
[[0.454, 14.317, 11.54, 0.746], [0.453, 12.554, 9.585, 0.722], [0, 1]]
[[0.37, 11.286, 8.571, 0.7], [0.415, 12.625, 6.125, 0.711], [1, 0]]
[[0.442, 16.381, 10.94, 0.738], [0.434, 11.976, 11.607, 0.757], [0, 1]]
[[0.445, 13.306, 9.028, 0.699], [0.433, 13.312, 11.469, 0.698], [0, 1]]
[[0.436, 15.344, 11.562, 0.721], [0.435, 14.125, 11.609, 0.729], [1, 0]]
[[0.445, 13.048, 9.405, 0.742], [0.435, 12.78, 10.488, 0.779], [1, 0]]
[[0.45, 13.506, 10.883, 0.74], [0.438, 15.182, 11.636, 0.71], [0, 1]]
[[0.448, 12.059, 9.353, 0.715], [0.439, 13.235, 10.235, 0.706], [1, 0]]
[[0.434, 12.808, 10.654, 0.731], [0.425, 12.615, 10.077, 0.753], [0, 1]]
[[0.453, 12.429, 11.417, 0.737], [0.45, 14.107, 11.095, 0.762], [0, 1]]
[[0.383, 15.571, 9.0, 0.591], [0.368, 11.143, 11.857, 0.68], [0, 1]]
[[0.436, 16.194, 11.129, 0.741], [0.445, 14.233, 11.55, 0.759], [0, 1]]
[[0.459, 14.116, 9.348, 0.724], [0.454, 13.159, 11.406, 0.725], [0, 1]]
[[0.447, 14.053, 11.307, 0.768], [0.453, 12.855, 9.474, 0.72], [1, 0]]
[[0.436, 13.424, 10.356, 0.721], [0.444, 14.203, 11.678, 0.762], [1, 0]]
[[0.428, 12.96, 10.0, 0.757], [0.447, 13.064, 10.128, 0.75], [0, 1]]
[[0.439, 13.4, 11.418, 0.762], [0.447, 14.103, 11.293, 0.755], [1, 0]]
[[0.415, 12.524, 10.381, 0.736], [0.431, 12.4, 9.95, 0.738], [0, 1]]
[[0.449, 12.109, 11.565, 0.734], [0.413, 17.022, 10.87, 0.68], [1, 0]]
[[0.422, 11.8, 8.8, 0.731], [0.431, 12.75, 10.6, 0.734], [1, 0]]
[[0.434, 11.913, 8.826, 0.737], [0.444, 13.24, 9.68, 0.728], [1, 0]]
[[0.426, 10.5, 8.773, 0.716], [0.438, 13.667, 10.571, 0.75], [1, 0]]
[[0.418, 17.239, 10.582, 0.688], [0.438, 13.523, 10.4, 0.718], [0, 1]]
[[0.346, 9.0, 12.4, 0.544], [0.357, 11.2, 5.2, 0.643], [1, 0]]
[[0.458, 12.276, 10.069, 0.733], [0.448, 13.645, 10.065, 0.745], [1, 0]]
[[0.415, 13.667, 9.25, 0.66], [0.42, 12.083, 9.75, 0.72], [1, 0]]
[[0.401, 9.8, 8.6, 0.635], [0.344, 9.75, 11.25, 0.559], [1, 0]]
[[0.399, 12.286, 10.429, 0.643], [0.394, 12.25, 7.75, 0.673], [1, 0]]
[[0.441, 14.071, 11.095, 0.76], [0.454, 12.95, 10.5, 0.712], [1, 0]]
[[0.436, 15.094, 11.528, 0.718], [0.447, 14.018, 11.073, 0.752], [1, 0]]
[[0.416, 16.939, 10.816, 0.681], [0.446, 13.612, 9.408, 0.756], [0, 1]]
[[0.443, 13.31, 9.966, 0.755], [0.434, 12.825, 10.702, 0.786], [0, 1]]
[[0.45, 13.257, 9.784, 0.769], [0.445, 13.787, 10.507, 0.764], [1, 0]]
[[0.435, 15.13, 11.574, 0.719], [0.457, 12.491, 9.473, 0.728], [0, 1]]
[[0.321, 11.333, 7.0, 0.561], [0.268, 7.5, 4.5, 0.416], [1, 0]]
[[0.449, 12.133, 11.444, 0.733], [0.453, 12.87, 10.522, 0.741], [1, 0]]
[[0.377, 10.429, 10.286, 0.608], [0.408, 11.875, 11.125, 0.695], [0, 1]]
[[0.427, 11.462, 10.077, 0.7], [0.372, 12.462, 10.692, 0.653], [1, 0]]
[[0.444, 13.871, 10.286, 0.761], [0.432, 13.643, 12.014, 0.746], [0, 1]]
[[0.442, 16.345, 10.862, 0.739], [0.432, 12.0, 11.701, 0.753], [1, 0]]
[[0.439, 13.081, 10.703, 0.73], [0.433, 13.635, 12.176, 0.746], [1, 0]]
[[0.418, 17.258, 10.636, 0.688], [0.445, 13.8, 10.723, 0.748], [1, 0]]
[[0.428, 11.1, 12.05, 0.676], [0.437, 12.864, 10.545, 0.726], [1, 0]]
[[0.443, 16.422, 10.916, 0.739], [0.442, 13.614, 11.084, 0.764], [0, 1]]
[[0.409, 17.548, 10.032, 0.675], [0.433, 14.71, 11.871, 0.752], [0, 1]]
[[0.391, 15.933, 11.8, 0.667], [0.441, 13.375, 9.625, 0.703], [1, 0]]
[[0.437, 13.521, 9.979, 0.716], [0.457, 12.54, 9.32, 0.731], [1, 0]]
[[0.438, 10.536, 9.107, 0.71], [0.448, 12.517, 10.034, 0.717], [1, 0]]
[[0.227, 11.5, 9.5, 0.369], [0.262, 8.5, 5.0, 0.375], [0, 1]]
[[0.359, 9.6, 7.8, 0.648], [0.324, 9.5, 10.5, 0.625], [1, 0]]
[[0.444, 13.487, 11.231, 0.779], [0.432, 12.143, 11.619, 0.762], [0, 1]]
[[0.416, 17.703, 10.216, 0.678], [0.424, 12.8, 10.175, 0.751], [1, 0]]
[[0.435, 15.939, 11.455, 0.704], [0.438, 10.879, 8.909, 0.718], [1, 0]]
[[0.438, 15.571, 11.714, 0.691], [0.442, 12.741, 9.926, 0.741], [1, 0]]
[[0.451, 13.0, 8.647, 0.746], [0.437, 13.562, 10.875, 0.74], [1, 0]]
[[0.448, 13.043, 10.152, 0.746], [0.456, 12.673, 10.959, 0.718], [0, 1]]
[[0.363, 10.5, 13.167, 0.58], [0.366, 11.833, 8.333, 0.687], [1, 0]]
[[0.439, 16.273, 11.106, 0.74], [0.434, 12.723, 10.0, 0.761], [0, 1]]
[[0.447, 14.077, 10.154, 0.704], [0.454, 13.714, 8.464, 0.7], [1, 0]]
[[0.445, 13.0, 9.455, 0.75], [0.42, 14.833, 11.767, 0.694], [1, 0]]
[[0.412, 11.714, 10.952, 0.731], [0.417, 14.85, 12.05, 0.732], [0, 1]]
[[0.45, 13.889, 9.244, 0.709], [0.423, 13.756, 11.561, 0.726], [0, 1]]
[[0.443, 12.833, 10.375, 0.747], [0.446, 14.511, 11.756, 0.768], [1, 0]]
[[0.431, 16.262, 11.476, 0.723], [0.461, 13.0, 10.524, 0.727], [0, 1]]
[[0.435, 12.5, 9.269, 0.738], [0.433, 12.308, 10.538, 0.749], [0, 1]]
[[0.443, 13.683, 10.067, 0.764], [0.448, 13.593, 8.932, 0.726], [1, 0]]
[[0.45, 14.036, 10.143, 0.704], [0.42, 11.655, 11.517, 0.745], [0, 1]]
[[0.442, 16.262, 10.963, 0.741], [0.443, 13.488, 10.325, 0.737], [1, 0]]
[[0.191, 9.0, 8.0, 0.381], [0.444, 13.072, 10.47, 0.723], [0, 1]]
[[0.423, 13.442, 11.692, 0.732], [0.457, 12.453, 9.34, 0.73], [1, 0]]
[[0.437, 13.575, 11.247, 0.766], [0.442, 13.419, 10.405, 0.733], [1, 0]]
[[0.414, 11.909, 10.091, 0.668], [0.425, 11.364, 9.909, 0.698], [0, 1]]
[[0.423, 11.039, 9.286, 0.757], [0.417, 16.756, 10.91, 0.687], [1, 0]]
[[0.401, 14.5, 9.25, 0.612], [0.415, 12.286, 6.714, 0.631], [0, 1]]
[[0.437, 12.882, 10.529, 0.72], [0.44, 14.867, 11.8, 0.726], [0, 1]]
[[0.459, 14.179, 9.718, 0.732], [0.441, 16.218, 11.09, 0.742], [1, 0]]
[[0.388, 16.0, 10.6, 0.644], [0.373, 17.4, 10.5, 0.594], [1, 0]]
[[0.39, 16.643, 9.857, 0.627], [0.443, 13.2, 9.6, 0.704], [0, 1]]
[[0.403, 14.714, 11.714, 0.658], [0.449, 12.308, 8.769, 0.668], [0, 1]]
[[0.437, 15.0, 11.682, 0.737], [0.43, 12.261, 10.522, 0.75], [1, 0]]
[[0.458, 13.053, 10.289, 0.733], [0.433, 13.361, 11.5, 0.694], [0, 1]]
[[0.446, 14.373, 11.2, 0.746], [0.433, 13.693, 12.12, 0.746], [0, 1]]
[[0.448, 13.091, 10.891, 0.741], [0.456, 12.444, 9.426, 0.73], [0, 1]]
[[0.456, 12.683, 10.732, 0.748], [0.441, 13.573, 11.024, 0.765], [0, 1]]
[[0.45, 13.417, 10.722, 0.74], [0.446, 14.319, 11.194, 0.749], [0, 1]]
[[0.447, 13.814, 9.233, 0.707], [0.428, 15.375, 11.675, 0.707], [1, 0]]
[[0.428, 11.0, 12.471, 0.683], [0.393, 13.053, 11.263, 0.683], [1, 0]]
[[0.345, 11.5, 8.0, 0.592], [0.333, 8.5, 7.25, 0.576], [1, 0]]
[[0.437, 13.987, 11.592, 0.732], [0.439, 13.079, 10.711, 0.729], [0, 1]]
[[0.416, 17.75, 10.167, 0.676], [0.432, 13.405, 10.0, 0.712], [1, 0]]
[[0.41, 13.5, 9.0, 0.666], [0.404, 11.3, 10.0, 0.655], [1, 0]]
[[0.446, 13.308, 9.785, 0.76], [0.453, 13.162, 11.324, 0.727], [0, 1]]
[[0.441, 13.24, 10.32, 0.725], [0.442, 13.368, 10.342, 0.734], [1, 0]]
[[0.386, 10.875, 8.5, 0.704], [0.396, 18.75, 9.25, 0.715], [1, 0]]
[[0.442, 12.45, 10.3, 0.748], [0.441, 14.333, 11.722, 0.757], [0, 1]]
[[0.45, 13.319, 10.768, 0.744], [0.43, 13.574, 12.059, 0.745], [1, 0]]
[[0.436, 12.481, 9.407, 0.74], [0.442, 12.769, 10.615, 0.737], [0, 1]]
[[0.448, 13.667, 10.083, 0.728], [0.449, 14.141, 11.225, 0.765], [0, 1]]
[[0.443, 13.913, 10.333, 0.761], [0.448, 14.309, 11.162, 0.763], [0, 1]]
[[0.438, 15.218, 11.705, 0.71], [0.436, 13.526, 12.0, 0.744], [1, 0]]
[[0.459, 13.945, 9.145, 0.724], [0.431, 11.943, 11.792, 0.76], [0, 1]]
[[0.435, 11.653, 11.533, 0.759], [0.441, 13.413, 10.387, 0.734], [1, 0]]
[[0.446, 14.339, 11.435, 0.76], [0.453, 12.516, 9.594, 0.724], [1, 0]]
[[0.395, 12.625, 8.875, 0.686], [0.42, 11.7, 10.2, 0.682], [1, 0]]
[[0.447, 14.596, 11.574, 0.769], [0.448, 13.021, 10.208, 0.749], [1, 0]]
[[0.44, 12.698, 10.419, 0.746], [0.456, 12.841, 11.0, 0.711], [0, 1]]
[[0.433, 11.917, 11.521, 0.765], [0.447, 14.545, 11.773, 0.769], [1, 0]]
[[0.432, 12.75, 10.583, 0.701], [0.423, 11.714, 9.071, 0.739], [0, 1]]
[[0.426, 13.383, 11.867, 0.74], [0.435, 12.793, 10.741, 0.786], [0, 1]]
[[0.448, 13.329, 9.729, 0.767], [0.445, 13.901, 10.282, 0.763], [1, 0]]
[[0.442, 10.586, 9.0, 0.708], [0.416, 13.828, 11.414, 0.714], [1, 0]]
[[0.453, 12.956, 10.467, 0.741], [0.433, 11.935, 11.413, 0.77], [0, 1]]
[[0.452, 12.057, 11.486, 0.72], [0.453, 14.2, 9.943, 0.702], [0, 1]]
[[0.378, 14.625, 11.625, 0.616], [0.372, 12.0, 8.0, 0.698], [1, 0]]
[[0.445, 13.246, 11.0, 0.739], [0.425, 13.527, 11.855, 0.738], [0, 1]]
[[0.415, 16.863, 10.836, 0.688], [0.437, 14.096, 11.658, 0.728], [1, 0]]
[[0.442, 12.63, 10.519, 0.742], [0.415, 11.667, 11.667, 0.743], [0, 1]]
[[0.456, 12.616, 10.744, 0.749], [0.445, 13.698, 10.419, 0.724], [0, 1]]
[[0.456, 12.409, 11.303, 0.743], [0.439, 13.365, 10.317, 0.719], [1, 0]]
[[0.445, 13.838, 10.608, 0.762], [0.449, 14.082, 11.274, 0.766], [0, 1]]
[[0.404, 12.0, 11.071, 0.687], [0.425, 12.692, 9.692, 0.742], [0, 1]]
[[0.443, 12.776, 10.449, 0.746], [0.435, 12.98, 10.48, 0.781], [0, 1]]
[[0.44, 13.786, 9.571, 0.753], [0.433, 12.07, 11.558, 0.762], [1, 0]]
[[0.419, 11.25, 8.25, 0.695], [0.416, 12.125, 8.5, 0.684], [0, 1]]
[[0.364, 12.0, 9.143, 0.638], [0.402, 11.375, 9.5, 0.699], [0, 1]]
[[0.418, 14.69, 11.793, 0.688], [0.443, 12.5, 10.633, 0.744], [1, 0]]
[[0.436, 15.141, 11.535, 0.715], [0.437, 12.592, 9.704, 0.765], [1, 0]]
[[0.436, 16.19, 11.111, 0.738], [0.45, 13.938, 10.156, 0.731], [1, 0]]
[[0.439, 16.197, 11.239, 0.74], [0.454, 13.068, 11.274, 0.726], [0, 1]]
[[0.435, 13.531, 9.875, 0.722], [0.421, 11.697, 11.758, 0.757], [1, 0]]
[[0.456, 13.194, 10.694, 0.741], [0.455, 13.062, 11.281, 0.723], [0, 1]]
[[0.434, 13.179, 12.06, 0.728], [0.439, 12.742, 10.848, 0.732], [0, 1]]
[[0.45, 13.53, 11.084, 0.743], [0.443, 12.602, 10.651, 0.783], [1, 0]]
[[0.409, 17.5, 10.219, 0.673], [0.436, 13.694, 11.222, 0.756], [0, 1]]
[[0.45, 13.929, 10.143, 0.763], [0.444, 13.083, 10.417, 0.726], [1, 0]]
[[0.448, 13.896, 10.169, 0.765], [0.443, 13.273, 10.429, 0.724], [1, 0]]
[[0.39, 14.571, 8.571, 0.575], [0.377, 12.0, 9.333, 0.621], [1, 0]]
[[0.437, 16.0, 11.018, 0.741], [0.433, 12.052, 11.759, 0.758], [0, 1]]
[[0.447, 13.882, 10.662, 0.748], [0.454, 12.757, 9.557, 0.718], [0, 1]]
[[0.443, 13.8, 9.467, 0.757], [0.422, 13.523, 11.545, 0.721], [1, 0]]
[[0.438, 16.0, 11.151, 0.737], [0.436, 13.385, 10.096, 0.718], [1, 0]]
[[0.428, 10.5, 11.7, 0.632], [0.42, 12.333, 10.0, 0.736], [0, 1]]
[[0.454, 14.467, 11.517, 0.747], [0.454, 12.387, 9.597, 0.724], [0, 1]]
[[0.428, 12.806, 10.0, 0.747], [0.434, 13.133, 11.667, 0.699], [0, 1]]
[[0.439, 13.543, 11.257, 0.765], [0.433, 13.056, 12.099, 0.732], [0, 1]]
[[0.454, 12.837, 10.233, 0.739], [0.451, 13.214, 10.5, 0.746], [1, 0]]
[[0.453, 12.0, 9.316, 0.71], [0.431, 12.316, 9.895, 0.74], [1, 0]]
[[0.454, 13.517, 8.379, 0.703], [0.444, 14.0, 10.846, 0.757], [1, 0]]
[[0.45, 13.32, 9.787, 0.772], [0.452, 13.8, 9.267, 0.727], [1, 0]]
[[0.243, 5.0, 4.5, 0.421], [0.265, 10.0, 4.5, 0.406], [0, 1]]
[[0.389, 16.538, 9.846, 0.629], [0.416, 14.0, 9.571, 0.733], [0, 1]]
[[0.446, 13.7, 10.4, 0.722], [0.445, 13.062, 10.463, 0.724], [0, 1]]
[[0.435, 15.4, 11.667, 0.721], [0.453, 13.161, 11.306, 0.718], [1, 0]]
[[0.427, 12.795, 9.949, 0.752], [0.441, 13.8, 11.2, 0.775], [1, 0]]
[[0.421, 12.643, 10.25, 0.747], [0.418, 13.857, 11.5, 0.712], [0, 1]]
[[0.433, 12.821, 10.714, 0.734], [0.444, 12.786, 9.929, 0.739], [0, 1]]
[[0.434, 12.717, 10.65, 0.781], [0.453, 12.429, 9.603, 0.725], [1, 0]]
[[0.452, 13.73, 9.284, 0.726], [0.435, 12.892, 12.122, 0.736], [1, 0]]
[[0.449, 13.538, 8.923, 0.722], [0.446, 13.245, 10.415, 0.736], [1, 0]]
[[0.436, 12.667, 10.778, 0.735], [0.435, 12.917, 10.556, 0.771], [0, 1]]
[[0.445, 11.423, 11.692, 0.709], [0.413, 14.962, 12.154, 0.679], [1, 0]]
[[0.452, 13.318, 9.929, 0.765], [0.453, 12.824, 9.635, 0.717], [1, 0]]
[[0.359, 12.2, 8.4, 0.517], [0.347, 10.4, 9.6, 0.646], [0, 1]]
[[0.441, 13.448, 10.448, 0.733], [0.446, 14.275, 11.362, 0.753], [0, 1]]
[[0.445, 13.118, 9.804, 0.749], [0.448, 13.569, 8.961, 0.719], [1, 0]]
[[0.437, 14.013, 11.603, 0.729], [0.453, 12.821, 9.59, 0.721], [0, 1]]
[[0.46, 12.972, 10.167, 0.727], [0.458, 12.657, 10.057, 0.717], [1, 0]]
[[0.398, 12.25, 8.5, 0.732], [0.426, 11.455, 9.818, 0.714], [1, 0]]
[[0.435, 12.672, 9.94, 0.761], [0.455, 12.853, 10.529, 0.745], [0, 1]]
[[0.428, 12.067, 9.267, 0.736], [0.43, 12.615, 6.462, 0.733], [1, 0]]
[[0.456, 12.928, 10.551, 0.744], [0.455, 14.25, 11.618, 0.754], [1, 0]]
[[0.448, 13.462, 9.288, 0.757], [0.448, 14.551, 11.694, 0.766], [1, 0]]
[[0.443, 12.72, 10.28, 0.747], [0.419, 14.92, 12.36, 0.744], [1, 0]]
[[0.444, 13.393, 9.893, 0.763], [0.457, 13.236, 10.855, 0.734], [0, 1]]
[[0.451, 13.809, 10.044, 0.73], [0.437, 12.773, 10.636, 0.785], [1, 0]]
[[0.434, 13.543, 11.171, 0.753], [0.422, 13.235, 11.412, 0.725], [0, 1]]
[[0.401, 11.8, 8.4, 0.719], [0.398, 12.4, 9.9, 0.708], [1, 0]]
[[0.434, 15.375, 11.607, 0.717], [0.455, 13.411, 10.786, 0.735], [1, 0]]
[[0.441, 14.677, 12.0, 0.718], [0.445, 12.273, 10.273, 0.724], [0, 1]]
[[0.454, 13.264, 9.851, 0.764], [0.452, 12.782, 9.655, 0.718], [0, 1]]
[[0.423, 12.759, 10.207, 0.748], [0.442, 14.667, 11.889, 0.722], [1, 0]]
[[0.451, 12.0, 11.417, 0.721], [0.433, 10.763, 9.079, 0.725], [0, 1]]
[[0.451, 13.667, 8.593, 0.699], [0.45, 12.667, 9.963, 0.715], [0, 1]]
[[0.438, 14.093, 11.6, 0.73], [0.441, 12.753, 10.685, 0.788], [0, 1]]
[[0.441, 16.295, 10.932, 0.739], [0.432, 12.057, 11.716, 0.755], [1, 0]]
[[0.46, 14.16, 9.467, 0.733], [0.434, 12.932, 12.096, 0.734], [0, 1]]
[[0.453, 11.942, 11.462, 0.739], [0.43, 11.865, 11.769, 0.76], [0, 1]]
[[0.45, 13.704, 10.155, 0.728], [0.448, 14.014, 10.571, 0.75], [0, 1]]
[[0.438, 13.205, 10.782, 0.731], [0.449, 14.13, 10.571, 0.738], [1, 0]]
[[0.445, 13.333, 10.75, 0.75], [0.44, 12.85, 10.683, 0.741], [0, 1]]
[[0.445, 11.182, 8.727, 0.732], [0.405, 14.0, 10.9, 0.681], [1, 0]]
[[0.424, 10.5, 8.875, 0.707], [0.429, 12.071, 6.357, 0.737], [0, 1]]
[[0.437, 12.722, 9.57, 0.761], [0.443, 13.443, 10.392, 0.738], [1, 0]]
[[0.38, 12.8, 9.0, 0.643], [0.383, 13.0, 5.6, 0.678], [0, 1]]
[[0.446, 12.333, 9.667, 0.717], [0.451, 12.176, 8.824, 0.697], [1, 0]]
[[0.452, 13.708, 9.208, 0.727], [0.437, 13.542, 11.278, 0.766], [1, 0]]
[[0.439, 15.963, 11.13, 0.739], [0.447, 13.057, 10.283, 0.741], [1, 0]]
[[0.298, 12.0, 6.333, 0.504], [0.323, 8.667, 4.333, 0.492], [0, 1]]
[[0.279, 6.0, 4.5, 0.326], [0.268, 7.5, 4.5, 0.416], [0, 1]]
[[0.444, 13.529, 10.779, 0.757], [0.436, 14.029, 11.594, 0.73], [1, 0]]
[[0.429, 14.769, 11.692, 0.712], [0.416, 11.571, 9.5, 0.738], [0, 1]]
[[0.422, 13.4, 11.511, 0.722], [0.457, 12.761, 11.0, 0.713], [0, 1]]
[[0.395, 11.571, 8.571, 0.697], [0.41, 12.286, 5.857, 0.695], [0, 1]]
[[0.425, 10.235, 8.941, 0.705], [0.427, 12.25, 10.375, 0.748], [0, 1]]
[[0.413, 13.727, 8.636, 0.677], [0.387, 14.8, 11.7, 0.637], [1, 0]]
[[0.423, 11.158, 9.263, 0.74], [0.44, 13.439, 11.298, 0.764], [0, 1]]
[[0.449, 13.908, 10.172, 0.762], [0.443, 13.08, 10.494, 0.726], [0, 1]]
[[0.435, 16.292, 11.417, 0.734], [0.434, 12.959, 10.449, 0.782], [1, 0]]
[[0.437, 13.581, 9.774, 0.728], [0.45, 12.844, 10.219, 0.74], [1, 0]]
[[0.453, 13.708, 10.125, 0.725], [0.449, 13.938, 11.021, 0.757], [0, 1]]
[[0.452, 13.934, 10.131, 0.733], [0.436, 13.35, 11.85, 0.724], [1, 0]]
[[0.439, 15.806, 11.484, 0.698], [0.444, 13.4, 9.067, 0.746], [1, 0]]
[[0.412, 17.25, 9.786, 0.683], [0.454, 13.6, 8.567, 0.704], [1, 0]]
[[0.449, 14.083, 11.236, 0.766], [0.441, 12.686, 10.714, 0.784], [1, 0]]
[[0.438, 10.913, 11.957, 0.691], [0.444, 12.652, 10.522, 0.734], [1, 0]]
[[0.443, 13.179, 10.449, 0.725], [0.443, 12.603, 10.538, 0.783], [1, 0]]
[[0.438, 12.96, 10.64, 0.728], [0.439, 15.042, 11.958, 0.738], [1, 0]]
[[0.407, 14.667, 12.267, 0.666], [0.416, 13.692, 9.154, 0.677], [0, 1]]
[[0.354, 12.25, 8.5, 0.548], [0.317, 10.0, 9.5, 0.613], [0, 1]]
[[0.455, 13.514, 8.676, 0.711], [0.434, 12.757, 10.676, 0.77], [0, 1]]
[[0.425, 11.19, 9.317, 0.747], [0.448, 13.954, 10.123, 0.731], [0, 1]]
[[0.457, 14.346, 11.423, 0.761], [0.45, 14.128, 10.603, 0.737], [0, 1]]
[[0.446, 13.725, 10.488, 0.764], [0.439, 13.213, 10.762, 0.729], [1, 0]]
[[0.409, 16.545, 9.5, 0.675], [0.448, 13.5, 8.909, 0.734], [0, 1]]
[[0.454, 12.41, 11.434, 0.736], [0.453, 13.337, 9.771, 0.77], [1, 0]]
[[0.41, 17.233, 9.767, 0.677], [0.445, 12.226, 10.0, 0.727], [0, 1]]
[[0.441, 13.565, 11.153, 0.766], [0.454, 13.353, 11.106, 0.725], [0, 1]]
[[0.435, 12.875, 11.156, 0.727], [0.434, 13.818, 10.939, 0.747], [0, 1]]
[[0.456, 11.857, 9.762, 0.712], [0.442, 12.842, 10.211, 0.72], [0, 1]]
[[0.417, 12.467, 8.467, 0.726], [0.414, 12.125, 10.812, 0.727], [1, 0]]
[[0.437, 13.103, 8.966, 0.699], [0.441, 14.0, 10.667, 0.757], [0, 1]]
[[0.43, 12.045, 8.864, 0.732], [0.452, 12.609, 9.739, 0.713], [0, 1]]
[[0.384, 15.222, 10.222, 0.641], [0.393, 12.625, 10.75, 0.656], [1, 0]]
[[0.417, 17.513, 10.359, 0.673], [0.459, 12.744, 10.436, 0.73], [0, 1]]
[[0.45, 13.494, 11.062, 0.743], [0.444, 12.444, 10.605, 0.744], [1, 0]]
[[0.436, 13.167, 10.056, 0.709], [0.391, 12.833, 11.389, 0.674], [0, 1]]
[[0.434, 12.907, 11.13, 0.739], [0.433, 12.944, 10.87, 0.782], [0, 1]]
[[0.435, 11.795, 11.615, 0.757], [0.454, 13.09, 11.128, 0.724], [0, 1]]
[[0.272, 9.333, 10.0, 0.42], [0.251, 9.0, 9.0, 0.371], [1, 0]]
[[0.394, 11.909, 8.364, 0.735], [0.368, 17.0, 10.0, 0.604], [1, 0]]
[[0.447, 14.522, 11.696, 0.768], [0.447, 14.04, 11.1, 0.759], [1, 0]]
[[0.459, 13.074, 10.333, 0.745], [0.447, 13.857, 9.75, 0.741], [1, 0]]
[[0.432, 12.667, 8.833, 0.707], [0.406, 11.643, 10.0, 0.659], [1, 0]]
[[0.443, 12.45, 10.65, 0.744], [0.456, 14.275, 11.375, 0.763], [1, 0]]
[[0.453, 13.898, 10.102, 0.736], [0.452, 14.456, 11.474, 0.75], [0, 1]]
[[0.452, 13.362, 10.489, 0.744], [0.431, 14.167, 11.438, 0.727], [1, 0]]
[[0.459, 14.113, 9.408, 0.727], [0.45, 13.414, 10.729, 0.743], [0, 1]]
[[0.455, 12.302, 11.413, 0.741], [0.439, 13.344, 11.279, 0.765], [0, 1]]
[[0.455, 12.18, 11.393, 0.738], [0.448, 13.333, 10.905, 0.743], [0, 1]]
[[0.435, 12.873, 11.164, 0.74], [0.437, 13.444, 10.241, 0.718], [0, 1]]
[[0.432, 14.0, 11.434, 0.726], [0.425, 13.377, 11.698, 0.732], [0, 1]]
[[0.452, 11.94, 11.56, 0.733], [0.42, 13.42, 11.62, 0.729], [0, 1]]
[[0.309, 10.0, 8.0, 0.604], [0.352, 13.75, 5.75, 0.626], [1, 0]]
[[0.429, 16.105, 11.447, 0.719], [0.415, 17.771, 10.2, 0.676], [1, 0]]
[[0.437, 14.06, 11.612, 0.731], [0.446, 14.338, 11.292, 0.761], [1, 0]]
[[0.446, 13.333, 10.857, 0.723], [0.423, 15.048, 12.048, 0.666], [1, 0]]
[[0.398, 12.222, 8.556, 0.695], [0.409, 11.556, 9.111, 0.716], [0, 1]]
[[0.459, 13.163, 10.857, 0.736], [0.454, 13.694, 10.041, 0.724], [1, 0]]
[[0.423, 11.013, 9.359, 0.757], [0.453, 13.759, 9.392, 0.728], [0, 1]]
[[0.416, 11.962, 11.577, 0.738], [0.447, 13.759, 9.793, 0.742], [1, 0]]
[[0.454, 12.21, 11.452, 0.738], [0.436, 13.426, 11.918, 0.725], [1, 0]]
[[0.444, 13.349, 9.746, 0.76], [0.434, 11.846, 11.646, 0.756], [1, 0]]
[[0.441, 12.487, 10.711, 0.748], [0.442, 12.658, 10.553, 0.787], [0, 1]]
[[0.284, 10.667, 4.0, 0.548], [0.332, 11.5, 6.5, 0.553], [0, 1]]
[[0.438, 13.554, 11.27, 0.764], [0.453, 12.907, 9.467, 0.72], [0, 1]]
[[0.398, 12.583, 9.833, 0.667], [0.378, 12.286, 10.857, 0.657], [1, 0]]
[[0.449, 13.965, 10.163, 0.763], [0.443, 13.047, 10.407, 0.727], [0, 1]]
[[0.46, 12.769, 10.538, 0.744], [0.44, 13.551, 11.141, 0.766], [0, 1]]
[[0.408, 16.476, 9.619, 0.679], [0.422, 12.952, 10.81, 0.699], [1, 0]]
[[0.399, 14.882, 11.647, 0.657], [0.428, 12.375, 6.812, 0.738], [0, 1]]
[[0.457, 14.146, 9.841, 0.737], [0.452, 13.671, 9.512, 0.727], [0, 1]]
[[0.438, 12.744, 9.577, 0.761], [0.452, 13.795, 9.41, 0.727], [1, 0]]
[[0.44, 13.414, 10.457, 0.721], [0.437, 13.507, 11.324, 0.767], [0, 1]]
[[0.426, 13.357, 8.286, 0.686], [0.43, 12.909, 6.636, 0.722], [0, 1]]
[[0.444, 13.36, 8.76, 0.744], [0.414, 11.8, 11.48, 0.736], [1, 0]]
[[0.436, 12.5, 9.786, 0.762], [0.439, 13.478, 10.493, 0.721], [0, 1]]
[[0.427, 13.941, 9.0, 0.751], [0.435, 13.25, 10.6, 0.703], [1, 0]]
[[0.446, 13.31, 11.017, 0.74], [0.435, 15.236, 11.618, 0.717], [1, 0]]
[[0.422, 14.906, 11.531, 0.7], [0.437, 11.029, 8.853, 0.722], [1, 0]]
[[0.44, 13.403, 10.444, 0.723], [0.454, 13.04, 11.173, 0.727], [1, 0]]
[[0.458, 13.845, 9.086, 0.721], [0.453, 11.909, 11.473, 0.742], [1, 0]]
[[0.44, 14.037, 11.568, 0.731], [0.45, 14.037, 10.568, 0.735], [1, 0]]
[[0.45, 13.493, 10.747, 0.739], [0.438, 12.676, 9.608, 0.764], [0, 1]]
[[0.425, 11.706, 9.765, 0.738], [0.434, 12.059, 10.235, 0.741], [1, 0]]
[[0.455, 12.872, 10.489, 0.742], [0.452, 13.457, 10.435, 0.745], [0, 1]]
[[0.443, 13.161, 9.929, 0.755], [0.446, 14.415, 11.547, 0.764], [0, 1]]
[[0.446, 13.667, 9.214, 0.703], [0.429, 12.05, 11.675, 0.758], [1, 0]]
[[0.395, 15.188, 11.875, 0.65], [0.418, 12.0, 9.812, 0.738], [1, 0]]
[[0.458, 13.93, 9.088, 0.725], [0.444, 13.222, 10.37, 0.737], [1, 0]]
[[0.378, 11.857, 8.286, 0.68], [0.397, 11.444, 10.667, 0.641], [1, 0]]
[[0.432, 11.977, 11.545, 0.763], [0.455, 12.837, 10.907, 0.712], [0, 1]]
[[0.432, 13.235, 11.529, 0.694], [0.447, 13.029, 10.229, 0.738], [1, 0]]
[[0.319, 12.75, 7.75, 0.461], [0.325, 10.0, 7.0, 0.52], [0, 1]]
[[0.429, 11.095, 8.81, 0.731], [0.424, 12.744, 10.302, 0.747], [1, 0]]
[[0.432, 11.852, 11.667, 0.762], [0.447, 12.962, 10.173, 0.741], [1, 0]]
[[0.441, 11.167, 8.583, 0.71], [0.409, 11.333, 9.25, 0.705], [1, 0]]
[[0.443, 14.458, 10.042, 0.703], [0.451, 12.64, 9.72, 0.71], [1, 0]]
[[0.44, 13.636, 10.591, 0.754], [0.444, 13.385, 9.769, 0.73], [0, 1]]
[[0.45, 12.816, 10.211, 0.738], [0.454, 12.795, 10.359, 0.711], [1, 0]]
[[0.428, 12.824, 9.706, 0.746], [0.458, 13.412, 8.676, 0.712], [1, 0]]
[[0.405, 16.826, 9.522, 0.679], [0.425, 13.545, 9.818, 0.735], [0, 1]]
[[0.434, 13.689, 10.022, 0.716], [0.442, 12.956, 10.356, 0.748], [0, 1]]
[[0.433, 11.782, 11.691, 0.762], [0.458, 13.018, 10.982, 0.718], [1, 0]]
[[0.433, 13.6, 9.1, 0.697], [0.422, 14.474, 9.947, 0.742], [1, 0]]
[[0.44, 16.219, 11.123, 0.74], [0.437, 12.644, 9.685, 0.765], [1, 0]]
[[0.176, 7.5, 7.0, 0.371], [0.184, 7.5, 4.0, 0.289], [0, 1]]
[[0.441, 13.056, 10.019, 0.754], [0.435, 13.509, 11.909, 0.723], [1, 0]]
[[0.42, 13.778, 11.593, 0.711], [0.447, 12.704, 8.222, 0.743], [1, 0]]
[[0.435, 13.436, 10.4, 0.715], [0.43, 13.842, 11.649, 0.727], [1, 0]]
[[0.443, 13.938, 11.031, 0.764], [0.422, 11.8, 11.743, 0.762], [0, 1]]
[[0.438, 14.762, 10.19, 0.705], [0.439, 13.85, 10.75, 0.748], [1, 0]]
[[0.445, 13.383, 10.317, 0.738], [0.446, 13.593, 10.441, 0.746], [0, 1]]
[[0.449, 13.714, 10.247, 0.723], [0.441, 13.338, 10.325, 0.736], [1, 0]]
[[0.422, 14.935, 11.581, 0.702], [0.452, 14.065, 10.032, 0.7], [0, 1]]
[[0.387, 12.429, 7.143, 0.668], [0.359, 10.6, 7.2, 0.614], [1, 0]]
[[0.409, 12.067, 11.067, 0.694], [0.434, 12.625, 10.188, 0.701], [1, 0]]
[[0.417, 14.963, 11.852, 0.682], [0.443, 13.259, 9.037, 0.746], [0, 1]]
[[0.446, 14.111, 11.156, 0.758], [0.435, 12.864, 10.591, 0.78], [1, 0]]
[[0.451, 14.362, 11.655, 0.751], [0.434, 11.983, 11.733, 0.757], [0, 1]]
[[0.445, 13.05, 9.45, 0.743], [0.457, 14.077, 10.0, 0.709], [0, 1]]
[[0.436, 12.931, 10.793, 0.731], [0.428, 14.75, 12.143, 0.748], [1, 0]]
[[0.403, 16.688, 9.312, 0.648], [0.423, 13.6, 8.867, 0.741], [0, 1]]
[[0.441, 11.25, 11.792, 0.697], [0.42, 14.958, 12.25, 0.736], [0, 1]]
[[0.429, 13.323, 11.892, 0.743], [0.453, 12.667, 9.606, 0.723], [0, 1]]
[[0.44, 15.087, 11.87, 0.737], [0.404, 13.458, 11.5, 0.695], [0, 1]]
[[0.424, 13.045, 11.045, 0.699], [0.395, 13.19, 11.476, 0.681], [0, 1]]
[[0.416, 17.214, 10.5, 0.675], [0.458, 14.023, 10.0, 0.714], [0, 1]]
[[0.427, 11.333, 12.333, 0.679], [0.416, 14.474, 11.789, 0.725], [0, 1]]
[[0.417, 16.779, 10.909, 0.687], [0.449, 13.75, 10.224, 0.724], [0, 1]]
[[0.455, 12.457, 10.543, 0.738], [0.439, 13.757, 11.135, 0.756], [0, 1]]
[[0.184, 7.5, 4.0, 0.289], [0.45, 14.096, 11.108, 0.763], [0, 1]]
[[0.451, 12.105, 11.579, 0.729], [0.44, 13.703, 11.459, 0.776], [0, 1]]
[[0.457, 12.659, 10.753, 0.748], [0.445, 13.659, 10.459, 0.724], [0, 1]]
[[0.434, 15.432, 11.682, 0.71], [0.446, 14.366, 11.659, 0.761], [0, 1]]
[[0.459, 12.979, 10.833, 0.736], [0.436, 13.468, 9.979, 0.722], [1, 0]]
[[0.448, 13.468, 10.935, 0.74], [0.435, 13.431, 10.345, 0.721], [0, 1]]
[[0.446, 13.459, 10.918, 0.743], [0.444, 13.466, 10.0, 0.765], [0, 1]]
[[0.285, 8.667, 8.667, 0.507], [0.275, 7.0, 4.5, 0.361], [0, 1]]
[[0.44, 14.314, 11.743, 0.755], [0.455, 12.763, 10.474, 0.715], [1, 0]]
[[0.447, 14.115, 11.096, 0.756], [0.435, 13.0, 10.529, 0.783], [0, 1]]
[[0.43, 13.911, 11.607, 0.725], [0.427, 13.526, 11.895, 0.737], [0, 1]]
[[0.449, 12.195, 11.341, 0.73], [0.463, 12.951, 10.293, 0.73], [1, 0]]
[[0.426, 13.957, 10.435, 0.743], [0.447, 12.619, 7.095, 0.738], [0, 1]]
[[0.203, 5.0, 7.5, 0.345], [0.244, 7.0, 1.5, 0.438], [0, 1]]
[[0.41, 15.19, 11.857, 0.671], [0.424, 14.091, 10.455, 0.74], [1, 0]]
[[0.452, 13.321, 9.808, 0.775], [0.447, 13.987, 11.244, 0.762], [1, 0]]
[[0.453, 14.277, 11.662, 0.752], [0.429, 13.424, 11.909, 0.745], [0, 1]]
[[0.432, 12.695, 9.915, 0.757], [0.454, 13.131, 11.131, 0.722], [1, 0]]
[[0.451, 13.547, 9.0, 0.731], [0.438, 13.349, 11.286, 0.766], [0, 1]]
[[0.448, 13.028, 9.417, 0.741], [0.453, 14.088, 9.941, 0.7], [1, 0]]
[[0.44, 13.698, 9.465, 0.752], [0.433, 13.488, 11.674, 0.705], [1, 0]]
[[0.443, 13.316, 9.965, 0.752], [0.443, 12.536, 10.589, 0.744], [0, 1]]
[[0.453, 12.425, 11.55, 0.736], [0.444, 14.21, 11.148, 0.745], [1, 0]]
[[0.265, 10.0, 4.5, 0.406], [0.215, 11.0, 4.0, 0.412], [0, 1]]
[[0.428, 12.98, 10.02, 0.754], [0.446, 13.438, 10.292, 0.732], [1, 0]]
[[0.424, 11.161, 9.339, 0.743], [0.436, 13.333, 11.905, 0.728], [1, 0]]
[[0.393, 11.111, 11.0, 0.707], [0.383, 11.0, 10.125, 0.612], [1, 0]]
[[0.459, 14.015, 9.439, 0.722], [0.433, 12.609, 10.062, 0.761], [0, 1]]
[[0.434, 11.937, 11.667, 0.754], [0.427, 13.27, 11.889, 0.743], [1, 0]]
[[0.45, 11.5, 9.0, 0.721], [0.411, 12.133, 11.067, 0.739], [0, 1]]
[[0.395, 10.0, 7.667, 0.554], [0.378, 13.2, 12.4, 0.636], [1, 0]]
[[0.401, 12.667, 9.667, 0.664], [0.342, 10.0, 9.8, 0.67], [1, 0]]
[[0.421, 12.182, 10.636, 0.707], [0.412, 16.455, 10.818, 0.724], [0, 1]]
[[0.417, 12.75, 10.45, 0.734], [0.436, 12.35, 9.9, 0.744], [0, 1]]
[[0.453, 12.0, 11.5, 0.742], [0.447, 13.636, 8.982, 0.725], [1, 0]]
[[0.417, 16.853, 10.893, 0.686], [0.453, 13.039, 11.171, 0.724], [0, 1]]
[[0.441, 13.311, 9.902, 0.758], [0.445, 13.65, 10.4, 0.745], [1, 0]]
[[0.441, 13.378, 11.378, 0.769], [0.451, 14.196, 11.413, 0.737], [0, 1]]
[[0.262, 8.5, 5.0, 0.375], [0.224, 5.0, 6.5, 0.387], [1, 0]]
[[0.441, 16.276, 11.105, 0.74], [0.435, 11.737, 11.645, 0.758], [1, 0]]
[[0.438, 16.103, 11.034, 0.74], [0.419, 17.345, 10.603, 0.686], [1, 0]]
[[0.451, 14.538, 11.744, 0.731], [0.443, 14.116, 11.186, 0.762], [0, 1]]
[[0.203, 4.5, 13.0, 0.242], [0.154, 13.0, 7.5, 0.371], [0, 1]]
[[0.432, 15.347, 11.694, 0.713], [0.432, 13.776, 11.939, 0.711], [0, 1]]
[[0.441, 13.39, 11.293, 0.776], [0.435, 12.933, 10.578, 0.779], [1, 0]]
[[0.433, 11.797, 11.696, 0.752], [0.429, 13.463, 11.985, 0.744], [0, 1]]
[[0.45, 13.327, 10.796, 0.746], [0.448, 14.078, 11.098, 0.756], [1, 0]]
[[0.441, 13.519, 11.074, 0.766], [0.453, 13.296, 11.123, 0.725], [1, 0]]
[[0.458, 14.222, 9.827, 0.739], [0.442, 13.481, 10.333, 0.737], [0, 1]]
[[0.445, 13.677, 10.065, 0.767], [0.454, 13.123, 11.262, 0.724], [1, 0]]
[[0.431, 15.458, 11.875, 0.687], [0.4, 13.5, 11.636, 0.687], [0, 1]]
[[0.457, 12.667, 10.654, 0.747], [0.452, 13.679, 9.494, 0.725], [1, 0]]
[[0.436, 13.106, 10.702, 0.732], [0.454, 13.723, 10.021, 0.726], [0, 1]]
[[0.439, 14.812, 11.75, 0.721], [0.435, 12.389, 10.5, 0.737], [0, 1]]
[[0.182, 5.5, 7.0, 0.441], [0.254, 7.5, 5.0, 0.416], [1, 0]]
[[0.437, 12.556, 9.653, 0.765], [0.448, 13.616, 10.068, 0.727], [1, 0]]
[[0.447, 13.25, 10.404, 0.734], [0.447, 14.52, 11.76, 0.768], [0, 1]]
[[0.274, 8.0, 8.0, 0.54], [0.26, 9.0, 4.0, 0.357], [1, 0]]
[[0.43, 11.07, 8.837, 0.73], [0.448, 14.463, 11.732, 0.736], [1, 0]]
[[0.401, 10.429, 8.0, 0.585], [0.377, 13.429, 9.143, 0.636], [1, 0]]
[[0.446, 14.214, 11.482, 0.762], [0.456, 13.1, 11.083, 0.721], [0, 1]]
[[0.453, 14.404, 11.288, 0.742], [0.436, 13.623, 11.906, 0.718], [1, 0]]
[[0.432, 15.262, 11.667, 0.707], [0.442, 14.359, 11.667, 0.758], [0, 1]]
[[0.447, 11.759, 11.69, 0.708], [0.425, 12.633, 9.967, 0.747], [0, 1]]
[[0.449, 13.939, 10.121, 0.731], [0.444, 13.439, 10.682, 0.754], [1, 0]]
[[0.447, 13.767, 9.867, 0.745], [0.431, 13.828, 10.552, 0.745], [0, 1]]
[[0.443, 13.46, 10.333, 0.736], [0.435, 14.0, 11.6, 0.73], [0, 1]]
[[0.455, 14.36, 11.613, 0.762], [0.438, 13.067, 10.693, 0.731], [0, 1]]
[[0.449, 13.338, 10.809, 0.745], [0.453, 12.701, 9.627, 0.719], [1, 0]]
[[0.438, 15.211, 11.671, 0.71], [0.448, 14.12, 10.627, 0.741], [1, 0]]
[[0.445, 13.723, 10.53, 0.725], [0.454, 13.289, 11.145, 0.721], [0, 1]]
[[0.446, 13.393, 10.321, 0.735], [0.456, 13.052, 11.138, 0.721], [0, 1]]
[[0.455, 12.984, 10.625, 0.747], [0.428, 13.344, 11.906, 0.742], [0, 1]]
[[0.447, 13.179, 10.946, 0.737], [0.443, 12.611, 10.537, 0.748], [1, 0]]
[[0.382, 15.75, 9.25, 0.6], [0.422, 11.625, 7.5, 0.625], [0, 1]]
[[0.426, 15.243, 11.838, 0.693], [0.449, 13.85, 10.25, 0.736], [1, 0]]
[[0.447, 13.463, 9.685, 0.759], [0.455, 14.321, 11.264, 0.746], [1, 0]]
[[0.342, 8.5, 8.5, 0.484], [0.369, 11.5, 8.0, 0.574], [0, 1]]
[[0.437, 12.877, 11.123, 0.741], [0.443, 12.667, 10.632, 0.742], [1, 0]]
[[0.453, 14.392, 11.275, 0.741], [0.45, 13.353, 10.784, 0.747], [1, 0]]
[[0.348, 12.833, 10.0, 0.625], [0.398, 12.4, 8.2, 0.615], [1, 0]]
[[0.455, 12.829, 10.571, 0.746], [0.434, 11.803, 11.676, 0.756], [0, 1]]
[[0.459, 14.127, 9.175, 0.722], [0.447, 14.254, 11.238, 0.753], [0, 1]]
[[0.453, 12.443, 11.506, 0.738], [0.447, 13.709, 10.506, 0.765], [0, 1]]
[[0.438, 12.691, 9.63, 0.757], [0.437, 13.506, 12.062, 0.738], [1, 0]]
[[0.315, 8.25, 12.75, 0.429], [0.347, 11.4, 7.0, 0.589], [0, 1]]
[[0.442, 13.345, 9.172, 0.743], [0.45, 12.7, 8.633, 0.734], [1, 0]]
[[0.423, 10.987, 9.354, 0.757], [0.458, 12.709, 10.519, 0.744], [0, 1]]
[[0.446, 12.533, 8.867, 0.688], [0.416, 13.875, 9.812, 0.736], [1, 0]]
[[0.438, 13.0, 10.478, 0.722], [0.435, 12.13, 10.13, 0.742], [1, 0]]
[[0.439, 14.857, 11.286, 0.736], [0.415, 15.048, 12.333, 0.73], [0, 1]]
[[0.345, 12.0, 8.8, 0.653], [0.366, 14.0, 9.714, 0.622], [0, 1]]
[[0.451, 13.078, 10.667, 0.739], [0.451, 14.327, 11.633, 0.74], [1, 0]]
[[0.433, 11.88, 11.64, 0.763], [0.449, 13.918, 11.02, 0.76], [0, 1]]
[[0.446, 13.973, 10.205, 0.764], [0.451, 13.767, 9.233, 0.727], [1, 0]]
[[0.434, 15.386, 11.789, 0.717], [0.452, 14.429, 11.5, 0.749], [1, 0]]
[[0.456, 12.507, 11.36, 0.738], [0.44, 12.547, 10.773, 0.744], [1, 0]]
[[0.308, 7.0, 12.333, 0.354], [0.367, 8.0, 9.0, 0.594], [0, 1]]
[[0.351, 14.667, 11.333, 0.57], [0.351, 11.0, 11.0, 0.68], [0, 1]]
[[0.452, 11.906, 11.642, 0.738], [0.445, 12.642, 10.604, 0.747], [0, 1]]
[[0.453, 12.449, 11.362, 0.74], [0.445, 14.2, 11.329, 0.749], [0, 1]]
[[0.441, 12.158, 10.447, 0.741], [0.421, 13.553, 11.526, 0.723], [0, 1]]
[[0.456, 12.985, 10.627, 0.744], [0.438, 12.815, 10.585, 0.784], [0, 1]]
[[0.437, 12.797, 11.051, 0.739], [0.426, 13.311, 11.934, 0.74], [0, 1]]
[[0.439, 13.321, 11.434, 0.763], [0.447, 13.259, 10.407, 0.742], [0, 1]]
[[0.415, 17.07, 10.674, 0.679], [0.448, 13.682, 10.432, 0.738], [0, 1]]
[[0.448, 12.829, 10.486, 0.74], [0.448, 13.684, 10.342, 0.737], [1, 0]]
[[0.455, 14.306, 11.532, 0.749], [0.435, 12.726, 10.581, 0.782], [1, 0]]
[[0.423, 14.692, 12.269, 0.738], [0.411, 13.815, 11.519, 0.708], [1, 0]]
[[0.455, 12.792, 10.667, 0.746], [0.433, 13.042, 12.097, 0.734], [0, 1]]
[[0.409, 17.606, 10.364, 0.673], [0.453, 12.514, 8.571, 0.729], [0, 1]]
[[0.442, 13.022, 9.533, 0.748], [0.433, 11.933, 11.467, 0.764], [0, 1]]
[[0.415, 17.133, 10.822, 0.678], [0.451, 13.318, 10.432, 0.749], [0, 1]]
[[0.434, 12.8, 10.8, 0.728], [0.432, 14.056, 9.611, 0.695], [0, 1]]
[[0.203, 5.0, 7.5, 0.345], [0.182, 5.5, 7.0, 0.441], [0, 1]]
[[0.205, 4.5, 8.0, 0.409], [0.25, 8.5, 5.0, 0.265], [0, 1]]
[[0.378, 11.333, 8.167, 0.633], [0.392, 11.0, 10.625, 0.649], [1, 0]]
[[0.442, 12.0, 8.25, 0.658], [0.415, 11.538, 9.077, 0.724], [1, 0]]
[[0.427, 12.0, 10.357, 0.695], [0.42, 16.167, 10.417, 0.721], [0, 1]]
[[0.408, 14.895, 11.368, 0.666], [0.428, 12.684, 10.526, 0.73], [1, 0]]
[[0.452, 13.37, 9.852, 0.77], [0.439, 15.188, 11.675, 0.709], [1, 0]]
[[0.459, 13.0, 10.081, 0.73], [0.432, 13.286, 9.943, 0.716], [1, 0]]
[[0.444, 13.708, 10.639, 0.761], [0.44, 13.417, 10.486, 0.735], [1, 0]]
[[0.274, 10.0, 8.333, 0.549], [0.31, 8.0, 9.667, 0.571], [0, 1]]
[[0.459, 12.74, 10.519, 0.745], [0.443, 13.171, 10.408, 0.725], [0, 1]]
[[0.425, 15.083, 11.889, 0.698], [0.456, 12.73, 10.378, 0.714], [1, 0]]
[[0.41, 15.182, 11.864, 0.671], [0.418, 15.045, 12.045, 0.735], [0, 1]]
[[0.458, 12.1, 10.333, 0.733], [0.419, 11.786, 11.679, 0.75], [0, 1]]
[[0.447, 13.564, 9.103, 0.7], [0.425, 14.027, 11.622, 0.723], [0, 1]]
[[0.448, 13.389, 10.333, 0.737], [0.43, 13.242, 11.636, 0.692], [0, 1]]
[[0.445, 13.088, 9.471, 0.748], [0.445, 12.75, 10.469, 0.747], [0, 1]]
[[0.24, 7.0, 3.5, 0.354], [0.24, 7.0, 6.0, 0.435], [0, 1]]
[[0.455, 13.889, 9.978, 0.723], [0.436, 12.913, 10.391, 0.779], [0, 1]]
[[0.425, 12.027, 11.946, 0.766], [0.44, 12.108, 10.486, 0.737], [0, 1]]
[[0.425, 13.5, 9.885, 0.725], [0.453, 12.538, 10.0, 0.733], [0, 1]]
[[0.442, 13.438, 10.425, 0.734], [0.454, 12.945, 9.493, 0.72], [0, 1]]
[[0.441, 13.357, 11.429, 0.775], [0.431, 14.205, 11.409, 0.719], [1, 0]]
[[0.455, 13.03, 10.682, 0.746], [0.45, 13.545, 9.03, 0.729], [1, 0]]
[[0.434, 13.525, 9.925, 0.723], [0.449, 13.154, 10.59, 0.747], [0, 1]]
[[0.438, 13.522, 10.403, 0.721], [0.454, 13.141, 11.338, 0.724], [0, 1]]
[[0.426, 13.043, 11.0, 0.707], [0.432, 11.909, 10.5, 0.746], [0, 1]]
[[0.448, 11.481, 11.63, 0.705], [0.431, 12.586, 10.897, 0.755], [0, 1]]
[[0.445, 14.397, 11.349, 0.76], [0.444, 14.333, 11.333, 0.754], [1, 0]]
[[0.437, 13.222, 8.815, 0.694], [0.445, 13.542, 8.917, 0.741], [1, 0]]
[[0.45, 13.319, 9.736, 0.768], [0.434, 13.671, 12.123, 0.747], [1, 0]]
[[0.383, 12.25, 9.5, 0.661], [0.411, 11.6, 9.7, 0.726], [0, 1]]
[[0.423, 11.149, 9.149, 0.75], [0.453, 12.797, 9.565, 0.717], [0, 1]]
[[0.418, 17.188, 10.58, 0.685], [0.433, 13.188, 12.101, 0.73], [1, 0]]
[[0.452, 12.378, 11.524, 0.736], [0.455, 14.22, 11.317, 0.764], [1, 0]]
[[0.444, 12.427, 10.683, 0.743], [0.451, 13.988, 10.5, 0.736], [0, 1]]
[[0.435, 15.182, 11.515, 0.718], [0.438, 12.708, 10.862, 0.733], [0, 1]]
[[0.417, 16.851, 10.797, 0.687], [0.453, 12.946, 9.473, 0.718], [0, 1]]
[[0.448, 13.5, 10.471, 0.744], [0.434, 13.061, 10.485, 0.769], [0, 1]]
[[0.448, 13.541, 8.892, 0.697], [0.435, 13.455, 9.818, 0.72], [0, 1]]
[[0.451, 13.494, 10.924, 0.741], [0.445, 14.262, 11.162, 0.745], [1, 0]]
[[0.433, 10.72, 8.6, 0.706], [0.444, 12.542, 10.417, 0.732], [0, 1]]
[[0.446, 13.453, 10.593, 0.769], [0.442, 12.558, 10.651, 0.785], [1, 0]]
[[0.369, 11.333, 6.5, 0.656], [0.397, 11.667, 7.833, 0.647], [1, 0]]
[[0.436, 15.44, 11.64, 0.69], [0.443, 12.75, 7.625, 0.744], [1, 0]]
[[0.445, 13.368, 10.632, 0.751], [0.446, 13.446, 10.518, 0.742], [0, 1]]
[[0.44, 13.6, 11.137, 0.767], [0.454, 13.162, 11.125, 0.725], [1, 0]]
[[0.456, 12.415, 11.292, 0.744], [0.439, 16.203, 11.094, 0.74], [1, 0]]
[[0.434, 13.077, 11.212, 0.734], [0.457, 12.926, 11.019, 0.716], [0, 1]]
[[0.435, 10.914, 8.971, 0.721], [0.455, 12.735, 10.235, 0.714], [0, 1]]
[[0.423, 11.154, 8.904, 0.737], [0.432, 12.811, 9.906, 0.756], [0, 1]]
[[0.44, 13.51, 11.429, 0.77], [0.431, 14.059, 11.49, 0.725], [1, 0]]
[[0.442, 13.394, 9.485, 0.747], [0.444, 12.206, 10.294, 0.728], [1, 0]]
[[0.444, 14.277, 11.369, 0.753], [0.454, 13.136, 11.273, 0.726], [0, 1]]
[[0.432, 12.629, 10.016, 0.757], [0.433, 11.922, 11.703, 0.756], [1, 0]]
[[0.449, 13.263, 10.5, 0.747], [0.439, 14.146, 11.146, 0.761], [1, 0]]
[[0.435, 13.316, 9.0, 0.689], [0.416, 12.471, 10.294, 0.736], [0, 1]]
[[0.446, 13.511, 10.383, 0.732], [0.421, 13.426, 11.532, 0.724], [1, 0]]
[[0.432, 13.448, 9.828, 0.726], [0.445, 13.929, 10.571, 0.756], [1, 0]]
[[0.432, 12.776, 9.948, 0.759], [0.427, 13.517, 11.845, 0.735], [0, 1]]
[[0.398, 11.5, 7.0, 0.632], [0.39, 11.429, 10.429, 0.63], [1, 0]]
[[0.446, 13.314, 10.371, 0.742], [0.45, 12.647, 8.559, 0.728], [0, 1]]
[[0.177, 5.5, 5.5, 0.398], [0.212, 6.5, 7.0, 0.34], [1, 0]]
[[0.453, 13.39, 9.805, 0.771], [0.444, 14.159, 11.171, 0.745], [1, 0]]
[[0.438, 14.105, 9.842, 0.701], [0.419, 13.5, 10.8, 0.707], [1, 0]]
[[0.436, 15.556, 11.963, 0.688], [0.434, 12.333, 10.333, 0.748], [0, 1]]
[[0.452, 13.894, 9.383, 0.717], [0.449, 13.689, 10.378, 0.735], [0, 1]]
[[0.433, 15.824, 11.5, 0.709], [0.458, 12.697, 10.091, 0.716], [1, 0]]
[[0.435, 12.704, 10.444, 0.731], [0.412, 13.571, 11.5, 0.71], [0, 1]]
[[0.434, 11.947, 11.649, 0.758], [0.447, 14.053, 11.228, 0.754], [1, 0]]
[[0.269, 10.667, 6.333, 0.426], [0.315, 9.25, 8.5, 0.559], [0, 1]]
[[0.436, 12.962, 11.075, 0.734], [0.432, 13.926, 11.481, 0.723], [0, 1]]
[[0.446, 13.716, 10.506, 0.765], [0.452, 12.877, 9.617, 0.718], [0, 1]]
[[0.426, 11.043, 9.043, 0.726], [0.446, 13.587, 10.37, 0.733], [1, 0]]
[[0.427, 12.333, 9.833, 0.734], [0.426, 12.167, 9.722, 0.739], [1, 0]]
[[0.454, 13.585, 9.962, 0.726], [0.437, 13.471, 10.02, 0.715], [1, 0]]
[[0.435, 13.197, 12.0, 0.73], [0.437, 12.781, 10.609, 0.784], [0, 1]]
[[0.4, 11.0, 8.571, 0.709], [0.412, 12.0, 10.143, 0.692], [1, 0]]
[[0.438, 12.767, 10.967, 0.741], [0.423, 11.153, 9.203, 0.739], [0, 1]]
[[0.416, 17.078, 10.745, 0.684], [0.431, 14.08, 11.34, 0.725], [1, 0]]
[[0.427, 13.938, 8.75, 0.744], [0.408, 12.0, 10.889, 0.711], [0, 1]]
[[0.381, 14.778, 11.889, 0.622], [0.368, 12.222, 10.556, 0.619], [1, 0]]
[[0.434, 14.35, 10.15, 0.699], [0.437, 13.684, 10.579, 0.74], [0, 1]]
[[0.435, 15.116, 11.435, 0.716], [0.436, 14.057, 11.571, 0.731], [1, 0]]
[[0.423, 10.5, 8.85, 0.716], [0.41, 11.75, 10.75, 0.728], [0, 1]]
[[0.448, 13.333, 10.667, 0.749], [0.425, 13.37, 11.685, 0.736], [0, 1]]
[[0.442, 13.062, 9.667, 0.748], [0.425, 11.064, 9.021, 0.729], [1, 0]]
[[0.449, 13.057, 10.66, 0.74], [0.448, 12.939, 10.163, 0.748], [1, 0]]
[[0.417, 17.182, 10.6, 0.685], [0.432, 12.786, 9.911, 0.756], [0, 1]]
[[0.415, 13.333, 11.5, 0.718], [0.431, 12.935, 10.645, 0.766], [0, 1]]
[[0.409, 15.111, 12.222, 0.643], [0.418, 12.529, 10.471, 0.692], [1, 0]]
[[0.426, 12.881, 10.214, 0.749], [0.434, 13.171, 11.512, 0.705], [0, 1]]
[[0.432, 10.75, 8.75, 0.715], [0.424, 13.217, 9.783, 0.731], [0, 1]]
[[0.43, 11.316, 12.316, 0.677], [0.445, 12.45, 7.1, 0.735], [0, 1]]
[[0.459, 14.097, 9.431, 0.729], [0.439, 12.721, 10.779, 0.783], [1, 0]]
[[0.447, 13.471, 9.392, 0.755], [0.454, 13.608, 9.863, 0.726], [1, 0]]
[[0.45, 14.629, 11.886, 0.723], [0.439, 13.974, 11.308, 0.761], [0, 1]]
[[0.446, 13.66, 9.489, 0.759], [0.434, 13.565, 10.0, 0.719], [1, 0]]
[[0.434, 13.375, 9.083, 0.699], [0.435, 12.286, 9.952, 0.743], [1, 0]]
[[0.45, 13.36, 8.6, 0.691], [0.415, 11.708, 11.333, 0.737], [0, 1]]
[[0.448, 13.265, 9.824, 0.763], [0.438, 16.087, 10.928, 0.739], [1, 0]]
[[0.445, 13.818, 10.152, 0.761], [0.445, 14.309, 11.338, 0.755], [1, 0]]
[[0.39, 13.0, 9.636, 0.657], [0.421, 11.1, 9.8, 0.717], [1, 0]]
[[0.427, 12.868, 9.868, 0.754], [0.438, 14.353, 11.824, 0.75], [0, 1]]
[[0.374, 9.714, 13.286, 0.618], [0.382, 10.286, 9.857, 0.693], [0, 1]]
[[0.441, 16.273, 11.078, 0.742], [0.44, 13.519, 11.169, 0.765], [1, 0]]
[[0.415, 17.0, 10.727, 0.681], [0.456, 13.136, 10.864, 0.732], [0, 1]]
[[0.45, 13.963, 10.625, 0.736], [0.437, 13.575, 12.025, 0.743], [0, 1]]
[[0.42, 12.722, 10.389, 0.696], [0.41, 14.765, 11.353, 0.737], [0, 1]]
[[0.45, 13.524, 11.073, 0.742], [0.44, 13.256, 10.829, 0.728], [0, 1]]
[[0.438, 13.419, 10.355, 0.718], [0.438, 12.746, 10.762, 0.735], [0, 1]]
[[0.417, 17.658, 10.342, 0.675], [0.441, 13.667, 9.487, 0.749], [0, 1]]
[[0.456, 12.631, 10.762, 0.749], [0.445, 13.702, 10.524, 0.725], [0, 1]]
[[0.419, 11.895, 8.895, 0.725], [0.426, 13.722, 9.0, 0.746], [0, 1]]
[[0.451, 13.437, 10.662, 0.743], [0.444, 13.614, 10.757, 0.758], [0, 1]]
[[0.451, 13.452, 10.712, 0.741], [0.448, 13.366, 9.718, 0.768], [1, 0]]
[[0.454, 13.522, 8.986, 0.73], [0.437, 14.085, 11.549, 0.728], [1, 0]]
[[0.448, 13.667, 8.944, 0.723], [0.445, 13.364, 10.382, 0.737], [1, 0]]
[[0.454, 14.443, 11.557, 0.748], [0.433, 14.016, 11.677, 0.73], [0, 1]]
[[0.435, 13.471, 10.706, 0.744], [0.42, 12.7, 10.75, 0.699], [1, 0]]
[[0.435, 15.344, 11.607, 0.716], [0.443, 13.705, 10.049, 0.766], [0, 1]]
[[0.458, 12.37, 10.0, 0.73], [0.426, 13.4, 9.84, 0.721], [1, 0]]
[[0.441, 13.087, 9.826, 0.72], [0.436, 12.19, 10.19, 0.743], [0, 1]]
[[0.377, 12.6, 6.8, 0.599], [0.39, 11.6, 7.8, 0.581], [1, 0]]
[[0.445, 13.414, 10.397, 0.735], [0.435, 13.373, 11.847, 0.724], [1, 0]]
[[0.449, 14.185, 10.222, 0.705], [0.43, 13.733, 10.7, 0.745], [0, 1]]
[[0.376, 15.5, 10.375, 0.625], [0.366, 18.333, 10.667, 0.676], [0, 1]]
[[0.448, 14.013, 11.276, 0.766], [0.446, 14.325, 11.208, 0.744], [1, 0]]
[[0.456, 12.805, 10.268, 0.733], [0.429, 14.077, 11.615, 0.726], [0, 1]]
[[0.428, 13.308, 8.231, 0.714], [0.383, 12.667, 10.8, 0.674], [1, 0]]
[[0.434, 12.8, 7.9, 0.631], [0.393, 11.4, 11.2, 0.707], [0, 1]]
[[0.422, 12.625, 10.0, 0.746], [0.458, 11.833, 10.042, 0.727], [0, 1]]
[[0.437, 12.695, 9.683, 0.755], [0.445, 13.732, 10.476, 0.724], [1, 0]]
[[0.446, 14.342, 11.158, 0.745], [0.442, 12.77, 10.662, 0.79], [0, 1]]
[[0.45, 13.465, 11.186, 0.747], [0.442, 15.081, 11.535, 0.708], [0, 1]]
[[0.369, 17.6, 9.6, 0.649], [0.397, 13.167, 5.5, 0.694], [1, 0]]
[[0.448, 11.933, 11.333, 0.708], [0.443, 12.656, 9.375, 0.755], [1, 0]]
[[0.425, 11.222, 8.333, 0.711], [0.389, 12.222, 9.556, 0.692], [1, 0]]
[[0.456, 13.833, 9.929, 0.713], [0.436, 13.643, 9.952, 0.722], [1, 0]]
[[0.454, 13.364, 8.136, 0.675], [0.43, 13.833, 10.375, 0.74], [1, 0]]
[[0.307, 11.75, 8.25, 0.532], [0.324, 11.0, 9.4, 0.653], [0, 1]]
[[0.446, 13.96, 10.72, 0.756], [0.44, 14.731, 12.038, 0.722], [1, 0]]
[[0.45, 11.898, 11.551, 0.735], [0.446, 13.46, 9.4, 0.756], [1, 0]]
[[0.456, 13.167, 8.444, 0.753], [0.451, 12.789, 8.211, 0.685], [1, 0]]
[[0.448, 13.211, 9.553, 0.738], [0.439, 14.0, 11.2, 0.76], [1, 0]]
[[0.444, 12.667, 10.451, 0.747], [0.447, 14.113, 11.0, 0.754], [0, 1]]
[[0.451, 13.312, 10.688, 0.745], [0.42, 13.5, 11.542, 0.725], [1, 0]]
[[0.447, 11.44, 11.68, 0.706], [0.453, 12.731, 10.038, 0.715], [1, 0]]
[[0.41, 14.938, 12.0, 0.65], [0.408, 11.933, 10.6, 0.667], [1, 0]]
[[0.455, 12.235, 10.588, 0.736], [0.436, 14.531, 11.938, 0.754], [0, 1]]
[[0.425, 13.381, 9.667, 0.739], [0.414, 11.864, 11.136, 0.731], [0, 1]]
[[0.446, 13.328, 10.603, 0.748], [0.456, 12.433, 9.5, 0.722], [0, 1]]
[[0.426, 12.902, 10.171, 0.747], [0.451, 14.658, 11.711, 0.735], [0, 1]]
[[0.417, 13.2, 8.5, 0.716], [0.414, 10.667, 9.889, 0.708], [0, 1]]
[[0.445, 13.754, 10.138, 0.763], [0.436, 14.076, 11.591, 0.732], [0, 1]]
[[0.455, 12.24, 10.12, 0.731], [0.445, 13.741, 9.741, 0.732], [1, 0]]
[[0.458, 11.955, 9.682, 0.713], [0.417, 13.5, 11.409, 0.711], [1, 0]]
[[0.452, 13.287, 9.863, 0.772], [0.438, 15.19, 11.658, 0.709], [1, 0]]
[[0.435, 12.633, 10.967, 0.732], [0.422, 11.7, 11.8, 0.746], [0, 1]]
[[0.44, 13.805, 9.634, 0.752], [0.462, 12.85, 10.275, 0.734], [1, 0]]
[[0.437, 12.771, 10.8, 0.731], [0.427, 12.833, 9.889, 0.747], [1, 0]]
[[0.454, 11.926, 11.556, 0.741], [0.432, 12.709, 9.818, 0.758], [0, 1]]
[[0.458, 13.023, 10.767, 0.73], [0.451, 13.209, 10.465, 0.747], [0, 1]]
[[0.429, 12.0, 8.762, 0.738], [0.438, 14.75, 11.1, 0.726], [1, 0]]
[[0.416, 13.118, 10.882, 0.702], [0.419, 14.056, 9.944, 0.743], [1, 0]]
[[0.447, 13.433, 10.883, 0.742], [0.454, 13.397, 10.81, 0.733], [1, 0]]
[[0.458, 13.639, 8.639, 0.71], [0.433, 13.382, 9.824, 0.719], [1, 0]]
[[0.426, 12.875, 9.844, 0.749], [0.435, 13.333, 9.733, 0.725], [1, 0]]
[[0.451, 11.974, 11.359, 0.73], [0.435, 13.125, 11.425, 0.7], [1, 0]]
[[0.458, 13.0, 10.231, 0.732], [0.455, 12.5, 8.553, 0.729], [0, 1]]
[[0.453, 14.525, 11.559, 0.751], [0.445, 13.305, 10.695, 0.749], [0, 1]]
[[0.425, 10.333, 8.905, 0.722], [0.438, 13.091, 10.091, 0.713], [1, 0]]
[[0.444, 13.085, 10.512, 0.724], [0.434, 11.78, 11.683, 0.757], [0, 1]]
[[0.458, 13.1, 10.267, 0.742], [0.442, 13.321, 9.179, 0.742], [0, 1]]
[[0.447, 13.75, 9.227, 0.709], [0.449, 13.2, 10.45, 0.747], [0, 1]]
[[0.455, 12.167, 11.417, 0.737], [0.433, 14.067, 11.733, 0.729], [1, 0]]
[[0.445, 13.766, 10.519, 0.763], [0.435, 13.571, 12.0, 0.745], [1, 0]]
[[0.424, 11.18, 9.279, 0.742], [0.456, 13.063, 10.603, 0.743], [1, 0]]
[[0.438, 12.538, 10.738, 0.745], [0.442, 13.431, 10.369, 0.736], [0, 1]]
[[0.462, 13.0, 10.114, 0.728], [0.445, 13.871, 10.613, 0.766], [1, 0]]
[[0.424, 11.16, 9.08, 0.734], [0.453, 13.577, 9.846, 0.726], [1, 0]]
[[0.442, 13.529, 9.529, 0.75], [0.435, 13.0, 10.543, 0.771], [1, 0]]
[[0.458, 13.022, 10.756, 0.733], [0.434, 13.652, 11.804, 0.708], [1, 0]]
[[0.456, 12.493, 11.358, 0.741], [0.437, 14.015, 11.618, 0.732], [0, 1]]
[[0.455, 14.216, 9.973, 0.701], [0.424, 12.132, 11.921, 0.762], [1, 0]]
[[0.441, 12.7, 9.433, 0.752], [0.452, 12.793, 8.379, 0.736], [1, 0]]
[[0.434, 13.476, 9.048, 0.708], [0.413, 14.778, 11.444, 0.739], [0, 1]]
[[0.435, 15.115, 11.5, 0.716], [0.434, 13.0, 10.792, 0.779], [0, 1]]
[[0.454, 11.8, 9.5, 0.715], [0.449, 12.55, 9.8, 0.707], [1, 0]]
[[0.45, 13.512, 11.125, 0.743], [0.439, 13.988, 11.588, 0.73], [1, 0]]
[[0.436, 13.509, 10.17, 0.719], [0.449, 13.34, 10.66, 0.749], [0, 1]]
[[0.409, 15.176, 12.118, 0.648], [0.432, 14.929, 11.786, 0.729], [1, 0]]
[[0.431, 12.462, 9.077, 0.714], [0.417, 14.143, 9.643, 0.68], [1, 0]]
[[0.358, 8.75, 7.0, 0.595], [0.33, 10.8, 9.8, 0.571], [1, 0]]
[[0.427, 14.593, 12.185, 0.743], [0.445, 12.793, 9.897, 0.737], [1, 0]]
[[0.395, 9.333, 8.5, 0.696], [0.386, 10.833, 8.5, 0.68], [0, 1]]
[[0.436, 12.789, 10.895, 0.724], [0.424, 12.789, 10.474, 0.699], [1, 0]]
[[0.432, 15.806, 11.333, 0.713], [0.448, 13.514, 10.432, 0.738], [1, 0]]
[[0.437, 12.907, 10.767, 0.731], [0.445, 14.136, 11.159, 0.761], [0, 1]]
[[0.46, 11.913, 9.783, 0.719], [0.445, 12.905, 10.286, 0.73], [0, 1]]
[[0.445, 13.776, 10.553, 0.764], [0.448, 14.081, 10.581, 0.743], [1, 0]]
[[0.454, 13.35, 10.767, 0.736], [0.445, 13.373, 10.356, 0.736], [0, 1]]
[[0.374, 10.6, 7.0, 0.605], [0.366, 12.0, 9.4, 0.593], [0, 1]]
[[0.423, 12.062, 8.188, 0.731], [0.423, 12.118, 9.706, 0.744], [1, 0]]
[[0.459, 13.864, 9.136, 0.721], [0.418, 17.25, 10.607, 0.687], [1, 0]]
[[0.456, 14.025, 9.95, 0.71], [0.431, 12.122, 11.634, 0.759], [1, 0]]
[[0.445, 13.327, 10.473, 0.743], [0.459, 12.456, 9.509, 0.724], [0, 1]]
[[0.385, 16.0, 11.692, 0.662], [0.425, 12.385, 10.462, 0.715], [0, 1]]
[[0.212, 6.5, 7.0, 0.34], [0.22, 11.0, 3.5, 0.359], [0, 1]]
[[0.45, 12.981, 10.731, 0.74], [0.448, 14.562, 11.542, 0.769], [0, 1]]
[[0.451, 13.338, 9.857, 0.775], [0.437, 14.039, 11.584, 0.731], [1, 0]]
[[0.378, 10.6, 8.0, 0.499], [0.341, 10.667, 10.167, 0.618], [1, 0]]
[[0.429, 13.556, 9.63, 0.726], [0.43, 13.276, 11.655, 0.705], [1, 0]]
[[0.448, 13.054, 9.568, 0.74], [0.433, 13.343, 11.571, 0.693], [0, 1]]
[[0.441, 12.436, 10.628, 0.746], [0.452, 12.812, 9.6, 0.718], [0, 1]]
[[0.454, 13.625, 10.0, 0.731], [0.458, 13.088, 11.0, 0.718], [0, 1]]
[[0.331, 11.0, 5.0, 0.592], [0.366, 11.5, 7.25, 0.568], [0, 1]]
[[0.437, 12.841, 12.037, 0.734], [0.454, 13.256, 11.146, 0.722], [0, 1]]
[[0.424, 10.973, 9.176, 0.756], [0.438, 13.507, 11.253, 0.766], [0, 1]]
[[0.419, 16.637, 10.95, 0.687], [0.447, 13.658, 10.316, 0.723], [0, 1]]
[[0.45, 13.793, 10.0, 0.707], [0.45, 13.531, 10.156, 0.743], [1, 0]]
[[0.435, 12.8, 10.375, 0.776], [0.454, 12.475, 8.775, 0.736], [0, 1]]
[[0.427, 10.978, 8.933, 0.731], [0.458, 12.8, 11.0, 0.713], [0, 1]]
[[0.429, 13.5, 9.4, 0.737], [0.442, 12.8, 10.2, 0.716], [0, 1]]
[[0.442, 13.169, 9.966, 0.758], [0.447, 13.509, 10.456, 0.744], [1, 0]]
[[0.454, 13.295, 9.875, 0.764], [0.452, 12.773, 9.67, 0.717], [1, 0]]
[[0.458, 13.065, 10.387, 0.741], [0.431, 13.935, 10.806, 0.747], [0, 1]]
[[0.384, 16.25, 11.5, 0.648], [0.413, 11.417, 8.583, 0.724], [0, 1]]
[[0.425, 15.086, 11.857, 0.696], [0.424, 11.944, 11.889, 0.766], [0, 1]]
[[0.423, 12.6, 10.04, 0.749], [0.431, 12.2, 10.6, 0.751], [0, 1]]
[[0.436, 12.649, 10.73, 0.731], [0.453, 12.568, 8.541, 0.73], [0, 1]]
[[0.45, 12.625, 7.812, 0.685], [0.413, 15.143, 10.714, 0.727], [0, 1]]
[[0.45, 13.217, 8.478, 0.677], [0.418, 13.348, 11.652, 0.709], [0, 1]]
[[0.433, 12.656, 9.934, 0.758], [0.445, 13.475, 10.328, 0.737], [1, 0]]
[[0.439, 12.582, 10.672, 0.746], [0.447, 14.254, 11.179, 0.766], [0, 1]]
[[0.455, 12.391, 11.344, 0.743], [0.446, 13.254, 10.635, 0.753], [1, 0]]
[[0.459, 14.19, 9.759, 0.733], [0.435, 11.835, 11.62, 0.756], [1, 0]]
[[0.423, 11.027, 9.123, 0.756], [0.446, 13.919, 10.162, 0.764], [1, 0]]
[[0.42, 14.4, 9.467, 0.684], [0.434, 12.267, 9.8, 0.725], [0, 1]]
[[0.436, 12.818, 11.152, 0.724], [0.423, 13.97, 11.636, 0.713], [1, 0]]
[[0.458, 12.161, 10.29, 0.735], [0.45, 12.688, 8.719, 0.73], [1, 0]]
[[0.358, 11.75, 9.0, 0.605], [0.343, 9.25, 5.0, 0.565], [1, 0]]
[[0.458, 13.0, 10.321, 0.743], [0.428, 13.481, 11.519, 0.707], [1, 0]]
[[0.422, 11.176, 9.0, 0.736], [0.416, 17.038, 10.642, 0.681], [0, 1]]
[[0.415, 15.615, 10.615, 0.723], [0.382, 12.562, 10.938, 0.675], [1, 0]]
[[0.418, 13.833, 8.667, 0.676], [0.405, 13.4, 9.2, 0.65], [0, 1]]
[[0.389, 12.333, 10.222, 0.747], [0.411, 11.778, 10.444, 0.703], [1, 0]]
[[0.441, 14.435, 10.043, 0.708], [0.444, 12.783, 7.522, 0.744], [1, 0]]
[[0.423, 11.176, 9.118, 0.751], [0.447, 13.986, 10.667, 0.748], [0, 1]]
[[0.422, 12.652, 10.174, 0.74], [0.445, 12.545, 7.318, 0.74], [0, 1]]
[[0.451, 13.619, 8.889, 0.728], [0.445, 13.758, 10.565, 0.746], [1, 0]]
[[0.453, 12.395, 11.568, 0.735], [0.44, 15.136, 11.642, 0.709], [0, 1]]
[[0.441, 16.297, 11.068, 0.741], [0.448, 14.095, 11.324, 0.767], [0, 1]]
[[0.438, 12.632, 9.539, 0.762], [0.439, 13.461, 11.197, 0.767], [0, 1]]
[[0.31, 9.0, 7.0, 0.553], [0.32, 8.667, 4.667, 0.487], [0, 1]]
[[0.459, 14.213, 9.812, 0.737], [0.458, 12.738, 10.6, 0.746], [0, 1]]
[[0.439, 13.383, 11.35, 0.763], [0.439, 12.689, 10.705, 0.738], [1, 0]]
[[0.455, 13.94, 9.28, 0.72], [0.435, 16.277, 11.468, 0.73], [0, 1]]
[[0.446, 13.402, 10.621, 0.77], [0.442, 12.517, 10.609, 0.786], [0, 1]]
[[0.457, 12.094, 10.438, 0.734], [0.419, 13.844, 11.875, 0.715], [1, 0]]
[[0.451, 14.312, 11.542, 0.737], [0.455, 12.66, 10.98, 0.719], [0, 1]]
[[0.439, 12.603, 10.671, 0.746], [0.44, 13.329, 10.384, 0.723], [0, 1]]
[[0.437, 13.651, 9.953, 0.722], [0.45, 12.744, 10.14, 0.739], [1, 0]]
[[0.435, 12.208, 8.958, 0.734], [0.439, 13.042, 10.625, 0.725], [0, 1]]
[[0.438, 13.561, 10.439, 0.721], [0.455, 14.284, 11.672, 0.753], [1, 0]]
[[0.458, 13.893, 9.125, 0.723], [0.454, 13.704, 10.019, 0.728], [0, 1]]
[[0.435, 11.818, 11.636, 0.759], [0.434, 12.818, 12.195, 0.735], [1, 0]]
[[0.424, 11.148, 9.111, 0.741], [0.425, 13.446, 11.839, 0.739], [0, 1]]
[[0.444, 12.25, 10.25, 0.723], [0.451, 12.727, 8.667, 0.731], [0, 1]]
[[0.454, 12.088, 11.509, 0.74], [0.454, 13.316, 10.877, 0.735], [1, 0]]
[[0.457, 12.321, 10.143, 0.728], [0.43, 13.286, 11.429, 0.709], [1, 0]]
[[0.359, 11.5, 7.667, 0.616], [0.364, 10.5, 9.5, 0.669], [0, 1]]
[[0.446, 13.541, 10.647, 0.767], [0.441, 12.612, 10.718, 0.784], [1, 0]]
[[0.399, 12.154, 8.692, 0.724], [0.424, 14.5, 11.5, 0.702], [1, 0]]
[[0.435, 13.596, 11.962, 0.715], [0.43, 14.038, 11.481, 0.725], [1, 0]]
[[0.438, 12.625, 10.694, 0.745], [0.458, 12.689, 10.514, 0.746], [0, 1]]
[[0.434, 12.697, 9.985, 0.76], [0.438, 13.515, 11.212, 0.767], [0, 1]]
[[0.444, 13.4, 9.8, 0.763], [0.44, 13.365, 11.288, 0.766], [0, 1]]
[[0.446, 13.339, 10.932, 0.74], [0.423, 11.2, 9.182, 0.74], [1, 0]]
[[0.454, 12.468, 11.506, 0.739], [0.443, 12.61, 10.532, 0.783], [0, 1]]
[[0.455, 12.152, 10.576, 0.735], [0.433, 12.971, 10.559, 0.772], [0, 1]]
[[0.459, 14.151, 9.452, 0.73], [0.437, 14.069, 11.639, 0.729], [0, 1]]
[[0.454, 13.516, 8.677, 0.708], [0.461, 12.828, 9.897, 0.728], [1, 0]]
[[0.448, 13.547, 8.981, 0.723], [0.458, 12.964, 11.0, 0.718], [0, 1]]
[[0.441, 13.167, 8.9, 0.702], [0.45, 12.643, 9.929, 0.714], [0, 1]]
[[0.454, 12.456, 11.324, 0.741], [0.437, 16.206, 11.044, 0.739], [1, 0]]
[[0.254, 7.5, 5.0, 0.416], [0.176, 7.5, 7.0, 0.371], [0, 1]]
[[0.442, 14.289, 11.711, 0.759], [0.424, 13.65, 11.6, 0.724], [0, 1]]
[[0.423, 11.214, 9.179, 0.739], [0.434, 12.0, 11.763, 0.758], [1, 0]]
[[0.41, 12.062, 11.062, 0.705], [0.412, 12.533, 9.933, 0.685], [0, 1]]
[[0.45, 13.953, 10.118, 0.763], [0.444, 13.024, 10.388, 0.726], [1, 0]]
[[0.443, 13.135, 10.0, 0.75], [0.459, 13.019, 10.66, 0.738], [0, 1]]
[[0.446, 13.304, 10.571, 0.75], [0.458, 12.466, 9.431, 0.724], [1, 0]]
[[0.437, 16.019, 11.212, 0.739], [0.44, 13.392, 11.412, 0.768], [1, 0]]
[[0.459, 13.115, 10.346, 0.743], [0.418, 15.043, 12.261, 0.734], [0, 1]]
[[0.436, 13.41, 10.41, 0.724], [0.446, 14.344, 11.344, 0.754], [0, 1]]
[[0.445, 13.767, 10.644, 0.762], [0.454, 13.0, 11.243, 0.726], [0, 1]]
[[0.458, 12.632, 10.447, 0.733], [0.434, 13.154, 11.436, 0.697], [0, 1]]
[[0.435, 12.536, 9.607, 0.747], [0.434, 12.464, 10.571, 0.75], [0, 1]]
[[0.45, 13.514, 10.77, 0.74], [0.45, 13.329, 9.781, 0.768], [0, 1]]
[[0.451, 13.0, 10.633, 0.739], [0.448, 13.553, 8.851, 0.72], [1, 0]]
[[0.442, 13.438, 10.297, 0.738], [0.438, 12.719, 10.688, 0.735], [0, 1]]
[[0.44, 12.634, 10.62, 0.745], [0.455, 14.319, 11.653, 0.756], [1, 0]]
[[0.432, 13.0, 10.538, 0.714], [0.423, 12.357, 9.857, 0.743], [0, 1]]
[[0.457, 13.333, 10.625, 0.735], [0.44, 12.364, 10.5, 0.744], [0, 1]]
[[0.432, 12.603, 10.048, 0.758], [0.444, 13.452, 10.371, 0.738], [1, 0]]
[[0.435, 13.308, 12.015, 0.729], [0.446, 14.438, 11.328, 0.76], [0, 1]]
[[0.435, 13.18, 10.98, 0.735], [0.434, 16.16, 11.32, 0.739], [0, 1]]
[[0.458, 13.926, 9.185, 0.721], [0.434, 13.196, 11.059, 0.732], [1, 0]]
[[0.427, 15.385, 11.718, 0.703], [0.433, 13.41, 10.026, 0.721], [1, 0]]
[[0.432, 16.256, 11.385, 0.721], [0.449, 14.75, 11.917, 0.726], [1, 0]]
[[0.412, 11.75, 11.25, 0.69], [0.376, 11.8, 10.2, 0.641], [0, 1]]
[[0.45, 13.6, 8.983, 0.726], [0.447, 14.177, 11.274, 0.751], [1, 0]]
[[0.437, 14.455, 11.879, 0.75], [0.421, 13.083, 11.5, 0.725], [1, 0]]
[[0.41, 15.13, 11.957, 0.673], [0.436, 12.5, 10.167, 0.739], [1, 0]]
[[0.446, 13.921, 10.211, 0.764], [0.435, 12.867, 12.08, 0.735], [0, 1]]
[[0.438, 16.107, 11.0, 0.745], [0.444, 13.509, 10.0, 0.764], [0, 1]]
[[0.387, 12.6, 10.8, 0.759], [0.417, 11.778, 8.222, 0.657], [1, 0]]
[[0.453, 13.596, 10.123, 0.731], [0.436, 13.421, 11.877, 0.718], [0, 1]]
[[0.442, 13.113, 10.019, 0.755], [0.432, 12.704, 9.87, 0.758], [1, 0]]
[[0.415, 12.167, 10.556, 0.738], [0.44, 12.062, 9.75, 0.718], [0, 1]]
[[0.336, 12.2, 8.0, 0.594], [0.362, 11.333, 9.333, 0.674], [0, 1]]
[[0.452, 11.961, 11.529, 0.737], [0.422, 13.49, 11.608, 0.731], [1, 0]]
[[0.424, 11.116, 9.174, 0.752], [0.456, 14.257, 11.486, 0.756], [1, 0]]
[[0.433, 16.265, 11.449, 0.736], [0.458, 13.14, 10.78, 0.732], [1, 0]]
[[0.457, 13.217, 10.565, 0.733], [0.432, 15.522, 12.0, 0.681], [1, 0]]
[[0.438, 13.39, 11.356, 0.765], [0.454, 13.127, 11.317, 0.723], [0, 1]]
[[0.455, 12.224, 11.414, 0.74], [0.435, 13.411, 10.357, 0.716], [1, 0]]
[[0.45, 13.447, 10.803, 0.74], [0.436, 13.592, 12.013, 0.747], [1, 0]]
[[0.389, 15.0, 11.182, 0.633], [0.427, 12.364, 7.636, 0.677], [1, 0]]
[[0.416, 17.222, 10.63, 0.683], [0.447, 14.51, 11.647, 0.767], [0, 1]]
[[0.437, 15.162, 11.554, 0.715], [0.447, 13.72, 10.24, 0.725], [1, 0]]
[[0.437, 13.2, 9.04, 0.689], [0.439, 14.455, 10.091, 0.703], [0, 1]]
[[0.433, 15.892, 11.351, 0.715], [0.438, 13.842, 11.184, 0.759], [0, 1]]
[[0.433, 15.8, 11.457, 0.711], [0.428, 12.8, 9.714, 0.747], [0, 1]]
[[0.432, 15.16, 11.68, 0.713], [0.431, 11.882, 11.765, 0.763], [1, 0]]
[[0.417, 13.167, 11.056, 0.704], [0.443, 12.737, 9.895, 0.698], [1, 0]]
[[0.448, 13.52, 8.94, 0.716], [0.452, 14.32, 11.46, 0.741], [0, 1]]
[[0.424, 13.0, 10.311, 0.751], [0.442, 13.75, 9.455, 0.751], [0, 1]]
[[0.456, 12.873, 10.535, 0.747], [0.439, 13.465, 10.507, 0.735], [1, 0]]
[[0.449, 12.714, 10.143, 0.737], [0.435, 12.837, 10.605, 0.78], [0, 1]]
[[0.443, 13.109, 9.927, 0.755], [0.458, 12.482, 9.482, 0.725], [0, 1]]
[[0.438, 12.609, 10.844, 0.745], [0.435, 13.312, 11.906, 0.727], [1, 0]]
[[0.431, 12.922, 9.961, 0.753], [0.434, 13.549, 11.98, 0.714], [1, 0]]
[[0.457, 12.925, 10.275, 0.731], [0.449, 13.0, 10.256, 0.74], [1, 0]]
[[0.442, 12.957, 9.587, 0.747], [0.435, 12.867, 10.689, 0.733], [1, 0]]
[[0.434, 11.792, 11.625, 0.757], [0.434, 13.057, 12.014, 0.731], [0, 1]]
[[0.438, 12.5, 10.682, 0.744], [0.444, 13.925, 10.284, 0.76], [0, 1]]
[[0.45, 13.571, 11.119, 0.744], [0.441, 15.143, 11.452, 0.707], [0, 1]]
[[0.452, 12.773, 10.364, 0.738], [0.449, 14.357, 11.595, 0.734], [1, 0]]
[[0.417, 17.292, 10.585, 0.688], [0.433, 11.806, 11.657, 0.752], [0, 1]]
[[0.449, 14.043, 11.106, 0.756], [0.459, 12.689, 9.089, 0.74], [0, 1]]
[[0.454, 13.783, 10.065, 0.724], [0.434, 14.267, 11.378, 0.719], [1, 0]]
[[0.449, 11.968, 11.452, 0.713], [0.423, 11.806, 11.742, 0.75], [0, 1]]
[[0.448, 13.569, 10.466, 0.746], [0.435, 12.78, 10.678, 0.786], [0, 1]]
[[0.419, 17.158, 10.579, 0.684], [0.449, 13.679, 9.018, 0.725], [0, 1]]
[[0.451, 13.55, 8.775, 0.715], [0.442, 14.297, 11.676, 0.758], [0, 1]]
[[0.399, 11.727, 9.182, 0.707], [0.414, 17.4, 9.9, 0.717], [0, 1]]
[[0.405, 11.667, 10.917, 0.687], [0.434, 12.9, 6.2, 0.716], [1, 0]]
[[0.433, 12.762, 10.619, 0.728], [0.439, 13.611, 10.667, 0.736], [0, 1]]
[[0.409, 11.615, 9.769, 0.636], [0.413, 13.769, 9.538, 0.743], [0, 1]]
[[0.437, 10.774, 9.258, 0.712], [0.418, 13.281, 11.688, 0.717], [0, 1]]
[[0.446, 13.732, 10.598, 0.765], [0.449, 14.012, 11.134, 0.763], [0, 1]]
[[0.446, 13.292, 10.708, 0.745], [0.445, 14.361, 11.508, 0.761], [0, 1]]
[[0.311, 10.25, 8.5, 0.58], [0.312, 7.333, 7.667, 0.495], [1, 0]]
[[0.437, 13.104, 10.854, 0.733], [0.433, 11.898, 11.633, 0.766], [1, 0]]
[[0.407, 13.364, 9.182, 0.742], [0.428, 13.444, 5.889, 0.72], [0, 1]]
[[0.447, 13.364, 10.618, 0.75], [0.433, 12.821, 10.679, 0.786], [1, 0]]
[[0.439, 13.44, 9.96, 0.715], [0.446, 13.235, 10.373, 0.732], [1, 0]]
[[0.436, 15.242, 11.532, 0.718], [0.445, 13.311, 10.77, 0.754], [0, 1]]
[[0.456, 13.932, 10.023, 0.717], [0.423, 13.581, 11.605, 0.724], [0, 1]]
[[0.436, 12.59, 10.795, 0.728], [0.435, 12.949, 10.462, 0.772], [0, 1]]
[[0.191, 5.5, 7.5, 0.283], [0.24, 7.0, 6.0, 0.435], [0, 1]]
[[0.418, 14.9, 12.25, 0.665], [0.445, 12.471, 9.588, 0.718], [0, 1]]
[[0.456, 14.304, 11.405, 0.761], [0.443, 12.633, 10.557, 0.784], [0, 1]]
[[0.456, 12.608, 11.351, 0.739], [0.455, 14.392, 11.581, 0.76], [1, 0]]
[[0.438, 15.906, 11.531, 0.7], [0.442, 13.323, 9.323, 0.748], [0, 1]]
[[0.456, 13.5, 8.625, 0.708], [0.444, 12.516, 10.581, 0.745], [0, 1]]
[[0.328, 13.25, 9.0, 0.587], [0.306, 7.0, 6.333, 0.525], [0, 1]]
[[0.434, 14.239, 11.348, 0.723], [0.46, 12.63, 9.065, 0.738], [0, 1]]
[[0.434, 12.56, 9.2, 0.733], [0.418, 13.4, 11.76, 0.708], [1, 0]]
[[0.447, 14.429, 11.667, 0.763], [0.449, 12.886, 10.159, 0.741], [1, 0]]
[[0.431, 10.8, 12.2, 0.686], [0.441, 12.867, 9.2, 0.735], [0, 1]]
[[0.456, 12.486, 10.459, 0.733], [0.441, 13.778, 11.306, 0.774], [1, 0]]
[[0.449, 13.91, 10.141, 0.765], [0.445, 14.342, 11.114, 0.744], [1, 0]]
[[0.446, 14.758, 11.909, 0.721], [0.443, 12.086, 10.4, 0.731], [0, 1]]
[[0.447, 13.205, 9.487, 0.745], [0.45, 14.649, 11.838, 0.729], [1, 0]]
[[0.425, 12.167, 9.917, 0.678], [0.386, 12.8, 9.7, 0.641], [1, 0]]
[[0.453, 13.314, 9.895, 0.765], [0.452, 12.837, 9.64, 0.718], [1, 0]]
[[0.426, 12.879, 9.758, 0.745], [0.421, 11.75, 11.812, 0.754], [0, 1]]
[[0.406, 12.143, 11.286, 0.744], [0.413, 14.0, 9.933, 0.731], [0, 1]]
[[0.437, 12.683, 10.683, 0.726], [0.454, 12.854, 10.537, 0.712], [0, 1]]
[[0.401, 12.286, 11.714, 0.665], [0.387, 11.25, 11.25, 0.689], [1, 0]]
[[0.45, 12.364, 9.818, 0.712], [0.437, 12.455, 9.955, 0.745], [0, 1]]
[[0.443, 13.242, 9.79, 0.758], [0.435, 14.0, 11.619, 0.729], [1, 0]]
[[0.45, 13.892, 10.12, 0.764], [0.433, 11.892, 11.627, 0.758], [0, 1]]
[[0.441, 16.235, 10.918, 0.739], [0.433, 11.988, 11.635, 0.756], [0, 1]]
[[0.44, 12.914, 10.657, 0.731], [0.45, 14.186, 11.114, 0.765], [0, 1]]
[[0.327, 14.4, 12.2, 0.537], [0.351, 13.0, 9.0, 0.641], [1, 0]]
[[0.413, 12.812, 10.562, 0.69], [0.421, 14.0, 10.0, 0.74], [0, 1]]
[[0.446, 13.333, 10.773, 0.745], [0.438, 12.635, 10.857, 0.743], [1, 0]]
[[0.459, 12.724, 10.487, 0.745], [0.457, 14.329, 11.566, 0.761], [1, 0]]
[[0.451, 13.342, 9.823, 0.772], [0.437, 13.544, 12.0, 0.743], [1, 0]]
[[0.31, 13.75, 11.5, 0.523], [0.379, 11.25, 4.75, 0.551], [0, 1]]
[[0.458, 13.106, 10.766, 0.735], [0.45, 12.978, 10.067, 0.744], [1, 0]]
[[0.303, 9.0, 6.333, 0.494], [0.314, 8.75, 10.0, 0.551], [1, 0]]
[[0.431, 10.875, 8.925, 0.73], [0.45, 13.878, 10.268, 0.737], [1, 0]]
[[0.403, 15.083, 11.667, 0.648], [0.434, 12.154, 10.0, 0.682], [1, 0]]
[[0.424, 11.083, 9.0, 0.73], [0.432, 14.082, 11.408, 0.725], [1, 0]]
[[0.435, 15.615, 11.808, 0.694], [0.431, 14.111, 10.407, 0.744], [1, 0]]
[[0.448, 13.553, 9.079, 0.698], [0.433, 10.806, 9.056, 0.728], [0, 1]]
[[0.416, 17.0, 10.833, 0.683], [0.451, 14.34, 11.404, 0.739], [1, 0]]
[[0.44, 14.0, 11.732, 0.73], [0.452, 12.878, 9.659, 0.719], [0, 1]]
[[0.451, 13.891, 9.326, 0.715], [0.435, 13.523, 11.659, 0.708], [0, 1]]
[[0.445, 14.28, 10.04, 0.704], [0.439, 14.8, 11.92, 0.731], [1, 0]]
[[0.445, 12.596, 10.519, 0.745], [0.447, 12.92, 10.24, 0.747], [1, 0]]
[[0.416, 17.281, 10.625, 0.688], [0.443, 13.714, 10.175, 0.763], [1, 0]]
[[0.435, 13.614, 10.068, 0.718], [0.46, 12.727, 9.182, 0.738], [0, 1]]
[[0.43, 10.909, 12.182, 0.637], [0.409, 11.583, 9.25, 0.725], [1, 0]]
[[0.43, 13.931, 11.845, 0.728], [0.446, 14.119, 11.271, 0.753], [0, 1]]
[[0.433, 10.714, 11.929, 0.682], [0.416, 11.467, 9.8, 0.735], [0, 1]]
[[0.437, 16.117, 11.1, 0.741], [0.44, 12.881, 10.678, 0.742], [0, 1]]
[[0.434, 15.379, 11.793, 0.717], [0.458, 12.407, 9.475, 0.723], [1, 0]]
[[0.44, 13.379, 11.362, 0.765], [0.443, 14.19, 11.586, 0.763], [0, 1]]
[[0.408, 16.792, 9.542, 0.68], [0.443, 12.75, 10.292, 0.743], [0, 1]]
[[0.418, 17.305, 10.627, 0.685], [0.451, 13.883, 10.15, 0.737], [1, 0]]
[[0.414, 12.667, 8.222, 0.701], [0.423, 12.0, 7.9, 0.683], [1, 0]]
[[0.367, 14.429, 11.0, 0.6], [0.363, 10.333, 10.5, 0.591], [0, 1]]
[[0.447, 13.415, 9.434, 0.76], [0.449, 13.365, 10.635, 0.75], [0, 1]]
[[0.424, 15.059, 11.735, 0.698], [0.457, 13.629, 8.657, 0.709], [1, 0]]
[[0.441, 13.535, 11.151, 0.764], [0.454, 13.372, 11.081, 0.726], [0, 1]]
[[0.448, 13.318, 9.727, 0.762], [0.453, 14.288, 11.652, 0.753], [1, 0]]
[[0.438, 12.603, 10.647, 0.742], [0.44, 12.884, 10.696, 0.73], [0, 1]]
[[0.459, 13.039, 10.765, 0.735], [0.437, 13.429, 9.959, 0.716], [0, 1]]
[[0.44, 13.393, 11.357, 0.763], [0.445, 13.386, 10.298, 0.735], [1, 0]]
[[0.454, 14.25, 11.547, 0.749], [0.445, 14.358, 11.403, 0.754], [0, 1]]
[[0.438, 13.469, 11.266, 0.77], [0.445, 13.323, 10.631, 0.754], [1, 0]]
[[0.367, 12.4, 10.4, 0.591], [0.287, 15.333, 9.0, 0.533], [0, 1]]
[[0.441, 13.375, 9.031, 0.704], [0.442, 13.926, 10.778, 0.757], [1, 0]]
[[0.455, 13.373, 10.78, 0.735], [0.445, 14.298, 11.421, 0.763], [0, 1]]
[[0.444, 13.312, 9.797, 0.761], [0.455, 12.923, 10.738, 0.747], [1, 0]]
[[0.427, 14.69, 12.103, 0.748], [0.449, 12.806, 8.613, 0.728], [0, 1]]
[[0.369, 12.857, 9.429, 0.731], [0.391, 13.0, 11.833, 0.676], [0, 1]]
[[0.415, 17.064, 10.915, 0.68], [0.431, 13.812, 11.938, 0.713], [1, 0]]
[[0.443, 16.272, 10.914, 0.74], [0.443, 13.16, 10.531, 0.724], [1, 0]]
[[0.418, 17.221, 10.559, 0.686], [0.439, 13.478, 11.119, 0.768], [0, 1]]
[[0.429, 10.846, 12.308, 0.67], [0.429, 12.4, 10.4, 0.702], [1, 0]]
[[0.425, 10.652, 8.957, 0.716], [0.441, 12.696, 10.348, 0.745], [0, 1]]
[[0.428, 12.933, 8.4, 0.681], [0.415, 10.643, 9.214, 0.698], [1, 0]]
[[0.46, 13.062, 10.25, 0.735], [0.433, 12.742, 11.387, 0.733], [1, 0]]
[[0.447, 13.313, 10.791, 0.746], [0.453, 13.179, 11.328, 0.725], [0, 1]]
[[0.446, 14.365, 11.203, 0.746], [0.439, 12.708, 10.722, 0.787], [0, 1]]
[[0.43, 13.353, 8.588, 0.686], [0.428, 12.5, 10.0, 0.718], [0, 1]]
[[0.385, 11.111, 8.778, 0.705], [0.41, 11.8, 10.6, 0.69], [1, 0]]
[[0.452, 11.071, 8.857, 0.721], [0.431, 12.214, 10.643, 0.709], [1, 0]]
[[0.44, 12.944, 10.667, 0.731], [0.44, 12.704, 10.718, 0.785], [0, 1]]
[[0.439, 13.25, 9.933, 0.758], [0.447, 14.098, 11.23, 0.752], [1, 0]]
[[0.437, 12.5, 9.071, 0.725], [0.45, 12.438, 9.0, 0.698], [0, 1]]
[[0.227, 11.5, 9.5, 0.369], [0.203, 6.5, 7.0, 0.404], [0, 1]]
[[0.394, 13.667, 9.222, 0.646], [0.392, 11.222, 9.778, 0.635], [1, 0]]
[[0.423, 11.012, 9.387, 0.756], [0.45, 13.875, 10.175, 0.766], [0, 1]]
[[0.402, 13.391, 11.609, 0.697], [0.442, 12.955, 10.5, 0.731], [1, 0]]
[[0.453, 12.435, 11.4, 0.737], [0.45, 14.094, 11.129, 0.76], [0, 1]]
[[0.459, 14.057, 9.386, 0.724], [0.435, 15.118, 11.515, 0.718], [0, 1]]
[[0.433, 14.034, 11.78, 0.729], [0.441, 12.707, 10.724, 0.74], [0, 1]]
[[0.452, 14.333, 9.97, 0.703], [0.425, 13.143, 11.257, 0.723], [0, 1]]
[[0.45, 14.267, 11.533, 0.734], [0.422, 13.435, 11.565, 0.721], [0, 1]]
[[0.454, 14.333, 11.241, 0.747], [0.445, 14.462, 11.635, 0.767], [0, 1]]
[[0.451, 13.22, 10.463, 0.745], [0.434, 12.643, 10.595, 0.781], [1, 0]]
[[0.437, 10.615, 8.577, 0.708], [0.432, 13.821, 10.321, 0.743], [0, 1]]
[[0.442, 14.786, 12.036, 0.723], [0.461, 12.75, 9.857, 0.731], [0, 1]]
[[0.45, 13.513, 10.962, 0.74], [0.447, 14.039, 11.26, 0.766], [0, 1]]
[[0.437, 12.803, 11.0, 0.742], [0.449, 13.607, 8.951, 0.725], [0, 1]]
[[0.436, 16.082, 11.049, 0.74], [0.434, 14.049, 11.672, 0.73], [0, 1]]
[[0.402, 11.545, 8.455, 0.707], [0.391, 11.182, 10.545, 0.609], [1, 0]]
[[0.424, 11.094, 8.925, 0.74], [0.435, 13.574, 11.87, 0.719], [0, 1]]
[[0.425, 13.462, 11.615, 0.705], [0.447, 12.8, 7.8, 0.744], [0, 1]]
[[0.432, 13.389, 9.972, 0.716], [0.443, 13.735, 11.059, 0.772], [0, 1]]
[[0.455, 14.296, 11.62, 0.754], [0.44, 13.0, 10.662, 0.732], [1, 0]]
[[0.433, 15.196, 11.647, 0.713], [0.435, 16.098, 11.314, 0.739], [1, 0]]
[[0.444, 13.154, 8.808, 0.745], [0.452, 12.4, 10.24, 0.736], [1, 0]]
[[0.432, 12.827, 9.942, 0.754], [0.455, 12.906, 11.113, 0.719], [1, 0]]
[[0.458, 13.933, 9.183, 0.719], [0.448, 13.649, 9.0, 0.725], [0, 1]]
[[0.457, 13.849, 9.17, 0.719], [0.444, 13.06, 9.72, 0.748], [0, 1]]
[[0.309, 11.667, 8.333, 0.497], [0.322, 8.667, 7.0, 0.497], [0, 1]]
[[0.416, 16.875, 10.806, 0.687], [0.449, 14.099, 10.521, 0.748], [0, 1]]
[[0.455, 12.5, 11.421, 0.737], [0.448, 14.053, 10.566, 0.74], [1, 0]]
[[0.438, 14.135, 11.608, 0.728], [0.439, 12.945, 10.712, 0.731], [1, 0]]
[[0.438, 15.964, 11.055, 0.74], [0.431, 13.945, 11.527, 0.722], [1, 0]]
[[0.313, 11.667, 9.667, 0.473], [0.257, 9.0, 9.333, 0.452], [1, 0]]
[[0.438, 12.423, 10.154, 0.74], [0.408, 13.769, 11.654, 0.71], [0, 1]]
[[0.45, 14.425, 11.775, 0.735], [0.431, 14.122, 11.561, 0.724], [1, 0]]
[[0.387, 11.0, 9.667, 0.6], [0.337, 8.8, 10.2, 0.601], [0, 1]]
[[0.154, 13.0, 7.5, 0.371], [0.22, 11.0, 3.5, 0.359], [1, 0]]
[[0.426, 10.389, 8.889, 0.712], [0.413, 14.875, 11.125, 0.742], [0, 1]]
[[0.442, 13.595, 11.131, 0.765], [0.455, 13.298, 11.095, 0.722], [0, 1]]
[[0.448, 13.5, 8.692, 0.692], [0.425, 13.417, 9.667, 0.732], [1, 0]]
[[0.448, 13.731, 10.231, 0.724], [0.446, 13.782, 10.462, 0.764], [1, 0]]
[[0.408, 12.286, 8.5, 0.731], [0.424, 13.143, 8.571, 0.735], [1, 0]]
[[0.444, 13.897, 10.265, 0.76], [0.446, 13.925, 10.701, 0.749], [1, 0]]
[[0.455, 12.865, 11.038, 0.72], [0.456, 12.529, 9.412, 0.729], [1, 0]]
[[0.438, 13.143, 10.74, 0.731], [0.446, 14.333, 11.141, 0.744], [0, 1]]
[[0.405, 16.368, 9.684, 0.67], [0.436, 14.722, 11.5, 0.717], [1, 0]]
[[0.448, 11.643, 11.786, 0.707], [0.414, 13.414, 11.448, 0.713], [1, 0]]
[[0.371, 13.5, 8.0, 0.539], [0.361, 15.333, 8.5, 0.562], [1, 0]]
[[0.452, 12.952, 8.048, 0.675], [0.438, 12.714, 10.429, 0.738], [0, 1]]
[[0.442, 16.233, 10.93, 0.739], [0.433, 11.988, 11.698, 0.753], [0, 1]]
[[0.452, 11.946, 11.459, 0.725], [0.448, 12.973, 10.486, 0.748], [1, 0]]
[[0.459, 14.135, 9.486, 0.73], [0.445, 13.944, 10.278, 0.764], [0, 1]]
[[0.434, 15.326, 11.696, 0.711], [0.435, 13.043, 10.739, 0.733], [1, 0]]
[[0.444, 12.976, 9.585, 0.741], [0.431, 10.902, 8.854, 0.732], [1, 0]]
[[0.444, 12.806, 9.452, 0.751], [0.419, 13.355, 11.645, 0.713], [0, 1]]
[[0.438, 12.64, 9.56, 0.765], [0.441, 13.243, 10.324, 0.723], [0, 1]]
[[0.442, 13.486, 9.457, 0.747], [0.453, 12.75, 8.556, 0.73], [1, 0]]
[[0.421, 12.6, 7.4, 0.704], [0.412, 11.818, 10.0, 0.728], [0, 1]]
[[0.451, 13.492, 9.031, 0.73], [0.439, 13.484, 10.375, 0.719], [1, 0]]
[[0.423, 12.235, 8.412, 0.731], [0.434, 13.067, 11.0, 0.733], [1, 0]]
[[0.451, 13.483, 11.241, 0.743], [0.442, 15.023, 11.483, 0.707], [1, 0]]
[[0.426, 12.0, 10.833, 0.713], [0.428, 13.0, 8.909, 0.708], [1, 0]]
[[0.375, 18.714, 10.429, 0.696], [0.397, 13.25, 7.75, 0.683], [0, 1]]
[[0.441, 12.364, 8.364, 0.641], [0.426, 11.333, 9.917, 0.701], [1, 0]]
[[0.438, 12.824, 10.971, 0.725], [0.446, 12.727, 10.545, 0.745], [0, 1]]
[[0.427, 12.757, 10.0, 0.748], [0.443, 12.028, 10.333, 0.737], [1, 0]]
[[0.455, 14.284, 11.333, 0.763], [0.448, 13.926, 11.198, 0.763], [0, 1]]
[[0.431, 16.163, 11.558, 0.726], [0.44, 12.909, 10.455, 0.747], [0, 1]]
[[0.441, 13.405, 9.459, 0.75], [0.434, 13.378, 11.351, 0.693], [1, 0]]
[[0.453, 13.485, 8.971, 0.73], [0.438, 12.806, 10.672, 0.782], [1, 0]]
[[0.341, 12.5, 7.0, 0.503], [0.299, 8.0, 8.333, 0.44], [0, 1]]
[[0.399, 12.25, 10.917, 0.737], [0.401, 11.636, 11.091, 0.709], [1, 0]]
[[0.415, 12.0, 7.571, 0.68], [0.38, 12.571, 10.429, 0.644], [1, 0]]
[[0.423, 11.07, 9.141, 0.754], [0.44, 13.38, 10.451, 0.72], [0, 1]]
[[0.418, 10.667, 8.933, 0.701], [0.441, 12.733, 8.0, 0.687], [0, 1]]
[[0.434, 16.13, 11.413, 0.731], [0.449, 13.63, 8.761, 0.723], [1, 0]]
[[0.44, 13.725, 9.575, 0.751], [0.442, 13.658, 11.316, 0.778], [1, 0]]
[[0.449, 14.676, 11.824, 0.72], [0.425, 13.833, 11.778, 0.722], [0, 1]]
[[0.436, 13.431, 11.741, 0.72], [0.455, 13.051, 11.136, 0.719], [0, 1]]
[[0.455, 14.25, 9.917, 0.703], [0.447, 13.718, 10.333, 0.737], [1, 0]]
[[0.436, 15.302, 11.556, 0.72], [0.434, 13.403, 12.032, 0.726], [1, 0]]
[[0.452, 13.567, 8.985, 0.731], [0.453, 13.171, 11.343, 0.726], [1, 0]]
[[0.444, 13.371, 8.829, 0.704], [0.458, 13.515, 8.606, 0.708], [1, 0]]
[[0.441, 14.833, 12.133, 0.718], [0.428, 14.733, 12.0, 0.75], [0, 1]]
[[0.437, 13.143, 8.929, 0.693], [0.456, 12.5, 9.962, 0.732], [0, 1]]
[[0.448, 12.186, 11.512, 0.732], [0.436, 12.977, 10.75, 0.734], [1, 0]]
[[0.433, 11.091, 12.227, 0.688], [0.46, 13.12, 10.4, 0.741], [0, 1]]
[[0.445, 12.947, 10.316, 0.722], [0.406, 16.412, 9.529, 0.653], [1, 0]]
[[0.393, 11.5, 9.8, 0.588], [0.38, 12.182, 10.545, 0.638], [1, 0]]
[[0.275, 7.0, 4.5, 0.361], [0.452, 12.867, 9.675, 0.719], [0, 1]]
[[0.435, 15.356, 11.711, 0.71], [0.448, 14.109, 11.043, 0.758], [1, 0]]
[[0.453, 12.453, 11.419, 0.738], [0.45, 14.047, 11.256, 0.761], [0, 1]]
[[0.382, 11.25, 9.25, 0.681], [0.372, 11.875, 10.25, 0.604], [0, 1]]
[[0.447, 12.961, 10.118, 0.745], [0.445, 14.037, 11.0, 0.753], [1, 0]]
[[0.419, 15.0, 11.679, 0.684], [0.431, 12.9, 10.7, 0.761], [1, 0]]
[[0.45, 13.3, 10.76, 0.745], [0.444, 12.7, 10.46, 0.748], [1, 0]]
[[0.446, 13.703, 10.172, 0.76], [0.446, 13.794, 10.651, 0.749], [1, 0]]
[[0.244, 7.0, 1.5, 0.438], [0.457, 12.663, 10.663, 0.751], [0, 1]]
[[0.43, 16.268, 11.488, 0.725], [0.449, 13.905, 10.357, 0.737], [1, 0]]
[[0.452, 13.318, 10.682, 0.731], [0.427, 14.19, 10.19, 0.739], [0, 1]]
[[0.423, 11.1, 9.2, 0.752], [0.434, 11.712, 11.548, 0.756], [0, 1]]
[[0.451, 13.933, 9.967, 0.703], [0.443, 14.069, 10.483, 0.756], [1, 0]]
[[0.449, 12.021, 11.489, 0.733], [0.434, 14.128, 11.468, 0.723], [0, 1]]
[[0.447, 13.328, 10.828, 0.745], [0.434, 12.77, 10.607, 0.783], [0, 1]]
[[0.434, 15.134, 11.507, 0.719], [0.453, 12.809, 9.603, 0.717], [1, 0]]
[[0.43, 13.0, 11.071, 0.721], [0.41, 12.118, 11.118, 0.708], [0, 1]]
[[0.437, 15.133, 11.56, 0.713], [0.458, 12.72, 10.533, 0.747], [0, 1]]
[[0.446, 12.833, 10.1, 0.737], [0.431, 13.875, 11.031, 0.746], [0, 1]]
[[0.421, 11.559, 11.794, 0.761], [0.422, 13.912, 11.794, 0.716], [1, 0]]
[[0.456, 12.186, 11.339, 0.74], [0.449, 13.517, 8.948, 0.726], [1, 0]]
[[0.451, 12.707, 10.171, 0.739], [0.457, 12.738, 9.167, 0.739], [0, 1]]
[[0.437, 12.862, 11.086, 0.74], [0.438, 16.017, 11.068, 0.74], [1, 0]]
[[0.422, 13.211, 10.842, 0.706], [0.438, 12.368, 10.158, 0.742], [0, 1]]
[[0.423, 11.121, 9.152, 0.749], [0.439, 12.746, 10.896, 0.731], [0, 1]]
[[0.436, 12.946, 11.071, 0.739], [0.439, 13.37, 11.463, 0.761], [1, 0]]
[[0.418, 17.246, 10.607, 0.684], [0.455, 13.279, 10.754, 0.738], [0, 1]]
[[0.437, 10.741, 8.889, 0.711], [0.411, 17.269, 9.5, 0.687], [1, 0]]
[[0.445, 12.0, 8.714, 0.685], [0.421, 12.538, 9.846, 0.717], [1, 0]]
[[0.411, 17.588, 10.294, 0.677], [0.456, 12.611, 10.139, 0.716], [1, 0]]
[[0.374, 11.857, 7.0, 0.667], [0.359, 11.571, 10.143, 0.568], [1, 0]]
[[0.416, 17.283, 10.617, 0.684], [0.432, 12.683, 9.967, 0.757], [0, 1]]
[[0.439, 12.609, 10.681, 0.743], [0.417, 16.972, 10.676, 0.686], [1, 0]]
[[0.45, 13.925, 10.104, 0.732], [0.445, 13.833, 10.727, 0.748], [1, 0]]
[[0.445, 13.659, 9.171, 0.703], [0.435, 12.947, 10.553, 0.771], [0, 1]]
[[0.449, 11.939, 11.485, 0.715], [0.445, 13.114, 9.429, 0.744], [0, 1]]
[[0.455, 12.833, 10.262, 0.735], [0.428, 14.1, 11.65, 0.72], [1, 0]]
[[0.449, 13.125, 8.625, 0.684], [0.454, 12.458, 9.625, 0.711], [1, 0]]
[[0.441, 13.455, 10.515, 0.734], [0.447, 14.258, 11.242, 0.763], [0, 1]]
[[0.44, 12.722, 10.611, 0.721], [0.45, 11.944, 9.111, 0.699], [1, 0]]
[[0.459, 14.032, 9.177, 0.719], [0.422, 11.155, 9.276, 0.74], [0, 1]]
[[0.46, 14.077, 9.292, 0.722], [0.438, 13.355, 11.387, 0.766], [1, 0]]
[[0.379, 15.818, 11.636, 0.634], [0.373, 12.417, 10.583, 0.65], [1, 0]]
[[0.426, 10.444, 11.556, 0.632], [0.394, 13.667, 10.778, 0.664], [1, 0]]
[[0.423, 11.117, 9.25, 0.739], [0.437, 13.383, 10.383, 0.723], [1, 0]]
[[0.45, 13.3, 8.6, 0.746], [0.417, 13.524, 11.048, 0.71], [1, 0]]
[[0.429, 14.235, 9.471, 0.689], [0.445, 12.5, 8.444, 0.681], [1, 0]]
[[0.453, 12.557, 11.329, 0.742], [0.449, 14.246, 11.174, 0.764], [0, 1]]
[[0.205, 4.5, 8.0, 0.409], [0.244, 10.0, 4.5, 0.385], [1, 0]]
[[0.45, 13.585, 8.707, 0.718], [0.45, 12.9, 10.15, 0.742], [1, 0]]
[[0.445, 13.281, 10.609, 0.754], [0.435, 11.833, 11.576, 0.756], [1, 0]]
[[0.44, 13.519, 11.127, 0.768], [0.436, 12.937, 12.127, 0.732], [1, 0]]
[[0.461, 13.212, 10.364, 0.73], [0.419, 13.242, 11.545, 0.721], [1, 0]]
[[0.437, 12.726, 10.935, 0.744], [0.446, 13.242, 10.677, 0.755], [0, 1]]
[[0.453, 13.586, 9.043, 0.728], [0.432, 13.69, 12.141, 0.743], [0, 1]]
[[0.443, 12.448, 10.552, 0.744], [0.448, 12.233, 9.867, 0.722], [0, 1]]
[[0.439, 11.231, 8.692, 0.722], [0.408, 13.364, 9.182, 0.669], [1, 0]]
[[0.455, 13.81, 10.103, 0.734], [0.446, 14.218, 11.436, 0.766], [0, 1]]
[[0.442, 12.5, 10.571, 0.744], [0.459, 12.593, 9.778, 0.728], [0, 1]]
[[0.431, 16.15, 11.65, 0.725], [0.424, 12.103, 11.923, 0.762], [0, 1]]
[[0.42, 12.682, 10.182, 0.735], [0.45, 13.476, 8.571, 0.736], [0, 1]]
[[0.439, 13.515, 11.221, 0.769], [0.431, 13.667, 12.043, 0.743], [0, 1]]
[[0.427, 11.0, 11.833, 0.658], [0.408, 12.385, 9.692, 0.677], [0, 1]]
[[0.445, 13.717, 9.435, 0.755], [0.452, 14.295, 11.455, 0.733], [1, 0]]
[[0.425, 12.593, 10.222, 0.748], [0.447, 12.769, 8.038, 0.742], [0, 1]]
[[0.432, 10.846, 9.051, 0.726], [0.456, 12.333, 10.5, 0.737], [1, 0]]
[[0.429, 13.846, 10.615, 0.741], [0.407, 13.64, 11.6, 0.703], [0, 1]]
[[0.46, 14.062, 9.156, 0.723], [0.445, 13.656, 10.541, 0.745], [1, 0]]
[[0.429, 12.562, 10.812, 0.713], [0.426, 12.0, 9.438, 0.739], [0, 1]]
[[0.453, 13.918, 9.327, 0.72], [0.452, 13.4, 10.489, 0.746], [0, 1]]
[[0.449, 12.125, 11.45, 0.728], [0.417, 17.275, 10.325, 0.672], [0, 1]]
[[0.401, 11.7, 9.1, 0.721], [0.409, 13.7, 8.5, 0.729], [1, 0]]
[[0.443, 13.475, 11.25, 0.777], [0.457, 12.698, 9.186, 0.74], [0, 1]]
[[0.334, 12.4, 9.4, 0.624], [0.344, 13.6, 7.4, 0.508], [1, 0]]
[[0.441, 16.227, 11.093, 0.741], [0.446, 13.88, 10.187, 0.765], [0, 1]]
[[0.446, 13.643, 10.631, 0.765], [0.442, 12.607, 10.714, 0.783], [1, 0]]
[[0.459, 14.195, 9.662, 0.734], [0.457, 14.403, 11.455, 0.761], [1, 0]]
[[0.25, 8.5, 5.0, 0.265], [0.24, 7.0, 3.5, 0.354], [0, 1]]
[[0.435, 12.809, 10.468, 0.781], [0.456, 12.583, 11.042, 0.72], [0, 1]]
[[0.451, 13.889, 10.095, 0.732], [0.45, 13.629, 8.968, 0.727], [1, 0]]
[[0.433, 13.591, 8.909, 0.699], [0.44, 12.737, 7.158, 0.737], [0, 1]]
[[0.432, 15.396, 11.708, 0.715], [0.44, 13.435, 11.391, 0.769], [1, 0]]
[[0.446, 13.111, 10.306, 0.739], [0.419, 13.378, 11.595, 0.724], [1, 0]]
[[0.424, 11.102, 9.02, 0.732], [0.454, 13.64, 9.96, 0.725], [1, 0]]
[[0.402, 14.611, 11.444, 0.67], [0.414, 15.0, 12.263, 0.656], [1, 0]]
[[0.446, 13.6, 8.975, 0.702], [0.435, 12.632, 10.921, 0.73], [0, 1]]
[[0.418, 17.244, 10.512, 0.676], [0.435, 13.381, 11.476, 0.708], [0, 1]]
[[0.429, 15.293, 11.659, 0.708], [0.421, 13.641, 11.487, 0.723], [1, 0]]
[[0.41, 14.85, 11.5, 0.668], [0.438, 15.105, 11.263, 0.723], [1, 0]]
[[0.416, 16.671, 11.013, 0.687], [0.442, 13.397, 10.385, 0.738], [0, 1]]
[[0.437, 12.7, 9.637, 0.758], [0.436, 12.9, 12.088, 0.735], [1, 0]]
[[0.443, 13.455, 8.909, 0.702], [0.459, 12.7, 9.833, 0.734], [0, 1]]
[[0.447, 13.429, 8.816, 0.717], [0.433, 13.62, 11.98, 0.714], [0, 1]]
[[0.397, 16.2, 9.667, 0.641], [0.428, 12.533, 10.4, 0.748], [0, 1]]
[[0.455, 13.5, 8.605, 0.711], [0.456, 12.487, 8.718, 0.732], [1, 0]]
[[0.426, 12.0, 10.889, 0.705], [0.398, 10.375, 9.625, 0.701], [0, 1]]
[[0.266, 8.0, 9.333, 0.509], [0.215, 11.0, 4.0, 0.412], [0, 1]]
[[0.434, 13.125, 8.312, 0.683], [0.437, 12.5, 8.357, 0.673], [0, 1]]
[[0.44, 13.386, 11.432, 0.769], [0.443, 12.978, 10.239, 0.752], [1, 0]]
[[0.444, 13.967, 10.433, 0.76], [0.447, 12.939, 10.242, 0.737], [1, 0]]
[[0.444, 13.045, 9.545, 0.746], [0.43, 14.209, 11.488, 0.721], [1, 0]]
[[0.446, 11.467, 9.2, 0.731], [0.386, 15.857, 12.0, 0.667], [0, 1]]
[[0.372, 11.429, 9.286, 0.68], [0.386, 11.429, 8.429, 0.658], [1, 0]]
[[0.425, 13.32, 11.4, 0.709], [0.436, 12.52, 10.08, 0.743], [1, 0]]
[[0.456, 13.927, 9.902, 0.711], [0.434, 13.659, 9.878, 0.727], [0, 1]]
[[0.44, 13.355, 9.097, 0.705], [0.411, 17.148, 9.63, 0.682], [0, 1]]
[[0.418, 12.526, 10.421, 0.739], [0.425, 14.35, 9.9, 0.739], [0, 1]]
[[0.452, 13.831, 9.273, 0.728], [0.434, 12.859, 12.141, 0.734], [0, 1]]
[[0.442, 16.165, 11.038, 0.741], [0.454, 13.152, 11.127, 0.725], [0, 1]]
[[0.443, 12.68, 10.613, 0.79], [0.454, 12.792, 9.519, 0.721], [0, 1]]
[[0.443, 13.043, 9.66, 0.746], [0.433, 16.222, 11.556, 0.731], [1, 0]]
