[[0.43, 12.209, 10.488, 0.732], [0.445, 13.732, 10.927, 0.725], [0, 1]]
[[0.462, 14.302, 11.604, 0.744], [0.424, 12.882, 10.765, 0.725], [0, 1]]
[[0.448, 15.961, 11.98, 0.762], [0.461, 13.096, 9.942, 0.769], [0, 1]]
[[0.433, 12.348, 8.783, 0.714], [0.433, 14.429, 10.952, 0.709], [0, 1]]
[[0.429, 12.122, 10.561, 0.736], [0.452, 13.816, 11.211, 0.692], [0, 1]]
[[0.428, 13.941, 9.912, 0.724], [0.46, 12.486, 9.946, 0.74], [0, 1]]
[[0.464, 14.241, 11.574, 0.741], [0.456, 12.509, 10.226, 0.752], [0, 1]]
[[0.464, 14.783, 11.652, 0.696], [0.447, 13.542, 11.458, 0.713], [0, 1]]
[[0.413, 11.273, 8.273, 0.71], [0.423, 12.636, 8.818, 0.653], [1, 0]]
[[0.412, 12.25, 10.833, 0.705], [0.431, 11.0, 10.333, 0.757], [0, 1]]
[[0.445, 12.089, 10.241, 0.749], [0.431, 13.278, 10.709, 0.727], [0, 1]]
[[0.471, 13.985, 11.235, 0.75], [0.464, 12.725, 10.812, 0.74], [0, 1]]
[[0.451, 13.244, 10.268, 0.768], [0.438, 12.634, 9.829, 0.743], [0, 1]]
[[0.446, 13.178, 9.778, 0.736], [0.457, 13.889, 11.244, 0.707], [1, 0]]
[[0.45, 13.241, 11.121, 0.765], [0.461, 15.179, 11.804, 0.754], [0, 1]]
[[0.436, 12.528, 9.194, 0.725], [0.463, 14.944, 11.528, 0.726], [0, 1]]
[[0.459, 13.938, 10.323, 0.786], [0.456, 12.803, 10.121, 0.737], [0, 1]]
[[0.458, 13.937, 10.317, 0.78], [0.451, 13.431, 11.338, 0.769], [1, 0]]
[[0.385, 11.667, 8.833, 0.596], [0.359, 14.8, 6.4, 0.645], [1, 0]]
[[0.449, 13.705, 10.318, 0.768], [0.455, 12.955, 10.636, 0.772], [0, 1]]
[[0.442, 13.38, 11.08, 0.719], [0.459, 15.34, 12.18, 0.751], [0, 1]]
[[0.464, 14.132, 11.132, 0.729], [0.433, 12.821, 9.821, 0.741], [1, 0]]
[[0.284, 12.667, 5.0, 0.521], [0.303, 11.333, 8.0, 0.609], [0, 1]]
[[0.465, 13.614, 10.786, 0.748], [0.45, 12.986, 12.014, 0.772], [0, 1]]
[[0.441, 15.912, 11.765, 0.761], [0.446, 13.156, 9.812, 0.755], [0, 1]]
[[0.467, 13.714, 10.524, 0.745], [0.457, 12.806, 10.866, 0.773], [1, 0]]
[[0.449, 13.912, 11.088, 0.731], [0.445, 14.477, 11.231, 0.738], [1, 0]]
[[0.452, 13.952, 8.143, 0.728], [0.426, 11.545, 9.5, 0.709], [1, 0]]
[[0.455, 13.024, 10.561, 0.717], [0.446, 14.231, 11.667, 0.711], [1, 0]]
[[0.376, 15.0, 8.0, 0.628], [0.336, 12.75, 5.75, 0.59], [0, 1]]
[[0.407, 10.625, 10.25, 0.633], [0.364, 17.0, 13.7, 0.676], [0, 1]]
[[0.432, 13.312, 9.938, 0.723], [0.426, 13.733, 9.667, 0.763], [1, 0]]
[[0.465, 13.774, 10.906, 0.747], [0.45, 14.077, 11.846, 0.725], [0, 1]]
[[0.436, 12.667, 9.762, 0.743], [0.433, 14.316, 10.684, 0.721], [0, 1]]
[[0.426, 12.867, 10.267, 0.707], [0.436, 13.333, 10.467, 0.678], [1, 0]]
[[0.453, 13.086, 10.229, 0.772], [0.449, 12.917, 9.5, 0.727], [1, 0]]
[[0.449, 13.432, 10.531, 0.75], [0.433, 13.185, 10.642, 0.729], [0, 1]]
[[0.447, 15.759, 12.167, 0.763], [0.439, 13.788, 10.25, 0.743], [0, 1]]
[[0.447, 15.373, 11.949, 0.766], [0.451, 13.417, 11.883, 0.737], [0, 1]]
[[0.453, 14.625, 11.719, 0.732], [0.457, 12.364, 10.152, 0.751], [0, 1]]
[[0.44, 13.933, 11.533, 0.706], [0.445, 13.879, 11.364, 0.723], [1, 0]]
[[0.46, 14.286, 8.25, 0.734], [0.435, 12.733, 10.367, 0.76], [1, 0]]
[[0.466, 13.939, 10.735, 0.745], [0.458, 13.14, 10.62, 0.77], [0, 1]]
[[0.44, 13.115, 11.279, 0.726], [0.45, 13.281, 9.578, 0.705], [1, 0]]
[[0.449, 12.962, 12.127, 0.769], [0.461, 14.9, 11.925, 0.765], [0, 1]]
[[0.443, 15.914, 12.743, 0.738], [0.444, 13.629, 8.8, 0.687], [0, 1]]
[[0.456, 13.525, 11.137, 0.777], [0.453, 13.5, 11.25, 0.769], [1, 0]]
[[0.434, 12.4, 10.886, 0.76], [0.438, 12.722, 9.639, 0.748], [0, 1]]
[[0.208, 6.0, 7.0, 0.41], [0.236, 6.5, 5.5, 0.393], [1, 0]]
[[0.466, 13.563, 10.817, 0.748], [0.469, 13.986, 11.139, 0.753], [1, 0]]
[[0.438, 13.436, 10.6, 0.735], [0.453, 13.722, 11.5, 0.724], [1, 0]]
[[0.453, 14.635, 11.73, 0.729], [0.45, 13.47, 9.652, 0.708], [0, 1]]
[[0.421, 14.556, 9.444, 0.684], [0.395, 11.0, 10.625, 0.71], [0, 1]]
[[0.447, 14.026, 10.821, 0.72], [0.443, 14.622, 10.162, 0.747], [0, 1]]
[[0.466, 14.194, 11.387, 0.729], [0.435, 12.576, 10.788, 0.76], [0, 1]]
[[0.435, 14.652, 11.174, 0.713], [0.433, 16.04, 11.76, 0.744], [1, 0]]
[[0.433, 13.2, 11.16, 0.716], [0.435, 15.875, 11.792, 0.746], [0, 1]]
[[0.44, 13.979, 10.596, 0.76], [0.454, 13.723, 11.319, 0.709], [0, 1]]
[[0.441, 13.026, 12.385, 0.757], [0.454, 13.459, 9.649, 0.752], [1, 0]]
[[0.208, 6.0, 7.0, 0.41], [0.209, 10.0, 8.0, 0.465], [0, 1]]
[[0.432, 13.089, 10.067, 0.727], [0.438, 13.043, 10.043, 0.749], [0, 1]]
[[0.428, 11.565, 9.522, 0.711], [0.451, 12.5, 9.875, 0.72], [0, 1]]
[[0.462, 14.333, 11.647, 0.738], [0.452, 12.76, 9.6, 0.751], [0, 1]]
[[0.464, 14.333, 11.367, 0.725], [0.452, 14.0, 10.812, 0.69], [0, 1]]
[[0.442, 12.816, 11.08, 0.74], [0.439, 14.218, 11.172, 0.742], [0, 1]]
[[0.416, 13.231, 10.231, 0.697], [0.43, 11.455, 11.091, 0.666], [1, 0]]
[[0.436, 14.068, 10.877, 0.744], [0.443, 13.408, 10.225, 0.757], [1, 0]]
[[0.43, 12.694, 9.861, 0.733], [0.445, 14.114, 11.0, 0.713], [1, 0]]
[[0.466, 14.043, 8.804, 0.73], [0.445, 14.042, 11.771, 0.757], [1, 0]]
[[0.447, 13.31, 9.931, 0.736], [0.439, 13.069, 8.793, 0.687], [1, 0]]
[[0.438, 12.203, 10.422, 0.741], [0.44, 13.145, 11.258, 0.727], [0, 1]]
[[0.186, 6.5, 1.5, 0.35], [0.279, 10.5, 5.5, 0.281], [0, 1]]
[[0.458, 13.747, 8.886, 0.744], [0.444, 12.823, 11.063, 0.735], [0, 1]]
[[0.303, 10.667, 5.333, 0.483], [0.236, 9.5, 3.0, 0.381], [0, 1]]
[[0.463, 14.1, 8.8, 0.73], [0.449, 13.02, 9.66, 0.745], [0, 1]]
[[0.456, 13.0, 10.638, 0.775], [0.441, 14.891, 10.978, 0.745], [1, 0]]
[[0.43, 13.143, 11.19, 0.702], [0.432, 14.909, 11.636, 0.715], [1, 0]]
[[0.432, 12.469, 9.094, 0.723], [0.442, 13.364, 8.545, 0.686], [0, 1]]
[[0.428, 12.895, 10.842, 0.693], [0.435, 13.19, 10.0, 0.724], [0, 1]]
[[0.43, 11.852, 9.815, 0.725], [0.424, 12.36, 8.48, 0.747], [1, 0]]
[[0.455, 12.867, 10.578, 0.771], [0.437, 12.809, 10.0, 0.741], [0, 1]]
[[0.444, 12.565, 9.87, 0.727], [0.442, 13.182, 9.182, 0.664], [1, 0]]
[[0.214, 6.0, 4.0, 0.303], [0.215, 4.5, 3.0, 0.397], [0, 1]]
[[0.461, 14.943, 11.686, 0.723], [0.445, 14.206, 11.029, 0.714], [0, 1]]
[[0.459, 13.266, 11.823, 0.746], [0.45, 14.241, 11.051, 0.727], [0, 1]]
[[0.44, 13.935, 11.387, 0.696], [0.446, 13.364, 9.909, 0.756], [0, 1]]
[[0.457, 13.778, 8.736, 0.741], [0.443, 13.431, 10.208, 0.758], [0, 1]]
[[0.443, 13.826, 11.761, 0.759], [0.431, 13.659, 10.0, 0.743], [1, 0]]
[[0.43, 11.967, 9.967, 0.717], [0.432, 15.192, 11.231, 0.727], [1, 0]]
[[0.457, 12.833, 10.864, 0.773], [0.452, 14.645, 11.823, 0.732], [1, 0]]
[[0.433, 13.064, 10.149, 0.725], [0.46, 13.085, 9.957, 0.763], [0, 1]]
[[0.455, 13.731, 10.538, 0.777], [0.453, 13.792, 11.396, 0.723], [0, 1]]
[[0.438, 12.98, 10.0, 0.75], [0.422, 12.891, 10.609, 0.721], [0, 1]]
[[0.414, 13.846, 11.385, 0.731], [0.423, 15.154, 12.077, 0.671], [1, 0]]
[[0.444, 12.571, 10.536, 0.769], [0.437, 13.08, 11.48, 0.7], [1, 0]]
[[0.458, 12.783, 10.717, 0.773], [0.439, 13.934, 10.623, 0.744], [1, 0]]
[[0.458, 14.216, 8.405, 0.734], [0.448, 14.324, 10.946, 0.715], [0, 1]]
[[0.456, 12.96, 10.213, 0.738], [0.451, 14.118, 10.974, 0.73], [1, 0]]
[[0.41, 11.385, 8.769, 0.732], [0.429, 12.462, 11.308, 0.671], [1, 0]]
[[0.373, 13.0, 8.0, 0.671], [0.373, 10.286, 8.571, 0.663], [0, 1]]
[[0.45, 13.919, 11.27, 0.694], [0.444, 15.816, 12.605, 0.743], [1, 0]]
[[0.459, 13.821, 8.746, 0.742], [0.438, 14.159, 10.87, 0.744], [1, 0]]
[[0.432, 12.178, 10.578, 0.732], [0.464, 14.467, 11.489, 0.731], [1, 0]]
[[0.439, 12.606, 11.606, 0.762], [0.452, 13.824, 10.912, 0.693], [1, 0]]
[[0.445, 12.917, 9.333, 0.76], [0.424, 12.375, 8.417, 0.745], [1, 0]]
[[0.459, 13.855, 8.807, 0.746], [0.462, 13.663, 10.157, 0.785], [1, 0]]
[[0.442, 12.877, 10.415, 0.751], [0.449, 13.97, 11.104, 0.73], [1, 0]]
[[0.449, 12.943, 9.629, 0.725], [0.444, 16.031, 12.75, 0.737], [1, 0]]
[[0.458, 13.768, 8.725, 0.739], [0.446, 12.958, 9.917, 0.767], [1, 0]]
[[0.415, 11.273, 8.545, 0.651], [0.432, 12.833, 10.083, 0.66], [1, 0]]
[[0.458, 12.803, 10.721, 0.771], [0.439, 12.8, 10.383, 0.755], [1, 0]]
[[0.456, 14.296, 12.296, 0.731], [0.437, 14.4, 11.16, 0.711], [0, 1]]
[[0.468, 13.754, 10.614, 0.747], [0.468, 14.267, 11.317, 0.746], [1, 0]]
[[0.444, 13.0, 9.986, 0.766], [0.465, 13.279, 10.0, 0.758], [0, 1]]
[[0.432, 12.737, 9.816, 0.739], [0.417, 13.611, 10.444, 0.702], [0, 1]]
[[0.446, 12.145, 10.395, 0.746], [0.446, 14.507, 11.64, 0.743], [1, 0]]
[[0.466, 13.661, 10.532, 0.745], [0.458, 12.855, 10.677, 0.774], [0, 1]]
[[0.457, 14.343, 8.371, 0.733], [0.462, 12.528, 9.889, 0.74], [1, 0]]
[[0.45, 14.033, 11.25, 0.769], [0.45, 12.45, 9.717, 0.749], [0, 1]]
[[0.449, 13.824, 8.529, 0.723], [0.43, 14.412, 12.118, 0.735], [1, 0]]
[[0.445, 13.403, 10.806, 0.738], [0.457, 13.836, 10.393, 0.778], [1, 0]]
[[0.431, 11.875, 9.75, 0.73], [0.436, 13.533, 9.6, 0.65], [0, 1]]
[[0.467, 13.453, 10.84, 0.745], [0.458, 12.853, 10.947, 0.77], [0, 1]]
[[0.297, 11.333, 7.0, 0.44], [0.204, 6.0, 10.5, 0.392], [1, 0]]
[[0.374, 13.5, 5.5, 0.501], [0.349, 12.0, 10.0, 0.592], [1, 0]]
[[0.441, 12.432, 10.622, 0.758], [0.446, 14.139, 10.944, 0.715], [1, 0]]
[[0.423, 14.0, 11.353, 0.734], [0.424, 11.167, 9.5, 0.695], [0, 1]]
[[0.426, 12.556, 10.0, 0.727], [0.436, 13.222, 10.056, 0.723], [0, 1]]
[[0.459, 12.926, 10.741, 0.769], [0.46, 15.241, 11.87, 0.75], [0, 1]]
[[0.442, 12.269, 10.388, 0.743], [0.454, 13.309, 11.897, 0.746], [1, 0]]
[[0.434, 11.941, 9.765, 0.773], [0.423, 14.067, 8.067, 0.699], [1, 0]]
[[0.455, 13.765, 9.882, 0.752], [0.428, 13.97, 9.909, 0.724], [1, 0]]
[[0.46, 13.733, 10.187, 0.79], [0.447, 13.387, 9.827, 0.707], [1, 0]]
[[0.449, 13.25, 10.333, 0.771], [0.46, 12.353, 9.735, 0.734], [0, 1]]
[[0.451, 12.938, 12.015, 0.77], [0.454, 12.312, 10.25, 0.751], [1, 0]]
[[0.454, 12.978, 10.13, 0.765], [0.447, 13.311, 9.578, 0.698], [0, 1]]
[[0.454, 12.875, 11.771, 0.758], [0.444, 14.244, 11.956, 0.718], [0, 1]]
[[0.349, 15.714, 12.0, 0.656], [0.396, 11.0, 8.286, 0.682], [0, 1]]
[[0.471, 14.0, 11.261, 0.751], [0.445, 14.441, 11.471, 0.739], [1, 0]]
[[0.448, 14.938, 12.438, 0.68], [0.43, 14.0, 10.143, 0.693], [0, 1]]
[[0.423, 11.476, 9.571, 0.711], [0.427, 13.95, 9.75, 0.754], [0, 1]]
[[0.468, 14.014, 11.162, 0.751], [0.451, 14.16, 11.04, 0.732], [0, 1]]
[[0.442, 12.986, 11.338, 0.728], [0.458, 12.486, 9.611, 0.747], [1, 0]]
[[0.436, 12.86, 10.163, 0.743], [0.447, 12.349, 11.14, 0.766], [1, 0]]
[[0.417, 11.2, 7.7, 0.642], [0.417, 12.6, 9.1, 0.635], [0, 1]]
[[0.45, 12.976, 12.133, 0.767], [0.23, 6.5, 7.0, 0.372], [1, 0]]
[[0.299, 14.75, 12.5, 0.541], [0.344, 11.25, 8.0, 0.599], [0, 1]]
[[0.416, 13.115, 9.423, 0.716], [0.438, 12.483, 11.621, 0.756], [0, 1]]
[[0.431, 13.667, 10.048, 0.745], [0.459, 13.159, 9.932, 0.764], [0, 1]]
[[0.446, 14.25, 9.0, 0.708], [0.419, 15.545, 10.0, 0.692], [1, 0]]
[[0.441, 13.327, 11.122, 0.725], [0.457, 13.694, 11.327, 0.713], [1, 0]]
[[0.46, 13.919, 8.774, 0.741], [0.428, 13.258, 10.774, 0.723], [1, 0]]
[[0.455, 14.5, 8.188, 0.744], [0.438, 12.647, 9.618, 0.741], [0, 1]]
[[0.437, 12.771, 9.629, 0.745], [0.431, 15.485, 11.273, 0.736], [1, 0]]
[[0.429, 12.159, 10.591, 0.731], [0.448, 12.909, 9.659, 0.746], [0, 1]]
[[0.433, 13.3, 10.62, 0.727], [0.437, 13.723, 9.915, 0.741], [0, 1]]
[[0.425, 12.067, 9.7, 0.728], [0.446, 13.633, 11.367, 0.719], [1, 0]]
[[0.424, 12.643, 11.643, 0.676], [0.408, 12.875, 12.5, 0.725], [0, 1]]
[[0.469, 14.795, 11.231, 0.725], [0.447, 12.927, 9.634, 0.734], [0, 1]]
[[0.457, 14.043, 8.261, 0.729], [0.446, 12.87, 9.478, 0.763], [1, 0]]
[[0.453, 12.719, 11.789, 0.76], [0.442, 13.482, 10.411, 0.761], [0, 1]]
[[0.438, 13.371, 12.171, 0.759], [0.445, 13.886, 11.457, 0.727], [0, 1]]
[[0.366, 12.429, 10.0, 0.657], [0.371, 10.333, 8.167, 0.665], [0, 1]]
[[0.437, 12.773, 9.727, 0.744], [0.437, 13.304, 10.913, 0.717], [1, 0]]
[[0.468, 13.797, 10.562, 0.743], [0.463, 13.303, 9.985, 0.758], [0, 1]]
[[0.465, 13.808, 10.904, 0.747], [0.449, 13.125, 11.232, 0.765], [1, 0]]
[[0.433, 13.3, 10.2, 0.723], [0.432, 12.818, 12.091, 0.753], [1, 0]]
[[0.381, 14.0, 11.875, 0.655], [0.38, 14.571, 12.429, 0.71], [1, 0]]
[[0.454, 13.04, 10.24, 0.765], [0.458, 12.812, 10.062, 0.757], [0, 1]]
[[0.429, 12.219, 10.0, 0.72], [0.464, 14.448, 11.483, 0.719], [1, 0]]
[[0.438, 13.167, 12.733, 0.757], [0.416, 13.143, 9.714, 0.71], [0, 1]]
[[0.444, 13.563, 10.732, 0.745], [0.441, 12.972, 10.718, 0.753], [0, 1]]
[[0.429, 13.703, 9.946, 0.736], [0.448, 13.184, 9.868, 0.739], [1, 0]]
[[0.438, 13.375, 12.667, 0.741], [0.433, 14.636, 10.909, 0.71], [0, 1]]
[[0.434, 12.13, 10.907, 0.736], [0.456, 12.727, 10.545, 0.725], [1, 0]]
[[0.44, 13.821, 10.375, 0.743], [0.443, 14.643, 11.071, 0.737], [1, 0]]
[[0.442, 12.986, 11.429, 0.727], [0.455, 14.957, 11.643, 0.732], [1, 0]]
[[0.44, 13.886, 11.864, 0.76], [0.445, 14.024, 11.732, 0.715], [1, 0]]
[[0.428, 12.207, 9.172, 0.725], [0.437, 12.333, 11.433, 0.755], [0, 1]]
[[0.449, 12.824, 10.118, 0.723], [0.425, 15.0, 11.133, 0.697], [1, 0]]
[[0.449, 12.897, 10.128, 0.767], [0.44, 14.127, 10.937, 0.739], [1, 0]]
[[0.439, 12.705, 9.932, 0.741], [0.448, 13.721, 11.372, 0.732], [1, 0]]
[[0.421, 13.273, 8.364, 0.686], [0.428, 13.0, 10.643, 0.672], [1, 0]]
[[0.469, 13.922, 11.26, 0.756], [0.447, 13.256, 9.769, 0.703], [1, 0]]
[[0.459, 12.683, 10.717, 0.737], [0.441, 13.86, 10.456, 0.741], [0, 1]]
[[0.43, 12.529, 9.118, 0.73], [0.442, 14.212, 10.97, 0.715], [0, 1]]
[[0.446, 15.086, 12.057, 0.769], [0.453, 13.5, 11.329, 0.769], [0, 1]]
[[0.432, 13.244, 10.692, 0.726], [0.446, 13.354, 9.785, 0.703], [0, 1]]
[[0.435, 12.042, 9.5, 0.734], [0.435, 12.875, 12.125, 0.761], [1, 0]]
[[0.43, 11.931, 9.897, 0.718], [0.454, 13.536, 10.286, 0.751], [1, 0]]
[[0.384, 12.2, 11.2, 0.578], [0.388, 13.4, 7.6, 0.575], [0, 1]]
[[0.361, 10.4, 8.0, 0.582], [0.393, 12.4, 8.8, 0.563], [1, 0]]
[[0.342, 12.0, 10.25, 0.637], [0.369, 9.8, 10.0, 0.581], [0, 1]]
[[0.441, 13.05, 11.183, 0.727], [0.448, 12.452, 9.823, 0.748], [0, 1]]
[[0.445, 13.562, 10.726, 0.745], [0.458, 12.413, 9.6, 0.748], [0, 1]]
[[0.448, 13.442, 10.61, 0.749], [0.462, 13.727, 10.156, 0.787], [0, 1]]
[[0.45, 14.11, 11.0, 0.734], [0.446, 14.606, 11.493, 0.74], [1, 0]]
[[0.444, 13.611, 10.847, 0.745], [0.465, 12.644, 10.808, 0.738], [1, 0]]
[[0.441, 13.25, 9.821, 0.759], [0.437, 13.346, 11.654, 0.703], [1, 0]]
[[0.462, 12.758, 10.613, 0.736], [0.45, 13.295, 11.311, 0.765], [1, 0]]
[[0.47, 13.943, 11.229, 0.752], [0.456, 12.786, 10.971, 0.77], [1, 0]]
[[0.266, 11.0, 7.0, 0.482], [0.239, 8.0, 2.5, 0.371], [1, 0]]
[[0.426, 12.207, 9.621, 0.729], [0.451, 13.067, 9.6, 0.732], [1, 0]]
[[0.377, 16.583, 14.083, 0.699], [0.437, 12.417, 9.5, 0.679], [0, 1]]
[[0.454, 12.959, 10.122, 0.768], [0.447, 13.087, 9.717, 0.74], [0, 1]]
[[0.458, 13.841, 8.854, 0.748], [0.448, 14.598, 11.805, 0.743], [0, 1]]
[[0.451, 12.6, 9.92, 0.717], [0.454, 12.435, 9.783, 0.728], [0, 1]]
[[0.444, 12.349, 10.581, 0.757], [0.441, 14.119, 10.31, 0.75], [0, 1]]
[[0.443, 13.613, 11.419, 0.719], [0.426, 13.931, 9.276, 0.729], [1, 0]]
[[0.453, 12.943, 10.453, 0.768], [0.45, 13.434, 11.717, 0.738], [1, 0]]
[[0.465, 13.833, 10.759, 0.747], [0.449, 13.175, 11.193, 0.766], [1, 0]]
[[0.445, 14.321, 10.75, 0.715], [0.435, 15.357, 10.964, 0.733], [1, 0]]
[[0.393, 12.333, 9.556, 0.694], [0.382, 14.125, 10.25, 0.685], [0, 1]]
[[0.453, 12.731, 9.635, 0.749], [0.442, 14.549, 10.961, 0.735], [1, 0]]
[[0.466, 13.725, 10.681, 0.746], [0.449, 13.958, 10.972, 0.733], [1, 0]]
[[0.432, 12.0, 9.533, 0.726], [0.42, 14.154, 7.923, 0.683], [0, 1]]
[[0.439, 13.079, 11.27, 0.729], [0.442, 12.955, 10.09, 0.765], [1, 0]]
[[0.446, 12.886, 12.091, 0.756], [0.455, 13.071, 10.595, 0.772], [1, 0]]
[[0.43, 12.842, 13.263, 0.73], [0.437, 13.474, 11.105, 0.701], [0, 1]]
[[0.433, 12.548, 10.581, 0.756], [0.445, 13.133, 9.7, 0.753], [1, 0]]
[[0.434, 13.353, 10.608, 0.73], [0.451, 13.442, 11.673, 0.736], [0, 1]]
[[0.461, 15.167, 12.152, 0.764], [0.45, 13.537, 9.701, 0.708], [1, 0]]
[[0.454, 13.633, 10.033, 0.76], [0.445, 12.903, 10.71, 0.767], [1, 0]]
[[0.45, 13.25, 10.656, 0.722], [0.435, 14.867, 10.133, 0.75], [0, 1]]
[[0.44, 13.15, 10.15, 0.748], [0.426, 11.158, 9.474, 0.699], [1, 0]]
[[0.432, 14.167, 11.833, 0.733], [0.446, 12.579, 10.053, 0.731], [0, 1]]
[[0.432, 14.679, 10.107, 0.746], [0.435, 15.148, 11.037, 0.731], [0, 1]]
[[0.395, 13.25, 8.75, 0.65], [0.388, 13.0, 8.444, 0.684], [0, 1]]
[[0.443, 13.074, 11.019, 0.718], [0.442, 13.491, 10.333, 0.763], [1, 0]]
[[0.449, 13.061, 10.394, 0.772], [0.447, 13.233, 9.867, 0.739], [0, 1]]
[[0.455, 13.714, 11.029, 0.776], [0.451, 12.901, 10.549, 0.774], [1, 0]]
[[0.461, 12.778, 10.714, 0.736], [0.425, 13.133, 10.967, 0.719], [0, 1]]
[[0.438, 15.968, 11.935, 0.751], [0.437, 12.516, 11.548, 0.756], [0, 1]]
[[0.428, 12.811, 9.973, 0.735], [0.433, 15.2, 11.086, 0.736], [0, 1]]
[[0.443, 13.383, 10.367, 0.762], [0.449, 13.246, 9.705, 0.706], [0, 1]]
[[0.454, 12.938, 10.104, 0.768], [0.455, 13.891, 11.326, 0.708], [1, 0]]
[[0.447, 14.971, 12.029, 0.772], [0.452, 13.537, 11.373, 0.767], [1, 0]]
[[0.464, 13.215, 9.938, 0.759], [0.45, 14.062, 11.188, 0.729], [0, 1]]
[[0.43, 12.108, 10.27, 0.726], [0.439, 14.576, 10.152, 0.749], [1, 0]]
[[0.364, 12.2, 8.6, 0.598], [0.353, 11.8, 9.6, 0.673], [1, 0]]
[[0.451, 13.27, 10.378, 0.77], [0.447, 13.889, 11.222, 0.731], [0, 1]]
[[0.45, 12.909, 12.076, 0.771], [0.45, 12.385, 9.862, 0.751], [1, 0]]
[[0.444, 14.387, 11.065, 0.71], [0.414, 13.581, 10.355, 0.707], [1, 0]]
[[0.45, 14.333, 11.907, 0.726], [0.451, 12.875, 9.911, 0.745], [0, 1]]
[[0.466, 13.779, 10.735, 0.745], [0.461, 15.186, 12.071, 0.764], [1, 0]]
[[0.439, 14.385, 11.077, 0.706], [0.448, 13.966, 10.828, 0.692], [0, 1]]
[[0.434, 12.44, 10.56, 0.769], [0.429, 12.348, 8.304, 0.746], [1, 0]]
[[0.467, 13.469, 10.778, 0.747], [0.457, 13.037, 10.383, 0.734], [0, 1]]
[[0.449, 13.327, 11.776, 0.738], [0.441, 14.872, 10.915, 0.747], [1, 0]]
[[0.43, 12.147, 10.059, 0.721], [0.455, 13.812, 9.875, 0.753], [1, 0]]
[[0.458, 13.932, 8.746, 0.74], [0.45, 13.274, 11.226, 0.767], [1, 0]]
[[0.418, 13.95, 11.9, 0.754], [0.428, 14.684, 11.0, 0.707], [0, 1]]
[[0.461, 13.726, 10.205, 0.79], [0.431, 13.306, 10.792, 0.724], [0, 1]]
[[0.423, 12.6, 11.467, 0.672], [0.444, 13.471, 10.529, 0.673], [0, 1]]
[[0.46, 12.724, 10.517, 0.731], [0.441, 13.727, 10.382, 0.742], [1, 0]]
[[0.457, 13.919, 10.339, 0.778], [0.449, 12.422, 9.812, 0.75], [1, 0]]
[[0.47, 13.926, 11.358, 0.757], [0.445, 12.926, 10.827, 0.753], [1, 0]]
[[0.429, 12.238, 8.905, 0.72], [0.438, 13.091, 11.0, 0.712], [0, 1]]
[[0.443, 12.814, 11.035, 0.74], [0.44, 14.256, 11.128, 0.743], [1, 0]]
[[0.443, 12.944, 11.292, 0.728], [0.456, 13.27, 11.824, 0.75], [1, 0]]
[[0.434, 12.548, 9.452, 0.741], [0.449, 12.939, 9.636, 0.728], [1, 0]]
[[0.444, 12.85, 10.033, 0.764], [0.45, 13.932, 11.288, 0.722], [1, 0]]
[[0.453, 12.915, 11.915, 0.763], [0.451, 12.404, 9.509, 0.747], [1, 0]]
[[0.453, 13.231, 10.538, 0.715], [0.446, 13.9, 11.625, 0.726], [0, 1]]
[[0.446, 13.68, 11.36, 0.716], [0.45, 14.12, 10.52, 0.696], [1, 0]]
[[0.459, 13.912, 8.649, 0.737], [0.463, 13.3, 9.867, 0.762], [0, 1]]
[[0.457, 12.976, 11.2, 0.771], [0.463, 13.212, 10.071, 0.753], [1, 0]]
[[0.45, 13.761, 11.09, 0.773], [0.451, 12.388, 9.761, 0.745], [0, 1]]
[[0.448, 12.405, 11.167, 0.764], [0.438, 15.3, 11.175, 0.745], [0, 1]]
[[0.413, 11.769, 9.846, 0.666], [0.432, 11.75, 11.25, 0.677], [0, 1]]
[[0.446, 13.872, 11.564, 0.724], [0.443, 14.694, 10.333, 0.746], [0, 1]]
[[0.465, 12.821, 10.91, 0.74], [0.447, 14.513, 11.756, 0.744], [0, 1]]
[[0.449, 13.909, 11.291, 0.764], [0.457, 12.75, 10.429, 0.729], [1, 0]]
[[0.458, 14.192, 8.5, 0.733], [0.452, 12.929, 9.643, 0.722], [1, 0]]
[[0.43, 13.733, 12.1, 0.745], [0.414, 13.037, 9.519, 0.717], [1, 0]]
[[0.436, 14.909, 9.818, 0.669], [0.426, 13.182, 10.091, 0.693], [0, 1]]
[[0.367, 12.667, 11.0, 0.654], [0.4, 13.0, 9.4, 0.503], [0, 1]]
[[0.465, 13.9, 10.8, 0.744], [0.459, 15.157, 12.118, 0.751], [1, 0]]
[[0.446, 13.854, 11.512, 0.731], [0.445, 13.05, 9.8, 0.734], [1, 0]]
[[0.451, 13.289, 10.421, 0.769], [0.447, 13.139, 9.944, 0.738], [1, 0]]
[[0.45, 13.0, 12.148, 0.767], [0.457, 12.877, 11.123, 0.77], [0, 1]]
[[0.401, 12.75, 9.625, 0.689], [0.408, 11.5, 7.5, 0.635], [1, 0]]
[[0.413, 13.083, 9.792, 0.705], [0.445, 13.68, 9.8, 0.723], [1, 0]]
[[0.441, 13.12, 9.68, 0.755], [0.437, 13.087, 11.304, 0.701], [1, 0]]
[[0.296, 7.0, 9.667, 0.543], [0.277, 6.0, 7.0, 0.423], [0, 1]]
[[0.445, 13.127, 10.139, 0.758], [0.447, 13.325, 9.775, 0.705], [0, 1]]
[[0.455, 14.855, 11.638, 0.731], [0.447, 15.125, 12.111, 0.766], [1, 0]]
[[0.446, 13.959, 11.653, 0.76], [0.457, 12.776, 10.184, 0.753], [1, 0]]
[[0.42, 14.0, 12.077, 0.748], [0.443, 13.692, 11.577, 0.715], [0, 1]]
[[0.401, 13.118, 9.882, 0.711], [0.432, 13.556, 9.5, 0.765], [1, 0]]
[[0.459, 12.762, 10.746, 0.772], [0.454, 13.273, 12.0, 0.744], [0, 1]]
[[0.456, 13.8, 10.35, 0.778], [0.444, 12.906, 10.047, 0.766], [1, 0]]
[[0.388, 14.889, 11.111, 0.671], [0.404, 12.625, 8.875, 0.633], [1, 0]]
[[0.441, 13.375, 11.146, 0.729], [0.436, 13.511, 9.889, 0.737], [1, 0]]
[[0.446, 13.593, 11.37, 0.718], [0.433, 14.5, 9.846, 0.744], [1, 0]]
[[0.429, 12.2, 8.75, 0.72], [0.422, 15.905, 12.381, 0.731], [0, 1]]
[[0.455, 13.517, 11.034, 0.775], [0.457, 12.977, 10.356, 0.74], [1, 0]]
[[0.468, 13.768, 10.589, 0.746], [0.452, 12.397, 9.517, 0.748], [1, 0]]
[[0.443, 12.127, 10.282, 0.745], [0.462, 13.183, 9.915, 0.759], [1, 0]]
[[0.449, 12.463, 10.37, 0.771], [0.454, 12.574, 10.315, 0.752], [1, 0]]
[[0.448, 12.509, 10.4, 0.772], [0.448, 15.618, 12.018, 0.765], [1, 0]]
[[0.441, 12.704, 11.704, 0.768], [0.438, 16.28, 12.96, 0.729], [1, 0]]
[[0.453, 14.2, 8.233, 0.74], [0.429, 13.867, 9.133, 0.727], [1, 0]]
[[0.45, 13.175, 10.2, 0.765], [0.453, 13.275, 10.575, 0.769], [0, 1]]
[[0.451, 12.908, 12.013, 0.773], [0.453, 13.481, 11.195, 0.767], [1, 0]]
[[0.426, 14.267, 9.867, 0.743], [0.428, 15.286, 10.929, 0.68], [0, 1]]
[[0.423, 12.4, 11.267, 0.676], [0.428, 13.071, 9.857, 0.674], [0, 1]]
[[0.458, 12.949, 10.987, 0.775], [0.459, 12.321, 9.449, 0.749], [1, 0]]
[[0.374, 14.571, 10.286, 0.673], [0.398, 11.5, 10.625, 0.612], [1, 0]]
[[0.461, 14.5, 11.967, 0.733], [0.451, 13.4, 10.667, 0.716], [0, 1]]
[[0.412, 11.5, 9.167, 0.663], [0.405, 12.923, 11.615, 0.715], [0, 1]]
[[0.431, 13.182, 10.023, 0.726], [0.44, 13.556, 11.133, 0.725], [0, 1]]
[[0.449, 12.583, 10.583, 0.764], [0.46, 13.167, 9.958, 0.765], [1, 0]]
[[0.308, 8.0, 5.667, 0.528], [0.308, 11.333, 7.667, 0.53], [1, 0]]
[[0.441, 13.391, 10.312, 0.762], [0.449, 14.031, 11.108, 0.73], [0, 1]]
[[0.458, 12.563, 9.563, 0.749], [0.447, 13.437, 9.713, 0.711], [1, 0]]
[[0.447, 13.211, 10.132, 0.761], [0.442, 12.462, 11.205, 0.765], [0, 1]]
[[0.357, 12.333, 10.333, 0.614], [0.313, 15.4, 12.6, 0.585], [1, 0]]
[[0.398, 13.053, 9.737, 0.714], [0.426, 12.889, 9.667, 0.742], [0, 1]]
[[0.435, 13.34, 10.642, 0.736], [0.448, 12.865, 9.808, 0.748], [0, 1]]
[[0.433, 12.688, 10.812, 0.756], [0.444, 16.065, 12.839, 0.737], [0, 1]]
[[0.449, 13.129, 9.71, 0.73], [0.437, 13.071, 8.964, 0.683], [1, 0]]
[[0.446, 14.0, 11.56, 0.759], [0.462, 13.24, 9.82, 0.767], [0, 1]]
[[0.399, 15.25, 12.25, 0.723], [0.41, 14.25, 10.375, 0.609], [0, 1]]
[[0.445, 13.894, 11.851, 0.759], [0.444, 14.233, 11.907, 0.714], [0, 1]]
[[0.457, 12.812, 10.986, 0.769], [0.441, 13.464, 10.304, 0.756], [1, 0]]
[[0.444, 14.029, 11.441, 0.724], [0.441, 12.429, 11.371, 0.758], [0, 1]]
[[0.443, 12.835, 10.988, 0.737], [0.44, 14.247, 11.141, 0.742], [1, 0]]
[[0.362, 11.8, 8.0, 0.602], [0.362, 10.6, 7.8, 0.607], [0, 1]]
[[0.459, 13.061, 10.927, 0.778], [0.456, 13.085, 10.463, 0.735], [0, 1]]
[[0.433, 12.469, 9.562, 0.744], [0.44, 15.818, 11.727, 0.757], [0, 1]]
[[0.458, 12.547, 9.593, 0.751], [0.448, 13.442, 9.709, 0.711], [1, 0]]
[[0.468, 13.447, 10.829, 0.745], [0.451, 14.208, 10.987, 0.728], [1, 0]]
[[0.384, 16.077, 13.692, 0.696], [0.408, 13.5, 9.333, 0.764], [0, 1]]
[[0.467, 13.449, 10.795, 0.747], [0.444, 12.833, 11.09, 0.732], [0, 1]]
[[0.451, 13.914, 11.241, 0.767], [0.454, 12.967, 11.883, 0.761], [0, 1]]
[[0.459, 12.975, 10.988, 0.776], [0.449, 14.232, 11.195, 0.726], [1, 0]]
[[0.454, 13.529, 11.141, 0.776], [0.457, 13.012, 10.412, 0.736], [0, 1]]
[[0.446, 13.391, 10.766, 0.742], [0.46, 15.266, 12.188, 0.764], [0, 1]]
[[0.444, 12.962, 10.782, 0.752], [0.45, 15.177, 11.899, 0.77], [1, 0]]
[[0.454, 13.792, 11.167, 0.775], [0.445, 14.557, 11.429, 0.74], [1, 0]]
[[0.443, 15.85, 11.825, 0.757], [0.457, 12.667, 10.128, 0.745], [0, 1]]
[[0.428, 13.8, 10.2, 0.698], [0.419, 12.875, 9.5, 0.744], [0, 1]]
[[0.414, 12.636, 11.0, 0.635], [0.421, 10.8, 11.2, 0.648], [1, 0]]
[[0.436, 13.211, 10.263, 0.742], [0.432, 12.889, 11.111, 0.702], [1, 0]]
[[0.398, 14.5, 12.0, 0.59], [0.375, 14.857, 12.429, 0.663], [1, 0]]
[[0.368, 13.2, 8.2, 0.563], [0.363, 9.6, 9.4, 0.604], [1, 0]]
[[0.42, 14.75, 12.167, 0.739], [0.422, 15.5, 9.2, 0.687], [0, 1]]
[[0.455, 13.558, 11.093, 0.773], [0.457, 12.965, 10.372, 0.737], [1, 0]]
[[0.437, 13.9, 11.975, 0.756], [0.451, 13.474, 9.763, 0.755], [0, 1]]
[[0.43, 12.588, 11.0, 0.695], [0.396, 13.0, 9.938, 0.702], [1, 0]]
[[0.431, 13.971, 12.143, 0.756], [0.447, 13.529, 10.118, 0.764], [1, 0]]
[[0.467, 13.443, 10.772, 0.749], [0.451, 15.162, 11.838, 0.771], [1, 0]]
[[0.365, 12.8, 10.2, 0.667], [0.363, 12.8, 7.4, 0.65], [0, 1]]
[[0.419, 15.143, 12.357, 0.684], [0.42, 15.833, 10.333, 0.681], [0, 1]]
[[0.449, 13.787, 10.362, 0.772], [0.45, 12.771, 9.688, 0.752], [0, 1]]
[[0.439, 12.64, 11.8, 0.762], [0.443, 13.375, 9.167, 0.668], [1, 0]]
[[0.429, 14.227, 9.045, 0.714], [0.43, 14.087, 9.957, 0.747], [1, 0]]
[[0.451, 12.424, 9.644, 0.75], [0.463, 15.276, 11.879, 0.756], [1, 0]]
[[0.427, 13.397, 10.905, 0.72], [0.444, 14.531, 11.203, 0.739], [1, 0]]
[[0.454, 12.964, 10.455, 0.768], [0.448, 15.736, 12.019, 0.763], [0, 1]]
[[0.469, 13.875, 11.312, 0.757], [0.452, 12.753, 10.531, 0.773], [0, 1]]
[[0.426, 11.769, 9.346, 0.724], [0.441, 12.84, 9.72, 0.758], [0, 1]]
[[0.23, 6.5, 7.0, 0.372], [0.236, 6.5, 5.5, 0.393], [1, 0]]
[[0.463, 14.118, 8.706, 0.731], [0.445, 13.132, 9.585, 0.705], [1, 0]]
[[0.446, 13.429, 10.171, 0.763], [0.447, 13.324, 9.971, 0.759], [0, 1]]
[[0.466, 12.733, 10.84, 0.74], [0.44, 14.169, 10.909, 0.74], [0, 1]]
[[0.455, 12.979, 10.106, 0.766], [0.446, 16.0, 12.0, 0.76], [1, 0]]
[[0.457, 12.851, 11.09, 0.77], [0.445, 14.515, 11.227, 0.742], [1, 0]]
[[0.442, 13.419, 10.258, 0.759], [0.432, 15.267, 11.2, 0.737], [1, 0]]
[[0.459, 12.737, 10.702, 0.775], [0.453, 12.345, 10.241, 0.75], [0, 1]]
[[0.452, 14.333, 8.375, 0.722], [0.43, 14.25, 10.0, 0.75], [1, 0]]
[[0.465, 14.393, 11.5, 0.711], [0.462, 12.607, 9.607, 0.733], [0, 1]]
[[0.328, 9.25, 7.0, 0.611], [0.344, 12.333, 4.0, 0.501], [1, 0]]
[[0.447, 13.487, 10.618, 0.747], [0.447, 14.461, 11.842, 0.741], [0, 1]]
[[0.468, 13.769, 10.615, 0.743], [0.449, 13.515, 9.706, 0.708], [0, 1]]
[[0.459, 13.159, 11.67, 0.749], [0.462, 12.364, 9.932, 0.758], [0, 1]]
[[0.422, 12.438, 11.25, 0.686], [0.43, 14.0, 11.812, 0.694], [0, 1]]
[[0.436, 12.828, 10.31, 0.76], [0.447, 14.296, 10.815, 0.71], [0, 1]]
[[0.447, 12.174, 10.326, 0.747], [0.451, 12.698, 10.698, 0.771], [1, 0]]
[[0.428, 12.593, 8.667, 0.745], [0.438, 12.607, 11.536, 0.759], [1, 0]]
[[0.468, 14.027, 11.16, 0.754], [0.432, 13.187, 10.88, 0.726], [0, 1]]
[[0.469, 14.027, 11.123, 0.752], [0.462, 15.068, 11.946, 0.765], [0, 1]]
[[0.459, 13.803, 8.773, 0.741], [0.442, 12.848, 10.455, 0.753], [0, 1]]
[[0.467, 12.838, 10.975, 0.744], [0.432, 13.225, 10.7, 0.729], [1, 0]]
[[0.469, 13.974, 11.211, 0.756], [0.443, 12.831, 11.117, 0.732], [0, 1]]
[[0.454, 12.8, 10.42, 0.723], [0.439, 13.878, 10.469, 0.759], [0, 1]]
[[0.407, 14.7, 12.9, 0.67], [0.403, 12.75, 8.5, 0.648], [0, 1]]
[[0.44, 12.831, 10.254, 0.754], [0.453, 12.356, 10.186, 0.752], [0, 1]]
[[0.446, 12.137, 10.175, 0.75], [0.446, 13.088, 10.15, 0.758], [1, 0]]
[[0.455, 13.0, 10.674, 0.773], [0.456, 13.333, 9.786, 0.767], [0, 1]]
[[0.438, 13.0, 10.085, 0.751], [0.448, 13.383, 11.66, 0.732], [1, 0]]
[[0.432, 12.167, 10.542, 0.77], [0.431, 15.913, 11.739, 0.743], [1, 0]]
[[0.455, 13.848, 9.909, 0.753], [0.443, 13.471, 8.794, 0.685], [0, 1]]
[[0.415, 13.382, 10.294, 0.703], [0.445, 13.556, 8.806, 0.686], [0, 1]]
[[0.395, 11.0, 10.556, 0.723], [0.404, 13.875, 8.75, 0.637], [1, 0]]
[[0.334, 12.5, 11.5, 0.597], [0.372, 11.5, 9.5, 0.459], [1, 0]]
[[0.453, 12.828, 11.914, 0.762], [0.44, 13.421, 10.684, 0.737], [0, 1]]
[[0.457, 12.538, 9.615, 0.732], [0.444, 13.231, 9.538, 0.738], [1, 0]]
[[0.467, 14.396, 11.5, 0.735], [0.422, 13.0, 10.578, 0.721], [0, 1]]
[[0.445, 14.167, 11.762, 0.714], [0.452, 15.488, 12.488, 0.749], [0, 1]]
[[0.336, 10.0, 9.5, 0.61], [0.326, 11.5, 9.0, 0.617], [0, 1]]
[[0.438, 12.979, 9.979, 0.744], [0.456, 15.435, 12.391, 0.751], [1, 0]]
[[0.468, 14.76, 11.32, 0.703], [0.437, 16.185, 12.0, 0.741], [1, 0]]
[[0.436, 13.0, 12.667, 0.745], [0.427, 14.0, 9.16, 0.72], [1, 0]]
[[0.444, 12.786, 11.012, 0.737], [0.441, 14.167, 11.036, 0.741], [1, 0]]
[[0.43, 11.923, 9.0, 0.716], [0.409, 13.385, 9.385, 0.768], [1, 0]]
[[0.456, 13.025, 10.287, 0.734], [0.451, 14.296, 11.123, 0.729], [1, 0]]
[[0.431, 12.132, 10.316, 0.729], [0.416, 13.515, 10.182, 0.711], [1, 0]]
[[0.445, 13.52, 10.52, 0.743], [0.433, 15.13, 11.478, 0.722], [1, 0]]
[[0.446, 14.05, 11.8, 0.71], [0.45, 12.837, 9.628, 0.743], [0, 1]]
[[0.453, 13.539, 11.263, 0.768], [0.444, 14.527, 11.689, 0.743], [0, 1]]
[[0.441, 13.913, 10.522, 0.76], [0.457, 15.447, 12.489, 0.748], [1, 0]]
[[0.465, 14.03, 11.212, 0.729], [0.439, 13.969, 11.594, 0.699], [0, 1]]
[[0.425, 12.85, 10.95, 0.699], [0.45, 13.478, 10.565, 0.693], [0, 1]]
[[0.452, 14.25, 11.792, 0.742], [0.434, 13.522, 9.522, 0.734], [0, 1]]
[[0.47, 13.955, 11.284, 0.75], [0.442, 13.448, 10.418, 0.757], [0, 1]]
[[0.417, 11.818, 9.636, 0.696], [0.421, 14.909, 11.909, 0.736], [1, 0]]
[[0.453, 12.966, 9.69, 0.729], [0.431, 14.222, 10.148, 0.748], [1, 0]]
[[0.428, 13.677, 9.516, 0.727], [0.431, 15.323, 11.258, 0.734], [0, 1]]
[[0.379, 12.167, 8.667, 0.626], [0.39, 12.714, 9.571, 0.72], [0, 1]]
[[0.463, 14.44, 11.66, 0.735], [0.436, 13.761, 10.0, 0.74], [0, 1]]
[[0.448, 15.509, 12.035, 0.764], [0.449, 13.789, 11.509, 0.725], [0, 1]]
[[0.442, 12.971, 10.6, 0.752], [0.436, 14.097, 10.972, 0.744], [0, 1]]
[[0.42, 14.111, 11.556, 0.739], [0.434, 13.368, 9.789, 0.745], [0, 1]]
[[0.438, 16.069, 12.138, 0.749], [0.445, 13.333, 9.63, 0.742], [0, 1]]
[[0.417, 14.0, 11.333, 0.734], [0.406, 13.267, 12.733, 0.727], [0, 1]]
[[0.468, 13.5, 10.805, 0.748], [0.452, 15.159, 11.72, 0.771], [1, 0]]
[[0.466, 14.098, 10.927, 0.732], [0.432, 13.095, 9.881, 0.725], [1, 0]]
[[0.324, 10.0, 9.25, 0.505], [0.28, 9.0, 7.667, 0.506], [0, 1]]
[[0.379, 10.667, 10.667, 0.668], [0.404, 13.0, 8.5, 0.592], [0, 1]]
[[0.462, 15.0, 11.987, 0.763], [0.445, 14.562, 11.63, 0.742], [1, 0]]
[[0.459, 12.316, 9.443, 0.75], [0.461, 12.278, 9.962, 0.757], [0, 1]]
[[0.462, 14.113, 8.698, 0.734], [0.455, 12.722, 11.778, 0.763], [0, 1]]
[[0.244, 5.5, 4.5, 0.354], [0.444, 12.819, 10.988, 0.738], [0, 1]]
[[0.446, 15.0, 11.969, 0.769], [0.444, 14.613, 11.274, 0.738], [0, 1]]
[[0.437, 13.048, 9.714, 0.753], [0.428, 13.81, 9.762, 0.755], [1, 0]]
[[0.445, 13.143, 10.208, 0.757], [0.446, 14.468, 11.779, 0.743], [0, 1]]
[[0.435, 13.069, 12.724, 0.753], [0.459, 14.207, 12.31, 0.732], [1, 0]]
[[0.43, 12.214, 10.595, 0.731], [0.452, 13.462, 9.872, 0.771], [0, 1]]
[[0.443, 14.0, 8.562, 0.718], [0.419, 11.188, 9.812, 0.677], [1, 0]]
[[0.44, 12.258, 10.47, 0.741], [0.449, 12.881, 12.09, 0.771], [1, 0]]
[[0.182, 8.5, 5.5, 0.36], [0.232, 9.0, 4.0, 0.32], [0, 1]]
[[0.444, 15.857, 11.595, 0.761], [0.447, 13.488, 9.146, 0.696], [0, 1]]
[[0.469, 14.161, 11.21, 0.749], [0.444, 12.889, 10.079, 0.767], [1, 0]]
[[0.233, 7.0, 4.5, 0.4], [0.279, 10.5, 5.5, 0.281], [1, 0]]
[[0.446, 15.13, 11.986, 0.769], [0.46, 15.149, 12.164, 0.764], [0, 1]]
[[0.34, 12.5, 7.5, 0.56], [0.316, 10.5, 10.75, 0.54], [1, 0]]
[[0.455, 12.686, 10.49, 0.719], [0.44, 12.865, 10.058, 0.752], [1, 0]]
[[0.35, 13.0, 11.0, 0.57], [0.346, 11.0, 6.4, 0.602], [1, 0]]
[[0.4, 12.857, 9.143, 0.658], [0.379, 14.333, 6.167, 0.672], [1, 0]]
[[0.458, 12.855, 10.758, 0.773], [0.444, 12.919, 10.129, 0.766], [1, 0]]
[[0.463, 14.106, 8.787, 0.728], [0.463, 14.0, 10.87, 0.739], [0, 1]]
[[0.436, 13.4, 12.76, 0.745], [0.427, 11.76, 9.52, 0.719], [1, 0]]
[[0.444, 12.111, 10.25, 0.746], [0.465, 12.653, 10.764, 0.739], [1, 0]]
[[0.441, 12.789, 10.228, 0.752], [0.452, 12.518, 10.429, 0.751], [0, 1]]
[[0.41, 12.167, 9.0, 0.745], [0.417, 11.083, 8.25, 0.715], [0, 1]]
[[0.466, 13.961, 10.824, 0.746], [0.459, 15.151, 12.057, 0.748], [1, 0]]
[[0.467, 14.571, 11.524, 0.728], [0.438, 12.767, 9.907, 0.741], [0, 1]]
[[0.451, 13.34, 11.7, 0.737], [0.446, 13.22, 9.52, 0.7], [1, 0]]
[[0.459, 13.835, 8.882, 0.745], [0.46, 13.647, 10.306, 0.784], [1, 0]]
[[0.44, 14.727, 12.727, 0.652], [0.408, 12.727, 10.0, 0.733], [1, 0]]
[[0.458, 12.268, 9.958, 0.752], [0.459, 15.222, 11.986, 0.764], [1, 0]]
[[0.454, 15.0, 11.653, 0.731], [0.464, 13.173, 10.013, 0.757], [0, 1]]
[[0.417, 13.2, 13.1, 0.703], [0.407, 12.4, 9.9, 0.738], [0, 1]]
[[0.429, 12.212, 9.97, 0.718], [0.438, 13.032, 12.613, 0.76], [1, 0]]
[[0.46, 14.237, 8.5, 0.735], [0.449, 13.205, 10.103, 0.764], [0, 1]]
[[0.453, 12.732, 11.786, 0.759], [0.445, 13.281, 9.754, 0.704], [0, 1]]
[[0.437, 12.143, 10.46, 0.741], [0.454, 12.413, 10.19, 0.751], [0, 1]]
[[0.454, 12.852, 11.82, 0.763], [0.449, 13.883, 11.317, 0.725], [1, 0]]
[[0.45, 12.5, 9.95, 0.735], [0.442, 13.45, 11.15, 0.703], [1, 0]]
[[0.468, 13.455, 10.779, 0.746], [0.46, 12.295, 10.051, 0.756], [0, 1]]
[[0.454, 13.5, 11.136, 0.775], [0.457, 12.966, 10.341, 0.74], [0, 1]]
[[0.457, 12.924, 11.038, 0.77], [0.45, 14.213, 11.15, 0.729], [1, 0]]
[[0.456, 13.75, 8.3, 0.731], [0.429, 14.056, 10.444, 0.721], [1, 0]]
[[0.243, 9.5, 3.5, 0.344], [0.274, 8.0, 3.5, 0.416], [0, 1]]
[[0.431, 12.085, 10.617, 0.735], [0.452, 12.771, 10.458, 0.723], [1, 0]]
[[0.432, 14.889, 9.444, 0.654], [0.406, 15.444, 9.0, 0.687], [1, 0]]
[[0.438, 12.625, 9.8, 0.742], [0.447, 13.59, 8.923, 0.691], [1, 0]]
[[0.441, 13.883, 10.633, 0.743], [0.462, 15.233, 12.083, 0.759], [1, 0]]
[[0.223, 3.0, 5.0, 0.267], [0.453, 12.771, 10.554, 0.772], [1, 0]]
[[0.459, 12.963, 10.925, 0.777], [0.449, 12.949, 10.101, 0.769], [0, 1]]
[[0.46, 13.969, 10.312, 0.783], [0.455, 13.313, 11.896, 0.747], [1, 0]]
[[0.452, 13.14, 10.116, 0.763], [0.418, 13.077, 10.615, 0.708], [1, 0]]
[[0.459, 13.883, 8.767, 0.739], [0.466, 13.633, 10.533, 0.746], [1, 0]]
[[0.448, 14.224, 11.776, 0.721], [0.448, 13.074, 11.241, 0.771], [0, 1]]
[[0.455, 12.935, 10.234, 0.737], [0.462, 14.949, 11.885, 0.765], [0, 1]]
[[0.393, 13.7, 9.3, 0.765], [0.401, 15.625, 8.625, 0.677], [1, 0]]
[[0.426, 11.714, 9.786, 0.766], [0.398, 13.643, 9.143, 0.704], [1, 0]]
[[0.455, 14.924, 11.595, 0.732], [0.462, 12.275, 9.925, 0.758], [0, 1]]
[[0.441, 12.906, 10.151, 0.753], [0.435, 13.796, 10.122, 0.738], [0, 1]]
[[0.445, 12.5, 9.611, 0.727], [0.429, 15.947, 12.632, 0.711], [1, 0]]
[[0.459, 12.312, 9.438, 0.75], [0.443, 14.148, 10.926, 0.74], [0, 1]]
[[0.454, 13.02, 10.353, 0.768], [0.458, 12.98, 11.8, 0.758], [0, 1]]
[[0.446, 12.475, 10.6, 0.76], [0.42, 13.289, 10.447, 0.706], [1, 0]]
[[0.389, 10.5, 10.5, 0.717], [0.388, 14.714, 7.571, 0.667], [0, 1]]
[[0.44, 13.5, 10.5, 0.737], [0.447, 13.905, 11.857, 0.738], [1, 0]]
[[0.45, 12.988, 12.085, 0.769], [0.462, 12.22, 9.927, 0.759], [1, 0]]
[[0.417, 13.905, 11.952, 0.747], [0.451, 13.545, 10.5, 0.687], [1, 0]]
[[0.457, 12.817, 10.717, 0.771], [0.442, 13.362, 10.621, 0.738], [1, 0]]
[[0.444, 14.273, 11.886, 0.715], [0.44, 13.932, 10.318, 0.755], [0, 1]]
[[0.432, 12.895, 10.947, 0.713], [0.446, 13.389, 9.667, 0.654], [0, 1]]
[[0.428, 12.412, 9.706, 0.739], [0.442, 14.281, 11.062, 0.713], [0, 1]]
[[0.42, 12.842, 12.0, 0.751], [0.454, 12.895, 10.105, 0.684], [1, 0]]
[[0.39, 10.625, 8.125, 0.669], [0.405, 13.0, 10.222, 0.637], [1, 0]]
[[0.436, 12.717, 10.0, 0.739], [0.455, 12.889, 10.244, 0.749], [1, 0]]
[[0.43, 12.231, 10.385, 0.731], [0.416, 13.657, 10.4, 0.704], [1, 0]]
[[0.42, 12.588, 8.765, 0.723], [0.435, 13.889, 11.444, 0.698], [1, 0]]
[[0.46, 13.265, 11.783, 0.749], [0.204, 6.0, 10.5, 0.392], [0, 1]]
[[0.428, 12.1, 9.2, 0.729], [0.451, 12.906, 9.688, 0.726], [0, 1]]
[[0.414, 13.16, 9.68, 0.712], [0.456, 12.68, 9.72, 0.731], [0, 1]]
[[0.463, 13.646, 10.203, 0.785], [0.452, 12.775, 10.6, 0.773], [1, 0]]
[[0.442, 15.919, 11.73, 0.759], [0.439, 14.5, 10.324, 0.745], [0, 1]]
[[0.448, 13.485, 10.091, 0.763], [0.459, 14.879, 12.091, 0.724], [1, 0]]
[[0.447, 15.197, 11.902, 0.77], [0.463, 15.339, 12.102, 0.757], [1, 0]]
[[0.192, 5.5, 6.0, 0.375], [0.216, 7.5, 6.5, 0.441], [1, 0]]
[[0.462, 14.102, 8.776, 0.73], [0.445, 14.234, 11.872, 0.723], [1, 0]]
[[0.453, 14.455, 8.515, 0.736], [0.462, 14.853, 11.794, 0.72], [1, 0]]
[[0.416, 13.656, 10.281, 0.709], [0.446, 13.333, 9.667, 0.743], [1, 0]]
[[0.43, 14.176, 10.529, 0.721], [0.444, 13.474, 9.526, 0.654], [0, 1]]
[[0.451, 12.528, 10.415, 0.77], [0.444, 13.182, 9.818, 0.703], [0, 1]]
[[0.441, 14.66, 11.04, 0.74], [0.447, 13.173, 9.462, 0.703], [0, 1]]
[[0.466, 14.581, 11.512, 0.73], [0.457, 12.837, 10.302, 0.752], [0, 1]]
[[0.466, 14.143, 8.524, 0.732], [0.457, 12.953, 10.395, 0.719], [1, 0]]
[[0.439, 13.087, 12.739, 0.737], [0.449, 13.625, 10.375, 0.69], [1, 0]]
[[0.453, 14.958, 11.792, 0.734], [0.437, 14.041, 10.932, 0.744], [1, 0]]
[[0.451, 13.923, 10.538, 0.693], [0.44, 13.16, 9.24, 0.668], [0, 1]]
[[0.458, 12.952, 10.524, 0.719], [0.446, 13.098, 9.805, 0.734], [1, 0]]
[[0.438, 12.619, 12.905, 0.737], [0.424, 13.0, 11.111, 0.686], [1, 0]]
[[0.416, 14.615, 12.462, 0.74], [0.426, 14.154, 9.538, 0.732], [1, 0]]
[[0.461, 13.75, 10.25, 0.79], [0.446, 13.411, 9.863, 0.71], [0, 1]]
[[0.423, 13.913, 11.565, 0.748], [0.441, 13.304, 9.043, 0.666], [1, 0]]
[[0.461, 15.148, 12.066, 0.758], [0.444, 14.508, 11.18, 0.739], [1, 0]]
[[0.365, 13.333, 9.667, 0.64], [0.399, 14.0, 9.5, 0.538], [0, 1]]
[[0.458, 12.851, 10.905, 0.77], [0.462, 14.974, 11.934, 0.765], [1, 0]]
[[0.402, 11.125, 10.625, 0.625], [0.404, 14.0, 10.286, 0.58], [1, 0]]
[[0.414, 13.552, 10.034, 0.709], [0.438, 13.5, 11.429, 0.702], [1, 0]]
[[0.436, 13.455, 10.136, 0.712], [0.436, 15.955, 12.636, 0.733], [1, 0]]
[[0.449, 12.882, 12.132, 0.772], [0.456, 12.746, 10.149, 0.736], [1, 0]]
[[0.438, 13.765, 10.196, 0.742], [0.441, 13.717, 10.547, 0.76], [1, 0]]
[[0.446, 13.348, 10.621, 0.746], [0.458, 12.788, 10.909, 0.772], [0, 1]]
[[0.44, 12.571, 9.5, 0.702], [0.429, 12.923, 9.769, 0.67], [0, 1]]
[[0.46, 13.946, 8.75, 0.735], [0.463, 15.193, 11.789, 0.753], [1, 0]]
[[0.43, 13.969, 9.562, 0.728], [0.43, 15.531, 11.312, 0.737], [1, 0]]
[[0.402, 11.833, 6.167, 0.648], [0.368, 13.0, 9.8, 0.548], [0, 1]]
[[0.423, 13.5, 8.083, 0.685], [0.427, 13.462, 9.923, 0.644], [0, 1]]
[[0.446, 12.857, 12.143, 0.756], [0.433, 12.8, 9.95, 0.739], [1, 0]]
[[0.348, 12.25, 7.5, 0.529], [0.273, 7.0, 7.0, 0.472], [1, 0]]
[[0.437, 13.407, 10.574, 0.734], [0.455, 12.667, 10.537, 0.723], [0, 1]]
[[0.415, 13.375, 9.5, 0.652], [0.411, 13.1, 10.5, 0.63], [1, 0]]
[[0.456, 13.697, 8.961, 0.742], [0.458, 12.338, 9.481, 0.747], [0, 1]]
[[0.434, 12.263, 9.684, 0.729], [0.427, 14.765, 11.059, 0.701], [1, 0]]
[[0.432, 11.913, 9.478, 0.732], [0.406, 13.143, 9.905, 0.706], [1, 0]]
[[0.456, 13.886, 11.25, 0.702], [0.451, 15.409, 12.614, 0.75], [1, 0]]
[[0.457, 12.854, 11.183, 0.771], [0.455, 14.915, 11.707, 0.734], [1, 0]]
[[0.441, 14.169, 10.916, 0.74], [0.448, 13.554, 9.723, 0.711], [0, 1]]
[[0.386, 13.889, 11.222, 0.675], [0.414, 13.0, 12.375, 0.689], [0, 1]]
[[0.462, 14.839, 11.903, 0.721], [0.445, 13.844, 11.281, 0.722], [0, 1]]
[[0.442, 15.821, 11.923, 0.756], [0.459, 12.605, 10.026, 0.743], [0, 1]]
[[0.431, 14.0, 9.682, 0.75], [0.431, 13.333, 9.571, 0.737], [1, 0]]
[[0.448, 13.964, 11.321, 0.764], [0.448, 15.554, 12.054, 0.766], [1, 0]]
[[0.435, 13.152, 12.394, 0.761], [0.438, 12.697, 9.576, 0.746], [1, 0]]
[[0.431, 13.865, 12.027, 0.753], [0.447, 13.25, 10.083, 0.762], [1, 0]]
[[0.444, 13.426, 10.721, 0.739], [0.452, 12.484, 10.274, 0.752], [0, 1]]
[[0.442, 13.377, 10.295, 0.762], [0.465, 13.159, 9.683, 0.762], [0, 1]]
[[0.43, 12.077, 9.885, 0.723], [0.434, 13.182, 11.182, 0.698], [1, 0]]
[[0.406, 14.25, 7.875, 0.678], [0.381, 10.571, 11.429, 0.676], [1, 0]]
[[0.465, 12.703, 10.797, 0.737], [0.437, 14.107, 10.973, 0.739], [1, 0]]
[[0.458, 13.948, 8.741, 0.739], [0.449, 13.934, 11.295, 0.726], [1, 0]]
[[0.418, 14.917, 12.25, 0.665], [0.419, 13.182, 9.091, 0.649], [0, 1]]
[[0.457, 12.724, 10.776, 0.774], [0.448, 13.25, 9.8, 0.707], [0, 1]]
[[0.43, 12.0, 9.968, 0.721], [0.448, 13.357, 9.893, 0.727], [0, 1]]
[[0.453, 12.804, 9.627, 0.749], [0.456, 13.62, 11.42, 0.717], [1, 0]]
[[0.445, 13.529, 10.629, 0.746], [0.447, 13.444, 9.847, 0.709], [0, 1]]
[[0.427, 12.259, 8.889, 0.721], [0.428, 14.115, 9.077, 0.721], [0, 1]]
[[0.459, 13.019, 10.566, 0.768], [0.449, 14.059, 11.725, 0.722], [1, 0]]
[[0.458, 15.0, 11.75, 0.679], [0.425, 14.263, 8.579, 0.707], [1, 0]]
[[0.461, 14.0, 8.709, 0.735], [0.44, 12.81, 10.276, 0.753], [1, 0]]
[[0.452, 13.653, 10.449, 0.776], [0.448, 13.0, 9.653, 0.743], [0, 1]]
[[0.446, 14.091, 12.136, 0.735], [0.431, 14.4, 8.6, 0.714], [0, 1]]
[[0.388, 10.0, 10.571, 0.691], [0.352, 15.75, 12.875, 0.661], [1, 0]]
[[0.441, 12.8, 10.218, 0.751], [0.441, 13.704, 10.444, 0.759], [1, 0]]
[[0.41, 13.917, 11.333, 0.72], [0.4, 10.667, 8.333, 0.698], [0, 1]]
[[0.452, 13.044, 10.111, 0.767], [0.45, 13.659, 11.409, 0.734], [0, 1]]
[[0.456, 13.968, 9.903, 0.755], [0.444, 14.552, 10.966, 0.709], [1, 0]]
[[0.446, 13.464, 10.893, 0.719], [0.447, 13.929, 10.786, 0.694], [0, 1]]
[[0.454, 12.692, 10.462, 0.723], [0.423, 12.88, 10.74, 0.726], [1, 0]]
[[0.423, 12.095, 8.571, 0.745], [0.448, 12.429, 9.81, 0.733], [0, 1]]
[[0.463, 14.773, 11.545, 0.691], [0.422, 14.045, 11.5, 0.75], [0, 1]]
[[0.413, 13.167, 9.667, 0.685], [0.414, 12.75, 10.0, 0.727], [0, 1]]
[[0.408, 12.1, 9.5, 0.693], [0.417, 14.0, 8.8, 0.72], [0, 1]]
[[0.431, 13.65, 9.975, 0.74], [0.45, 15.405, 12.548, 0.746], [0, 1]]
[[0.423, 14.1, 10.1, 0.695], [0.408, 12.778, 9.111, 0.644], [0, 1]]
[[0.448, 13.435, 11.13, 0.717], [0.432, 12.783, 12.0, 0.759], [0, 1]]
[[0.462, 13.642, 10.111, 0.783], [0.443, 14.134, 10.939, 0.741], [1, 0]]
[[0.442, 13.25, 11.192, 0.718], [0.449, 13.109, 11.255, 0.767], [1, 0]]
[[0.468, 12.84, 10.938, 0.74], [0.447, 13.086, 10.16, 0.758], [1, 0]]
[[0.451, 12.943, 10.557, 0.772], [0.455, 14.706, 11.735, 0.73], [1, 0]]
[[0.441, 12.75, 9.312, 0.714], [0.431, 13.25, 9.938, 0.703], [0, 1]]
[[0.447, 12.207, 10.293, 0.747], [0.46, 12.463, 9.415, 0.752], [1, 0]]
[[0.444, 13.435, 10.609, 0.747], [0.449, 14.042, 11.0, 0.731], [0, 1]]
[[0.451, 12.364, 9.818, 0.732], [0.436, 16.174, 12.652, 0.733], [1, 0]]
[[0.446, 12.98, 11.245, 0.766], [0.458, 15.479, 12.417, 0.749], [0, 1]]
[[0.433, 14.333, 9.75, 0.673], [0.425, 12.917, 9.75, 0.653], [1, 0]]
[[0.444, 12.455, 10.682, 0.757], [0.445, 12.578, 11.244, 0.766], [1, 0]]
[[0.306, 8.0, 8.333, 0.444], [0.273, 8.667, 11.0, 0.477], [0, 1]]
[[0.44, 13.767, 11.907, 0.762], [0.443, 15.837, 11.814, 0.759], [1, 0]]
[[0.343, 13.0, 6.5, 0.578], [0.342, 9.5, 8.5, 0.522], [0, 1]]
[[0.457, 12.208, 9.986, 0.754], [0.463, 13.137, 9.932, 0.758], [0, 1]]
[[0.438, 12.718, 9.821, 0.746], [0.447, 13.568, 9.838, 0.768], [1, 0]]
[[0.459, 12.548, 9.464, 0.751], [0.449, 13.5, 9.667, 0.711], [1, 0]]
[[0.469, 14.725, 11.325, 0.723], [0.453, 13.1, 10.65, 0.716], [0, 1]]
[[0.464, 14.519, 11.296, 0.708], [0.448, 12.793, 10.414, 0.771], [1, 0]]
[[0.463, 13.243, 10.0, 0.759], [0.448, 13.423, 9.845, 0.707], [0, 1]]
[[0.451, 13.625, 10.458, 0.774], [0.453, 12.796, 10.469, 0.722], [1, 0]]
[[0.425, 12.462, 8.5, 0.741], [0.437, 13.0, 11.375, 0.702], [1, 0]]
[[0.454, 12.909, 10.432, 0.718], [0.438, 12.886, 10.114, 0.745], [0, 1]]
[[0.456, 13.815, 10.481, 0.774], [0.441, 12.786, 10.196, 0.752], [1, 0]]
[[0.205, 6.0, 4.5, 0.405], [0.215, 7.0, 7.5, 0.295], [0, 1]]
[[0.433, 12.123, 10.877, 0.739], [0.466, 14.281, 11.544, 0.743], [1, 0]]
[[0.454, 12.952, 11.823, 0.764], [0.457, 12.729, 10.746, 0.773], [1, 0]]
[[0.44, 12.263, 10.053, 0.726], [0.456, 13.2, 10.2, 0.674], [0, 1]]
[[0.442, 12.232, 10.449, 0.746], [0.456, 12.824, 11.059, 0.77], [0, 1]]
[[0.451, 15.16, 11.778, 0.772], [0.462, 13.321, 10.173, 0.753], [0, 1]]
[[0.462, 13.634, 10.134, 0.785], [0.443, 12.841, 11.024, 0.737], [0, 1]]
[[0.436, 12.136, 10.273, 0.769], [0.435, 15.952, 12.476, 0.733], [1, 0]]
[[0.435, 12.068, 10.746, 0.74], [0.444, 13.035, 11.105, 0.724], [0, 1]]
[[0.46, 14.389, 8.528, 0.732], [0.464, 14.838, 11.514, 0.725], [1, 0]]
[[0.45, 14.404, 11.877, 0.73], [0.444, 13.407, 10.322, 0.763], [0, 1]]
[[0.452, 14.0, 11.131, 0.767], [0.457, 12.889, 10.73, 0.773], [0, 1]]
[[0.451, 13.027, 11.959, 0.773], [0.451, 14.108, 11.0, 0.733], [1, 0]]
[[0.441, 12.462, 9.962, 0.76], [0.449, 13.926, 10.667, 0.695], [1, 0]]
[[0.429, 13.388, 10.761, 0.719], [0.453, 12.515, 9.691, 0.747], [0, 1]]
[[0.456, 13.767, 8.849, 0.739], [0.447, 15.12, 12.053, 0.769], [1, 0]]
[[0.449, 14.14, 11.78, 0.723], [0.448, 12.849, 9.792, 0.749], [0, 1]]
[[0.464, 12.621, 9.655, 0.729], [0.445, 13.321, 9.75, 0.746], [1, 0]]
[[0.407, 14.0, 8.556, 0.714], [0.396, 12.857, 8.0, 0.658], [0, 1]]
[[0.445, 16.0, 12.045, 0.759], [0.456, 13.929, 11.119, 0.7], [0, 1]]
[[0.428, 11.75, 9.583, 0.711], [0.44, 14.917, 12.167, 0.659], [1, 0]]
[[0.451, 12.875, 11.898, 0.763], [0.451, 12.989, 10.034, 0.766], [1, 0]]
[[0.456, 12.944, 11.014, 0.775], [0.452, 13.451, 11.366, 0.771], [1, 0]]
[[0.426, 13.25, 9.667, 0.697], [0.408, 12.929, 11.929, 0.714], [1, 0]]
[[0.451, 12.893, 11.973, 0.772], [0.455, 12.961, 10.224, 0.738], [1, 0]]
[[0.45, 14.339, 11.839, 0.727], [0.447, 13.305, 9.746, 0.707], [1, 0]]
[[0.42, 13.1, 10.55, 0.709], [0.439, 15.268, 11.049, 0.746], [1, 0]]
[[0.455, 12.935, 10.587, 0.775], [0.446, 16.087, 12.152, 0.759], [1, 0]]
[[0.456, 12.874, 11.218, 0.77], [0.462, 13.218, 10.092, 0.752], [0, 1]]
[[0.447, 12.265, 10.289, 0.746], [0.216, 7.5, 6.5, 0.441], [1, 0]]
[[0.447, 12.877, 9.932, 0.768], [0.454, 13.459, 11.27, 0.771], [1, 0]]
[[0.45, 13.0, 12.086, 0.769], [0.446, 15.113, 12.127, 0.768], [1, 0]]
[[0.441, 13.373, 10.763, 0.738], [0.457, 13.825, 10.404, 0.777], [1, 0]]
[[0.445, 12.151, 10.315, 0.747], [0.452, 12.808, 10.493, 0.774], [1, 0]]
[[0.444, 12.429, 10.548, 0.758], [0.447, 13.535, 9.116, 0.694], [0, 1]]
[[0.465, 12.662, 10.803, 0.739], [0.457, 12.507, 9.606, 0.747], [0, 1]]
[[0.463, 13.675, 10.15, 0.783], [0.446, 12.963, 10.762, 0.752], [1, 0]]
[[0.442, 14.188, 10.875, 0.74], [0.447, 14.544, 11.772, 0.744], [1, 0]]
[[0.43, 13.875, 12.344, 0.75], [0.438, 12.625, 11.5, 0.759], [1, 0]]
[[0.463, 12.533, 9.867, 0.728], [0.445, 13.067, 8.633, 0.684], [0, 1]]
[[0.455, 13.865, 11.162, 0.776], [0.458, 12.795, 10.945, 0.769], [0, 1]]
[[0.458, 13.198, 11.721, 0.748], [0.462, 12.267, 9.942, 0.757], [1, 0]]
[[0.449, 13.341, 10.512, 0.75], [0.468, 12.878, 10.951, 0.741], [1, 0]]
[[0.464, 14.391, 11.478, 0.731], [0.448, 13.457, 11.652, 0.731], [0, 1]]
[[0.462, 12.484, 9.806, 0.731], [0.433, 15.31, 11.069, 0.736], [1, 0]]
[[0.459, 12.407, 9.407, 0.751], [0.448, 14.568, 11.827, 0.743], [0, 1]]
[[0.447, 15.0, 11.97, 0.772], [0.456, 12.906, 10.031, 0.736], [0, 1]]
[[0.459, 13.184, 11.829, 0.747], [0.462, 14.961, 11.948, 0.763], [1, 0]]
[[0.441, 12.804, 10.071, 0.761], [0.445, 13.232, 9.768, 0.702], [1, 0]]
[[0.451, 13.302, 11.175, 0.768], [0.465, 13.172, 9.719, 0.761], [0, 1]]
[[0.431, 12.515, 9.152, 0.726], [0.436, 14.742, 10.258, 0.749], [0, 1]]
[[0.419, 11.842, 8.789, 0.742], [0.431, 13.526, 9.368, 0.758], [1, 0]]
[[0.416, 12.467, 9.733, 0.74], [0.422, 15.933, 12.2, 0.704], [1, 0]]
[[0.43, 11.971, 10.229, 0.723], [0.447, 13.5, 10.062, 0.764], [1, 0]]
[[0.317, 15.833, 12.667, 0.631], [0.341, 12.0, 9.0, 0.481], [0, 1]]
[[0.465, 14.362, 11.596, 0.735], [0.447, 12.522, 10.63, 0.764], [0, 1]]
[[0.463, 14.045, 10.932, 0.737], [0.446, 12.489, 10.667, 0.763], [0, 1]]
[[0.468, 14.186, 8.488, 0.735], [0.446, 12.545, 11.159, 0.766], [1, 0]]
[[0.41, 13.333, 8.778, 0.657], [0.417, 14.889, 10.222, 0.64], [0, 1]]
[[0.45, 12.987, 12.051, 0.768], [0.453, 13.544, 11.228, 0.767], [0, 1]]
[[0.45, 12.948, 12.0, 0.771], [0.462, 13.273, 10.065, 0.755], [0, 1]]
[[0.449, 12.5, 10.466, 0.773], [0.442, 14.579, 11.07, 0.737], [1, 0]]
[[0.467, 13.463, 10.738, 0.75], [0.45, 12.938, 10.062, 0.767], [0, 1]]
[[0.444, 12.864, 11.099, 0.735], [0.449, 13.42, 9.716, 0.708], [1, 0]]
[[0.451, 13.211, 10.553, 0.714], [0.448, 14.211, 10.895, 0.72], [0, 1]]
[[0.453, 12.75, 10.453, 0.772], [0.441, 14.062, 10.672, 0.745], [1, 0]]
[[0.454, 12.818, 11.8, 0.765], [0.457, 13.736, 10.472, 0.775], [1, 0]]
[[0.433, 13.15, 9.7, 0.749], [0.449, 12.429, 9.905, 0.732], [0, 1]]
[[0.444, 15.902, 11.683, 0.759], [0.435, 15.368, 11.263, 0.743], [1, 0]]
[[0.316, 10.333, 8.0, 0.528], [0.282, 10.0, 5.667, 0.597], [1, 0]]
[[0.429, 13.083, 13.333, 0.692], [0.406, 13.5, 8.5, 0.687], [1, 0]]
[[0.438, 12.15, 9.7, 0.723], [0.429, 13.05, 11.05, 0.706], [1, 0]]
[[0.467, 12.823, 10.924, 0.742], [0.445, 12.924, 10.759, 0.752], [1, 0]]
[[0.447, 13.56, 10.6, 0.746], [0.445, 13.173, 10.147, 0.757], [0, 1]]
[[0.441, 12.985, 11.303, 0.73], [0.452, 13.515, 11.397, 0.768], [1, 0]]
[[0.432, 12.12, 9.76, 0.731], [0.44, 16.167, 12.75, 0.732], [1, 0]]
[[0.459, 13.782, 8.897, 0.742], [0.453, 12.861, 10.544, 0.774], [1, 0]]
[[0.427, 12.6, 10.0, 0.732], [0.425, 15.562, 12.125, 0.702], [1, 0]]
[[0.461, 13.955, 10.242, 0.786], [0.437, 14.119, 10.716, 0.745], [0, 1]]
[[0.314, 10.75, 5.5, 0.558], [0.325, 12.0, 7.75, 0.661], [1, 0]]
[[0.45, 12.828, 12.0, 0.764], [0.451, 12.966, 9.977, 0.765], [0, 1]]
[[0.438, 13.0, 9.918, 0.748], [0.445, 14.196, 11.891, 0.72], [0, 1]]
[[0.466, 14.029, 11.114, 0.727], [0.456, 13.5, 9.722, 0.754], [0, 1]]
[[0.414, 11.429, 8.786, 0.727], [0.441, 13.25, 10.562, 0.666], [0, 1]]
[[0.457, 13.77, 8.838, 0.74], [0.439, 14.118, 10.868, 0.739], [0, 1]]
[[0.423, 13.0, 10.214, 0.698], [0.424, 15.769, 11.538, 0.676], [1, 0]]
[[0.429, 12.6, 9.8, 0.735], [0.443, 15.943, 11.714, 0.761], [0, 1]]
[[0.433, 12.161, 10.875, 0.737], [0.44, 13.704, 10.241, 0.744], [1, 0]]
[[0.467, 14.05, 11.0, 0.729], [0.453, 13.683, 9.902, 0.762], [1, 0]]
[[0.397, 13.9, 11.2, 0.695], [0.405, 11.778, 10.111, 0.617], [1, 0]]
[[0.464, 13.915, 10.766, 0.742], [0.438, 12.9, 10.02, 0.75], [1, 0]]
[[0.443, 13.017, 11.121, 0.727], [0.425, 13.102, 10.864, 0.722], [1, 0]]
[[0.414, 14.143, 8.143, 0.638], [0.393, 13.0, 9.375, 0.71], [1, 0]]
[[0.445, 12.128, 10.295, 0.745], [0.444, 12.909, 10.779, 0.753], [1, 0]]
[[0.41, 16.059, 12.529, 0.719], [0.435, 12.667, 9.267, 0.718], [0, 1]]
[[0.462, 14.231, 8.59, 0.732], [0.448, 14.189, 11.351, 0.713], [1, 0]]
[[0.456, 12.895, 11.053, 0.776], [0.453, 12.947, 10.526, 0.774], [0, 1]]
[[0.431, 12.102, 10.796, 0.738], [0.432, 13.204, 10.51, 0.725], [1, 0]]
[[0.427, 12.286, 9.036, 0.722], [0.453, 13.724, 10.138, 0.757], [1, 0]]
[[0.452, 12.853, 10.529, 0.774], [0.452, 13.507, 11.391, 0.77], [0, 1]]
[[0.44, 13.543, 11.043, 0.725], [0.421, 13.163, 10.581, 0.717], [1, 0]]
[[0.402, 12.9, 9.85, 0.705], [0.445, 13.286, 9.143, 0.66], [1, 0]]
[[0.453, 12.885, 10.5, 0.775], [0.433, 13.182, 10.779, 0.726], [0, 1]]
[[0.461, 13.241, 9.981, 0.766], [0.46, 15.212, 12.115, 0.751], [0, 1]]
[[0.452, 13.302, 12.063, 0.743], [0.453, 12.541, 10.18, 0.752], [1, 0]]
[[0.391, 13.714, 8.714, 0.631], [0.398, 12.667, 9.778, 0.731], [1, 0]]
[[0.449, 12.393, 9.721, 0.75], [0.463, 13.113, 9.758, 0.761], [0, 1]]
[[0.457, 12.286, 10.0, 0.751], [0.442, 13.443, 10.286, 0.757], [1, 0]]
[[0.457, 12.797, 10.703, 0.773], [0.45, 13.984, 11.27, 0.727], [0, 1]]
[[0.452, 12.806, 10.542, 0.773], [0.458, 12.438, 9.589, 0.749], [1, 0]]
[[0.446, 15.957, 12.234, 0.759], [0.447, 12.958, 11.167, 0.767], [0, 1]]
[[0.441, 13.051, 11.153, 0.728], [0.444, 14.533, 11.133, 0.738], [1, 0]]
[[0.411, 12.6, 9.1, 0.724], [0.402, 13.667, 9.0, 0.658], [0, 1]]
[[0.456, 12.792, 11.774, 0.762], [0.45, 13.444, 11.759, 0.736], [1, 0]]
[[0.457, 13.254, 11.817, 0.745], [0.437, 14.183, 10.887, 0.746], [1, 0]]
[[0.463, 14.15, 8.45, 0.733], [0.443, 14.474, 10.237, 0.748], [1, 0]]
[[0.458, 13.163, 10.612, 0.772], [0.439, 12.846, 10.0, 0.75], [1, 0]]
[[0.205, 6.0, 4.5, 0.405], [0.253, 7.0, 4.5, 0.403], [1, 0]]
[[0.449, 12.822, 12.0, 0.758], [0.448, 12.929, 9.738, 0.733], [0, 1]]
[[0.406, 12.556, 9.333, 0.693], [0.408, 11.111, 8.333, 0.625], [0, 1]]
[[0.452, 12.548, 10.387, 0.77], [0.447, 15.031, 11.906, 0.772], [1, 0]]
[[0.442, 12.918, 11.233, 0.73], [0.432, 13.274, 10.767, 0.725], [1, 0]]
[[0.446, 12.126, 10.31, 0.747], [0.45, 12.701, 10.678, 0.772], [0, 1]]
[[0.457, 12.9, 10.886, 0.775], [0.441, 13.441, 10.353, 0.758], [1, 0]]
[[0.456, 12.93, 11.198, 0.771], [0.462, 13.198, 10.07, 0.752], [1, 0]]
[[0.449, 13.104, 9.75, 0.74], [0.44, 14.708, 10.979, 0.744], [1, 0]]
[[0.393, 12.667, 8.833, 0.634], [0.415, 14.143, 8.429, 0.671], [1, 0]]
[[0.468, 14.022, 8.578, 0.733], [0.432, 13.13, 10.087, 0.725], [1, 0]]
[[0.404, 10.9, 8.7, 0.695], [0.416, 13.0, 9.0, 0.65], [0, 1]]
[[0.428, 12.69, 9.172, 0.746], [0.426, 14.071, 9.286, 0.73], [0, 1]]
[[0.399, 13.4, 8.3, 0.682], [0.427, 11.3, 9.1, 0.689], [1, 0]]
[[0.421, 13.023, 10.523, 0.719], [0.448, 12.787, 9.617, 0.75], [1, 0]]
[[0.425, 14.214, 9.5, 0.741], [0.4, 13.538, 8.846, 0.702], [1, 0]]
[[0.458, 13.766, 8.896, 0.742], [0.466, 12.779, 10.792, 0.74], [1, 0]]
[[0.451, 12.963, 9.988, 0.763], [0.453, 13.488, 11.256, 0.767], [0, 1]]
[[0.417, 11.222, 8.889, 0.686], [0.39, 12.429, 9.286, 0.596], [0, 1]]
[[0.449, 13.586, 10.759, 0.714], [0.429, 12.679, 8.857, 0.747], [1, 0]]
[[0.469, 13.909, 11.333, 0.749], [0.439, 14.106, 10.652, 0.744], [1, 0]]
[[0.428, 11.969, 9.719, 0.734], [0.441, 13.188, 8.625, 0.685], [0, 1]]
[[0.418, 13.378, 10.432, 0.704], [0.455, 12.625, 10.2, 0.748], [0, 1]]
[[0.425, 13.893, 12.071, 0.747], [0.437, 16.214, 12.321, 0.747], [1, 0]]
[[0.466, 13.639, 10.574, 0.748], [0.427, 13.197, 10.902, 0.719], [1, 0]]
[[0.312, 12.0, 10.8, 0.575], [0.387, 11.25, 4.75, 0.553], [1, 0]]
[[0.446, 13.833, 8.611, 0.725], [0.424, 12.611, 8.722, 0.714], [1, 0]]
[[0.466, 12.829, 10.829, 0.739], [0.443, 12.895, 11.132, 0.73], [0, 1]]
[[0.453, 12.651, 10.492, 0.771], [0.462, 15.238, 12.111, 0.763], [1, 0]]
[[0.457, 12.912, 11.137, 0.769], [0.462, 13.325, 10.15, 0.755], [1, 0]]
[[0.45, 14.542, 11.831, 0.729], [0.449, 14.032, 11.258, 0.726], [1, 0]]
[[0.416, 12.4, 8.733, 0.731], [0.397, 13.267, 9.2, 0.7], [1, 0]]
[[0.433, 12.182, 10.873, 0.736], [0.462, 14.093, 8.704, 0.734], [0, 1]]
[[0.442, 12.812, 10.422, 0.753], [0.46, 15.215, 12.215, 0.764], [1, 0]]
[[0.436, 12.045, 9.5, 0.729], [0.447, 12.364, 9.864, 0.73], [1, 0]]
[[0.455, 13.863, 11.123, 0.774], [0.457, 12.233, 10.014, 0.754], [1, 0]]
[[0.433, 11.636, 9.273, 0.674], [0.392, 14.3, 11.5, 0.678], [0, 1]]
[[0.449, 12.957, 12.043, 0.769], [0.449, 13.362, 9.768, 0.707], [1, 0]]
[[0.451, 13.561, 11.825, 0.737], [0.464, 13.232, 9.946, 0.765], [1, 0]]
[[0.445, 12.169, 10.351, 0.746], [0.449, 15.117, 11.961, 0.77], [1, 0]]
[[0.46, 13.885, 8.721, 0.742], [0.461, 15.161, 12.113, 0.76], [1, 0]]
[[0.403, 13.714, 7.714, 0.649], [0.41, 13.5, 8.5, 0.627], [1, 0]]
[[0.199, 10.0, 4.0, 0.479], [0.274, 8.0, 3.5, 0.416], [0, 1]]
[[0.439, 13.167, 12.194, 0.761], [0.452, 13.194, 10.5, 0.715], [1, 0]]
[[0.459, 12.482, 9.422, 0.753], [0.199, 10.0, 4.0, 0.479], [0, 1]]
[[0.451, 12.5, 10.5, 0.77], [0.455, 12.642, 9.604, 0.75], [1, 0]]
[[0.444, 13.85, 10.95, 0.722], [0.43, 13.526, 9.921, 0.733], [1, 0]]
[[0.464, 14.408, 11.653, 0.735], [0.446, 15.979, 12.146, 0.759], [0, 1]]
[[0.453, 13.0, 10.413, 0.719], [0.447, 13.152, 9.587, 0.697], [1, 0]]
[[0.447, 12.571, 10.446, 0.774], [0.451, 13.414, 11.81, 0.735], [0, 1]]
[[0.415, 15.722, 12.167, 0.718], [0.427, 15.944, 12.778, 0.717], [0, 1]]
[[0.444, 13.018, 10.982, 0.721], [0.453, 12.421, 10.351, 0.75], [1, 0]]
[[0.432, 12.118, 10.922, 0.734], [0.441, 13.76, 10.44, 0.758], [1, 0]]
[[0.444, 12.938, 10.062, 0.765], [0.453, 13.328, 12.016, 0.745], [1, 0]]
[[0.441, 14.121, 11.545, 0.703], [0.449, 12.842, 9.526, 0.728], [0, 1]]
[[0.451, 12.964, 9.928, 0.765], [0.457, 13.096, 10.41, 0.736], [0, 1]]
[[0.466, 13.5, 10.824, 0.745], [0.454, 14.946, 11.716, 0.731], [0, 1]]
[[0.443, 13.733, 11.778, 0.758], [0.456, 13.953, 11.209, 0.699], [1, 0]]
[[0.45, 12.755, 9.673, 0.753], [0.448, 13.085, 9.681, 0.742], [0, 1]]
[[0.459, 12.807, 10.404, 0.732], [0.453, 12.564, 9.6, 0.752], [0, 1]]
[[0.449, 13.243, 9.838, 0.739], [0.448, 13.605, 8.842, 0.696], [0, 1]]
[[0.452, 12.892, 10.527, 0.775], [0.453, 14.918, 11.753, 0.734], [0, 1]]
[[0.466, 13.528, 10.833, 0.748], [0.447, 12.932, 9.919, 0.767], [0, 1]]
[[0.452, 13.045, 10.068, 0.765], [0.452, 13.69, 9.881, 0.761], [1, 0]]
[[0.446, 13.944, 11.5, 0.712], [0.435, 15.324, 11.162, 0.74], [0, 1]]
[[0.438, 12.643, 8.929, 0.712], [0.431, 13.643, 9.643, 0.649], [1, 0]]
[[0.454, 13.763, 10.373, 0.78], [0.45, 13.274, 9.677, 0.706], [0, 1]]
[[0.435, 12.826, 9.652, 0.749], [0.41, 13.174, 9.739, 0.705], [0, 1]]
[[0.439, 12.643, 10.179, 0.759], [0.44, 13.111, 9.074, 0.68], [1, 0]]
[[0.223, 3.0, 5.0, 0.267], [0.244, 5.5, 4.5, 0.354], [0, 1]]
[[0.422, 13.84, 11.96, 0.754], [0.453, 12.5, 10.0, 0.733], [0, 1]]
[[0.456, 13.319, 11.87, 0.745], [0.448, 13.986, 11.116, 0.731], [1, 0]]
[[0.422, 13.778, 12.074, 0.743], [0.449, 13.577, 9.615, 0.732], [0, 1]]
[[0.417, 13.6, 10.067, 0.707], [0.447, 12.971, 9.618, 0.729], [0, 1]]
[[0.453, 13.706, 10.51, 0.776], [0.452, 12.471, 10.49, 0.773], [1, 0]]
[[0.447, 12.247, 10.318, 0.747], [0.451, 12.706, 10.588, 0.771], [1, 0]]
[[0.449, 13.929, 8.643, 0.707], [0.425, 14.4, 11.933, 0.735], [0, 1]]
[[0.444, 14.147, 11.412, 0.707], [0.447, 13.583, 9.917, 0.763], [1, 0]]
[[0.442, 13.333, 10.852, 0.726], [0.45, 12.741, 9.63, 0.72], [1, 0]]
[[0.443, 13.69, 11.048, 0.724], [0.447, 13.762, 11.405, 0.73], [1, 0]]
[[0.441, 13.686, 10.51, 0.759], [0.448, 12.902, 9.765, 0.748], [0, 1]]
[[0.451, 13.75, 11.109, 0.768], [0.45, 13.354, 9.554, 0.707], [1, 0]]
[[0.446, 14.933, 12.067, 0.683], [0.423, 12.429, 10.214, 0.729], [1, 0]]
[[0.429, 13.879, 12.303, 0.754], [0.445, 13.194, 9.71, 0.755], [0, 1]]
[[0.459, 12.987, 10.924, 0.776], [0.455, 15.0, 11.564, 0.732], [0, 1]]
[[0.442, 13.094, 11.019, 0.717], [0.442, 12.842, 10.0, 0.764], [1, 0]]
[[0.426, 13.018, 10.709, 0.72], [0.451, 13.75, 11.411, 0.725], [1, 0]]
[[0.455, 13.827, 11.147, 0.772], [0.459, 12.267, 9.973, 0.754], [1, 0]]
[[0.449, 14.231, 8.538, 0.702], [0.431, 11.538, 10.0, 0.764], [0, 1]]
[[0.381, 12.833, 13.0, 0.633], [0.385, 9.167, 9.5, 0.621], [1, 0]]
[[0.44, 14.6, 10.371, 0.747], [0.433, 15.222, 11.083, 0.737], [1, 0]]
[[0.443, 12.25, 10.353, 0.746], [0.456, 12.324, 10.088, 0.75], [1, 0]]
[[0.43, 12.778, 13.278, 0.724], [0.42, 14.062, 8.438, 0.706], [0, 1]]
[[0.457, 14.182, 7.955, 0.727], [0.431, 13.545, 9.364, 0.734], [1, 0]]
[[0.452, 12.984, 11.953, 0.77], [0.441, 13.274, 10.339, 0.765], [1, 0]]
[[0.467, 14.136, 8.568, 0.734], [0.439, 15.209, 10.953, 0.745], [0, 1]]
[[0.407, 11.818, 10.727, 0.704], [0.437, 15.3, 9.6, 0.664], [0, 1]]
[[0.419, 11.529, 8.294, 0.739], [0.444, 12.588, 9.412, 0.719], [0, 1]]
[[0.45, 14.466, 11.845, 0.73], [0.452, 13.361, 11.902, 0.738], [0, 1]]
[[0.447, 12.198, 10.235, 0.75], [0.459, 13.79, 8.802, 0.747], [1, 0]]
[[0.442, 13.8, 8.6, 0.715], [0.446, 12.733, 9.533, 0.707], [1, 0]]
[[0.461, 13.942, 10.246, 0.787], [0.464, 12.686, 10.829, 0.739], [0, 1]]
[[0.459, 13.138, 11.69, 0.749], [0.462, 12.322, 9.931, 0.758], [1, 0]]
[[0.231, 6.0, 9.0, 0.334], [0.462, 12.145, 9.976, 0.76], [1, 0]]
[[0.455, 13.554, 11.205, 0.776], [0.277, 6.0, 7.0, 0.423], [0, 1]]
[[0.429, 14.25, 11.812, 0.738], [0.426, 14.188, 9.875, 0.749], [1, 0]]
[[0.458, 12.421, 9.566, 0.75], [0.447, 13.289, 9.829, 0.704], [1, 0]]
[[0.452, 13.114, 10.514, 0.717], [0.442, 12.333, 11.278, 0.763], [0, 1]]
[[0.427, 13.053, 9.842, 0.739], [0.453, 13.476, 10.19, 0.679], [1, 0]]
[[0.458, 12.789, 10.93, 0.771], [0.453, 13.493, 11.247, 0.77], [1, 0]]
[[0.413, 13.714, 11.714, 0.715], [0.412, 13.077, 9.769, 0.734], [1, 0]]
[[0.426, 11.903, 9.645, 0.734], [0.432, 12.7, 9.367, 0.745], [0, 1]]
[[0.424, 11.273, 10.091, 0.747], [0.406, 13.583, 11.833, 0.705], [1, 0]]
[[0.418, 13.556, 12.556, 0.695], [0.355, 16.778, 14.333, 0.681], [1, 0]]
[[0.43, 13.538, 9.846, 0.737], [0.455, 13.805, 11.098, 0.697], [0, 1]]
[[0.44, 12.92, 10.04, 0.752], [0.461, 13.224, 9.816, 0.766], [1, 0]]
[[0.464, 12.259, 9.914, 0.757], [0.454, 13.494, 11.235, 0.768], [1, 0]]
[[0.455, 14.5, 12.167, 0.68], [0.425, 12.706, 9.824, 0.741], [0, 1]]
[[0.458, 12.833, 10.931, 0.769], [0.448, 15.203, 12.041, 0.768], [1, 0]]
[[0.435, 13.125, 12.594, 0.759], [0.461, 12.375, 9.875, 0.729], [0, 1]]
[[0.427, 12.688, 9.875, 0.724], [0.431, 13.647, 9.529, 0.761], [0, 1]]
[[0.432, 12.028, 10.222, 0.724], [0.444, 15.824, 12.735, 0.737], [1, 0]]
[[0.461, 13.94, 10.269, 0.786], [0.439, 14.162, 10.75, 0.745], [0, 1]]
[[0.442, 12.897, 10.0, 0.765], [0.456, 12.831, 10.015, 0.736], [1, 0]]
[[0.424, 13.056, 10.778, 0.721], [0.439, 13.717, 10.245, 0.744], [0, 1]]
[[0.451, 12.973, 11.973, 0.773], [0.447, 12.893, 10.013, 0.767], [1, 0]]
[[0.454, 13.704, 11.113, 0.775], [0.45, 12.986, 12.042, 0.771], [0, 1]]
[[0.442, 12.867, 11.187, 0.73], [0.448, 15.079, 12.0, 0.77], [1, 0]]
[[0.427, 13.862, 12.034, 0.743], [0.441, 16.333, 13.0, 0.725], [1, 0]]
[[0.454, 14.877, 11.741, 0.732], [0.461, 14.975, 11.963, 0.765], [1, 0]]
[[0.437, 12.649, 9.216, 0.724], [0.445, 15.73, 12.622, 0.744], [0, 1]]
[[0.418, 15.3, 11.8, 0.738], [0.417, 13.0, 8.667, 0.624], [1, 0]]
[[0.449, 12.919, 9.432, 0.731], [0.452, 13.914, 10.914, 0.693], [1, 0]]
[[0.431, 13.352, 10.732, 0.722], [0.455, 14.958, 11.718, 0.732], [0, 1]]
[[0.457, 13.544, 11.101, 0.776], [0.461, 14.873, 11.924, 0.767], [0, 1]]
[[0.457, 13.293, 11.84, 0.749], [0.458, 12.23, 10.014, 0.754], [1, 0]]
[[0.424, 12.865, 10.788, 0.719], [0.442, 14.596, 10.981, 0.738], [0, 1]]
[[0.443, 12.951, 10.131, 0.766], [0.447, 15.233, 11.867, 0.768], [1, 0]]
[[0.458, 12.836, 10.754, 0.774], [0.449, 12.413, 9.857, 0.751], [1, 0]]
[[0.398, 10.0, 10.0, 0.638], [0.382, 15.5, 12.75, 0.674], [0, 1]]
[[0.46, 13.812, 8.703, 0.742], [0.453, 12.803, 10.5, 0.773], [0, 1]]
[[0.43, 12.083, 10.688, 0.736], [0.457, 13.146, 10.667, 0.773], [1, 0]]
[[0.458, 13.884, 8.919, 0.745], [0.46, 13.721, 10.337, 0.785], [1, 0]]
[[0.45, 13.877, 11.263, 0.765], [0.443, 12.847, 10.102, 0.765], [1, 0]]
[[0.456, 13.171, 10.585, 0.77], [0.447, 13.375, 9.075, 0.693], [1, 0]]
[[0.439, 12.215, 10.354, 0.742], [0.452, 13.677, 11.123, 0.77], [0, 1]]
[[0.436, 15.967, 11.967, 0.748], [0.45, 13.9, 10.933, 0.69], [0, 1]]
[[0.434, 12.113, 10.887, 0.734], [0.437, 13.78, 10.14, 0.74], [1, 0]]
[[0.362, 12.143, 7.714, 0.65], [0.348, 13.667, 8.5, 0.61], [1, 0]]
[[0.452, 13.727, 11.106, 0.772], [0.442, 13.364, 10.333, 0.759], [0, 1]]
[[0.458, 13.235, 11.765, 0.748], [0.463, 12.259, 9.918, 0.757], [0, 1]]
[[0.453, 13.821, 11.103, 0.698], [0.448, 15.725, 12.725, 0.746], [0, 1]]
[[0.453, 12.91, 10.522, 0.773], [0.431, 13.354, 10.831, 0.72], [0, 1]]
[[0.442, 13.433, 10.2, 0.757], [0.45, 14.032, 10.903, 0.693], [1, 0]]
[[0.434, 11.929, 9.357, 0.718], [0.424, 14.533, 11.933, 0.689], [0, 1]]
[[0.435, 12.069, 10.828, 0.739], [0.45, 14.291, 11.855, 0.725], [1, 0]]
[[0.462, 14.115, 8.635, 0.733], [0.441, 13.731, 10.519, 0.76], [0, 1]]
[[0.381, 11.333, 9.333, 0.712], [0.396, 11.714, 9.714, 0.594], [1, 0]]
[[0.182, 8.5, 5.5, 0.36], [0.239, 8.0, 2.5, 0.371], [1, 0]]
[[0.451, 12.692, 9.885, 0.72], [0.426, 14.217, 8.87, 0.723], [1, 0]]
[[0.429, 13.426, 10.824, 0.716], [0.449, 13.357, 9.786, 0.708], [0, 1]]
[[0.447, 12.9, 9.625, 0.732], [0.427, 13.971, 9.943, 0.728], [1, 0]]
[[0.345, 10.6, 11.4, 0.627], [0.378, 12.0, 9.5, 0.586], [0, 1]]
[[0.447, 12.274, 10.345, 0.747], [0.452, 12.714, 10.571, 0.772], [1, 0]]
[[0.457, 12.789, 10.141, 0.738], [0.46, 15.197, 11.986, 0.764], [1, 0]]
[[0.452, 15.0, 12.118, 0.68], [0.446, 13.056, 10.444, 0.679], [1, 0]]
[[0.454, 14.938, 11.65, 0.732], [0.459, 13.2, 11.812, 0.746], [0, 1]]
[[0.453, 14.308, 12.231, 0.732], [0.434, 14.28, 10.04, 0.745], [0, 1]]
[[0.43, 12.706, 13.176, 0.72], [0.418, 12.611, 11.889, 0.75], [0, 1]]
[[0.434, 12.19, 9.667, 0.726], [0.432, 12.421, 8.737, 0.711], [1, 0]]
[[0.426, 13.875, 10.312, 0.706], [0.423, 12.562, 11.375, 0.681], [1, 0]]
[[0.442, 15.154, 12.0, 0.664], [0.429, 13.5, 9.417, 0.649], [0, 1]]
[[0.455, 12.975, 10.228, 0.735], [0.462, 13.266, 10.063, 0.756], [0, 1]]
[[0.426, 15.375, 12.25, 0.622], [0.393, 15.333, 13.111, 0.694], [0, 1]]
[[0.436, 12.098, 10.574, 0.74], [0.455, 13.862, 10.362, 0.779], [0, 1]]
[[0.447, 13.162, 10.054, 0.763], [0.447, 13.622, 8.811, 0.695], [0, 1]]
[[0.433, 13.167, 10.438, 0.723], [0.445, 13.143, 9.429, 0.699], [0, 1]]
[[0.457, 13.839, 10.357, 0.777], [0.426, 13.103, 10.741, 0.722], [1, 0]]
[[0.46, 13.0, 10.588, 0.77], [0.448, 12.943, 11.189, 0.771], [1, 0]]
[[0.463, 12.769, 10.677, 0.738], [0.444, 14.556, 11.222, 0.738], [1, 0]]
[[0.457, 13.782, 10.4, 0.775], [0.453, 12.518, 9.536, 0.748], [1, 0]]
[[0.432, 12.182, 8.727, 0.72], [0.441, 12.773, 9.682, 0.757], [0, 1]]
[[0.463, 13.718, 10.115, 0.787], [0.469, 13.897, 11.346, 0.757], [1, 0]]
[[0.436, 14.889, 12.333, 0.623], [0.408, 10.667, 11.444, 0.633], [1, 0]]
[[0.46, 12.786, 10.661, 0.773], [0.45, 13.81, 11.397, 0.723], [1, 0]]
[[0.415, 11.8, 8.667, 0.73], [0.413, 12.765, 12.235, 0.742], [0, 1]]
[[0.442, 13.4, 10.717, 0.737], [0.45, 12.567, 10.517, 0.772], [0, 1]]
[[0.463, 13.256, 10.171, 0.752], [0.46, 14.927, 11.927, 0.766], [1, 0]]
[[0.459, 13.787, 8.875, 0.746], [0.447, 14.625, 11.787, 0.743], [1, 0]]
[[0.43, 13.125, 13.438, 0.713], [0.43, 14.154, 9.769, 0.69], [1, 0]]
[[0.465, 14.708, 11.458, 0.701], [0.423, 13.833, 11.625, 0.759], [0, 1]]
[[0.464, 13.911, 10.978, 0.74], [0.441, 13.822, 10.4, 0.758], [0, 1]]
[[0.446, 13.865, 11.385, 0.761], [0.436, 13.288, 10.538, 0.733], [1, 0]]
[[0.458, 12.897, 10.431, 0.77], [0.448, 12.491, 10.474, 0.771], [0, 1]]
[[0.456, 15.013, 11.545, 0.733], [0.454, 13.474, 11.192, 0.767], [1, 0]]
[[0.446, 13.417, 10.5, 0.744], [0.447, 13.913, 11.957, 0.735], [1, 0]]
[[0.439, 13.029, 11.435, 0.728], [0.438, 14.1, 10.943, 0.746], [0, 1]]
[[0.459, 13.226, 11.774, 0.749], [0.463, 12.19, 9.917, 0.758], [1, 0]]
[[0.455, 15.039, 11.592, 0.732], [0.463, 13.211, 10.039, 0.756], [0, 1]]
[[0.438, 12.69, 9.857, 0.743], [0.443, 14.282, 10.077, 0.75], [1, 0]]
[[0.434, 12.0, 9.706, 0.721], [0.427, 13.882, 10.0, 0.751], [1, 0]]
[[0.469, 14.032, 11.143, 0.75], [0.442, 12.823, 10.306, 0.755], [0, 1]]
[[0.453, 13.779, 11.015, 0.775], [0.456, 12.662, 10.221, 0.736], [1, 0]]
[[0.442, 13.026, 12.263, 0.756], [0.439, 12.842, 9.868, 0.748], [1, 0]]
[[0.425, 12.529, 11.059, 0.692], [0.422, 14.059, 8.765, 0.703], [0, 1]]
[[0.458, 13.809, 8.706, 0.74], [0.456, 12.93, 10.859, 0.777], [0, 1]]
[[0.385, 13.667, 8.5, 0.61], [0.358, 11.667, 7.5, 0.636], [1, 0]]
[[0.437, 12.389, 10.75, 0.76], [0.433, 15.382, 11.206, 0.734], [1, 0]]
[[0.431, 12.06, 10.92, 0.733], [0.447, 13.157, 9.51, 0.7], [1, 0]]
[[0.236, 9.5, 3.0, 0.381], [0.186, 6.5, 1.5, 0.35], [1, 0]]
[[0.454, 12.593, 9.593, 0.751], [0.44, 13.582, 10.4, 0.76], [0, 1]]
[[0.443, 13.345, 10.069, 0.76], [0.444, 16.25, 13.0, 0.724], [1, 0]]
[[0.466, 13.548, 10.849, 0.746], [0.456, 12.905, 10.203, 0.737], [0, 1]]
[[0.304, 9.333, 7.667, 0.522], [0.34, 11.333, 5.0, 0.5], [1, 0]]
[[0.434, 16.192, 11.923, 0.741], [0.441, 16.308, 12.923, 0.724], [0, 1]]
[[0.46, 13.937, 8.762, 0.742], [0.449, 13.955, 11.106, 0.732], [0, 1]]
[[0.44, 13.984, 10.548, 0.745], [0.455, 12.823, 9.968, 0.737], [0, 1]]
[[0.45, 15.256, 11.897, 0.771], [0.459, 13.205, 11.846, 0.748], [0, 1]]
[[0.441, 12.899, 10.667, 0.75], [0.446, 14.377, 11.449, 0.739], [0, 1]]
[[0.454, 12.915, 10.319, 0.721], [0.46, 13.087, 9.935, 0.766], [0, 1]]
[[0.457, 13.747, 8.893, 0.74], [0.46, 12.25, 9.947, 0.755], [1, 0]]
[[0.431, 13.176, 10.851, 0.726], [0.444, 13.257, 10.203, 0.758], [0, 1]]
[[0.424, 14.278, 8.667, 0.706], [0.428, 12.81, 12.524, 0.758], [0, 1]]
[[0.462, 12.828, 10.672, 0.736], [0.446, 15.063, 11.905, 0.77], [0, 1]]
[[0.43, 13.875, 8.5, 0.673], [0.416, 15.3, 11.0, 0.647], [1, 0]]
[[0.441, 13.523, 11.227, 0.725], [0.446, 12.953, 9.721, 0.735], [1, 0]]
[[0.452, 14.0, 8.316, 0.729], [0.422, 13.947, 11.316, 0.746], [1, 0]]
[[0.448, 13.449, 10.603, 0.75], [0.444, 13.09, 10.192, 0.757], [1, 0]]
[[0.43, 13.774, 12.484, 0.745], [0.443, 16.2, 12.933, 0.735], [0, 1]]
[[0.438, 12.978, 10.022, 0.747], [0.444, 12.977, 9.75, 0.739], [0, 1]]
[[0.465, 14.615, 11.269, 0.704], [0.449, 13.407, 9.667, 0.729], [0, 1]]
[[0.457, 12.909, 11.091, 0.772], [0.451, 14.244, 11.013, 0.728], [0, 1]]
[[0.46, 13.829, 10.229, 0.788], [0.431, 13.343, 10.757, 0.721], [0, 1]]
[[0.441, 13.862, 10.603, 0.742], [0.449, 13.35, 11.25, 0.766], [0, 1]]
[[0.441, 12.959, 10.644, 0.753], [0.459, 12.432, 9.581, 0.749], [0, 1]]
[[0.467, 13.695, 10.593, 0.746], [0.44, 12.852, 10.361, 0.755], [1, 0]]
[[0.457, 12.667, 10.174, 0.736], [0.462, 15.101, 12.014, 0.764], [1, 0]]
[[0.451, 12.947, 10.56, 0.772], [0.442, 12.932, 11.243, 0.73], [1, 0]]
[[0.428, 14.875, 11.062, 0.699], [0.444, 13.412, 9.647, 0.653], [0, 1]]
[[0.407, 13.3, 9.0, 0.68], [0.371, 16.727, 14.0, 0.683], [0, 1]]
[[0.428, 11.708, 9.542, 0.715], [0.441, 13.522, 9.913, 0.718], [0, 1]]
[[0.459, 13.881, 8.881, 0.745], [0.461, 13.667, 10.19, 0.784], [1, 0]]
[[0.463, 12.758, 10.818, 0.738], [0.457, 12.338, 10.169, 0.751], [0, 1]]
[[0.412, 11.357, 10.071, 0.676], [0.417, 12.643, 9.714, 0.735], [0, 1]]
[[0.466, 14.128, 11.026, 0.727], [0.439, 13.878, 11.951, 0.756], [1, 0]]
[[0.456, 12.304, 10.072, 0.753], [0.458, 12.757, 10.129, 0.736], [1, 0]]
[[0.263, 7.5, 4.5, 0.435], [0.266, 11.5, 4.5, 0.34], [1, 0]]
[[0.453, 13.292, 12.062, 0.746], [0.456, 12.857, 9.937, 0.738], [1, 0]]
[[0.193, 11.0, 5.5, 0.36], [0.219, 7.5, 6.0, 0.414], [0, 1]]
[[0.455, 13.0, 10.429, 0.769], [0.449, 12.727, 9.909, 0.749], [0, 1]]
[[0.435, 12.6, 9.85, 0.742], [0.449, 13.381, 10.905, 0.712], [1, 0]]
[[0.451, 12.857, 12.036, 0.766], [0.451, 12.964, 9.917, 0.765], [0, 1]]
[[0.447, 12.867, 10.333, 0.767], [0.432, 14.586, 10.103, 0.749], [1, 0]]
[[0.399, 11.1, 10.4, 0.721], [0.411, 13.364, 9.182, 0.684], [1, 0]]
[[0.456, 12.947, 10.421, 0.77], [0.463, 13.211, 10.0, 0.765], [1, 0]]
[[0.394, 15.929, 13.071, 0.71], [0.436, 13.077, 10.462, 0.667], [1, 0]]
[[0.452, 13.935, 11.177, 0.768], [0.451, 14.567, 11.783, 0.729], [1, 0]]
[[0.455, 14.419, 8.129, 0.747], [0.453, 13.273, 10.485, 0.724], [0, 1]]
[[0.44, 13.69, 11.586, 0.703], [0.451, 13.848, 10.939, 0.694], [0, 1]]
[[0.455, 13.61, 11.156, 0.774], [0.457, 12.868, 11.026, 0.771], [1, 0]]
[[0.454, 12.962, 10.385, 0.767], [0.446, 13.059, 11.314, 0.767], [1, 0]]
[[0.328, 12.75, 9.75, 0.47], [0.326, 8.75, 7.5, 0.521], [1, 0]]
[[0.398, 13.056, 9.833, 0.714], [0.426, 13.1, 12.2, 0.756], [0, 1]]
[[0.464, 14.545, 11.568, 0.727], [0.448, 13.432, 9.364, 0.694], [0, 1]]
[[0.442, 12.882, 10.816, 0.755], [0.454, 12.883, 10.506, 0.775], [0, 1]]
[[0.451, 13.323, 12.0, 0.74], [0.453, 12.4, 10.117, 0.753], [0, 1]]
[[0.441, 12.986, 10.694, 0.751], [0.447, 13.378, 9.811, 0.706], [0, 1]]
[[0.448, 14.292, 11.812, 0.722], [0.456, 12.725, 10.275, 0.753], [0, 1]]
[[0.44, 14.0, 11.947, 0.731], [0.429, 14.556, 10.944, 0.701], [1, 0]]
[[0.337, 10.25, 10.25, 0.566], [0.312, 12.5, 7.5, 0.592], [0, 1]]
[[0.209, 10.0, 8.0, 0.465], [0.215, 4.5, 3.0, 0.397], [1, 0]]
[[0.448, 13.231, 10.423, 0.75], [0.437, 13.375, 9.708, 0.739], [1, 0]]
[[0.467, 13.707, 10.655, 0.744], [0.441, 13.915, 10.627, 0.744], [1, 0]]
[[0.434, 11.933, 9.467, 0.769], [0.406, 15.938, 12.562, 0.717], [1, 0]]
[[0.455, 12.717, 10.415, 0.723], [0.455, 12.596, 10.25, 0.753], [0, 1]]
[[0.215, 7.0, 7.5, 0.295], [0.219, 7.5, 6.0, 0.414], [1, 0]]
[[0.265, 9.333, 11.667, 0.49], [0.362, 9.667, 7.667, 0.458], [0, 1]]
[[0.233, 7.0, 4.5, 0.4], [0.263, 7.5, 4.5, 0.435], [1, 0]]
[[0.44, 12.833, 10.037, 0.759], [0.448, 15.904, 12.077, 0.761], [0, 1]]
[[0.447, 12.66, 10.638, 0.763], [0.448, 13.396, 11.729, 0.736], [0, 1]]
[[0.443, 12.884, 9.986, 0.766], [0.453, 14.631, 11.754, 0.733], [1, 0]]
[[0.44, 13.047, 11.297, 0.728], [0.442, 13.338, 10.338, 0.762], [1, 0]]
[[0.458, 12.952, 11.131, 0.77], [0.464, 13.238, 10.131, 0.753], [1, 0]]
[[0.452, 13.487, 9.718, 0.758], [0.446, 12.475, 11.2, 0.766], [0, 1]]
[[0.455, 14.16, 11.92, 0.74], [0.44, 13.385, 10.885, 0.719], [1, 0]]
[[0.463, 13.979, 8.812, 0.729], [0.457, 12.918, 11.714, 0.756], [1, 0]]
[[0.454, 13.754, 11.072, 0.775], [0.444, 13.426, 10.662, 0.745], [1, 0]]
[[0.435, 13.222, 10.278, 0.729], [0.449, 12.444, 10.167, 0.727], [0, 1]]
[[0.456, 12.809, 10.106, 0.754], [0.447, 12.702, 11.213, 0.766], [1, 0]]
[[0.466, 13.806, 10.687, 0.744], [0.445, 13.0, 9.972, 0.766], [0, 1]]
[[0.457, 12.882, 10.809, 0.775], [0.458, 12.343, 10.134, 0.752], [0, 1]]
[[0.43, 14.0, 12.059, 0.752], [0.439, 12.5, 11.441, 0.762], [1, 0]]
[[0.433, 12.975, 9.725, 0.719], [0.448, 12.39, 11.171, 0.766], [0, 1]]
[[0.392, 14.167, 8.167, 0.663], [0.341, 12.6, 9.4, 0.558], [1, 0]]
[[0.464, 14.135, 11.243, 0.727], [0.45, 13.579, 9.816, 0.771], [0, 1]]
[[0.445, 14.05, 11.8, 0.732], [0.435, 11.952, 9.905, 0.765], [1, 0]]
[[0.435, 13.882, 11.471, 0.701], [0.429, 15.647, 12.176, 0.712], [1, 0]]
[[0.453, 13.769, 11.385, 0.719], [0.445, 13.185, 9.722, 0.703], [0, 1]]
[[0.426, 12.714, 11.357, 0.666], [0.426, 15.308, 10.692, 0.678], [1, 0]]
[[0.455, 12.507, 9.652, 0.747], [0.464, 13.203, 9.971, 0.758], [0, 1]]
[[0.448, 13.031, 10.531, 0.768], [0.447, 13.138, 9.724, 0.748], [1, 0]]
[[0.444, 12.415, 10.61, 0.759], [0.441, 14.3, 10.275, 0.749], [1, 0]]
[[0.465, 13.938, 10.75, 0.742], [0.421, 12.812, 10.667, 0.724], [1, 0]]
[[0.44, 13.393, 10.661, 0.735], [0.445, 14.648, 11.019, 0.738], [0, 1]]
[[0.457, 12.897, 11.013, 0.771], [0.462, 13.256, 10.038, 0.755], [1, 0]]
[[0.442, 13.535, 11.093, 0.723], [0.44, 14.268, 10.341, 0.75], [0, 1]]
[[0.431, 12.529, 9.941, 0.72], [0.435, 11.889, 10.111, 0.766], [1, 0]]
[[0.466, 14.073, 8.39, 0.736], [0.447, 13.476, 9.238, 0.697], [1, 0]]
[[0.457, 12.545, 9.534, 0.748], [0.447, 13.341, 9.727, 0.712], [0, 1]]
[[0.468, 14.203, 11.407, 0.748], [0.444, 13.018, 11.071, 0.722], [1, 0]]
[[0.444, 13.961, 11.49, 0.76], [0.436, 13.771, 10.0, 0.742], [0, 1]]
[[0.428, 11.35, 9.5, 0.705], [0.435, 12.0, 9.95, 0.761], [0, 1]]
[[0.403, 13.0, 9.429, 0.621], [0.382, 13.5, 8.25, 0.762], [1, 0]]
[[0.448, 13.438, 10.562, 0.749], [0.444, 12.863, 11.037, 0.734], [0, 1]]
[[0.416, 11.2, 9.9, 0.74], [0.421, 13.2, 9.9, 0.695], [0, 1]]
[[0.436, 14.583, 11.083, 0.704], [0.423, 14.25, 9.042, 0.721], [1, 0]]
[[0.231, 6.0, 9.0, 0.334], [0.243, 9.5, 3.5, 0.344], [0, 1]]
[[0.443, 13.259, 9.63, 0.756], [0.443, 13.643, 11.357, 0.72], [1, 0]]
[[0.456, 13.469, 11.086, 0.778], [0.448, 13.012, 12.238, 0.766], [1, 0]]
[[0.442, 12.879, 10.052, 0.765], [0.461, 15.2, 11.836, 0.751], [0, 1]]
[[0.415, 12.091, 8.545, 0.727], [0.423, 14.25, 9.833, 0.724], [1, 0]]
[[0.456, 13.488, 11.134, 0.776], [0.46, 13.171, 11.768, 0.747], [1, 0]]
[[0.262, 8.333, 5.667, 0.469], [0.283, 10.333, 10.333, 0.503], [0, 1]]
[[0.462, 14.0, 11.023, 0.735], [0.453, 12.933, 10.378, 0.72], [0, 1]]
[[0.457, 12.893, 11.013, 0.773], [0.442, 12.905, 10.716, 0.755], [1, 0]]
[[0.441, 13.03, 11.284, 0.728], [0.445, 14.463, 11.358, 0.74], [1, 0]]
[[0.439, 13.429, 10.19, 0.749], [0.422, 11.95, 8.65, 0.743], [1, 0]]
[[0.345, 12.2, 11.0, 0.532], [0.361, 10.5, 8.0, 0.528], [0, 1]]
[[0.459, 12.923, 10.5, 0.769], [0.449, 13.582, 11.873, 0.736], [0, 1]]
[[0.444, 13.708, 9.833, 0.722], [0.439, 12.577, 11.769, 0.766], [1, 0]]
[[0.445, 13.343, 9.971, 0.76], [0.452, 13.861, 11.139, 0.692], [0, 1]]
[[0.448, 12.846, 9.564, 0.729], [0.443, 12.324, 11.216, 0.766], [1, 0]]
[[0.465, 14.232, 11.571, 0.742], [0.453, 13.691, 11.455, 0.724], [1, 0]]
[[0.432, 13.118, 10.855, 0.725], [0.44, 14.154, 10.936, 0.74], [0, 1]]
[[0.448, 12.896, 10.052, 0.766], [0.459, 13.156, 11.779, 0.749], [0, 1]]
[[0.452, 13.857, 11.159, 0.769], [0.441, 13.397, 10.365, 0.765], [1, 0]]
[[0.442, 13.0, 9.654, 0.753], [0.442, 12.556, 10.407, 0.774], [0, 1]]
[[0.448, 13.833, 11.333, 0.763], [0.466, 14.273, 11.527, 0.741], [1, 0]]
[[0.463, 12.779, 10.809, 0.741], [0.465, 13.269, 10.0, 0.758], [0, 1]]
[[0.466, 14.19, 11.534, 0.744], [0.443, 13.517, 10.293, 0.764], [0, 1]]
[[0.442, 12.944, 10.167, 0.753], [0.44, 12.855, 10.091, 0.76], [1, 0]]
[[0.441, 13.4, 9.6, 0.739], [0.44, 13.154, 9.154, 0.673], [1, 0]]
[[0.432, 12.111, 9.722, 0.725], [0.432, 13.118, 10.118, 0.713], [0, 1]]
[[0.468, 14.0, 11.439, 0.756], [0.432, 13.207, 10.646, 0.731], [0, 1]]
[[0.432, 12.135, 10.904, 0.733], [0.454, 13.725, 11.412, 0.717], [1, 0]]
[[0.454, 12.636, 10.382, 0.75], [0.445, 14.604, 10.925, 0.741], [1, 0]]
[[0.415, 12.429, 9.071, 0.734], [0.421, 14.071, 7.857, 0.696], [0, 1]]
[[0.44, 13.81, 11.857, 0.759], [0.433, 12.732, 10.122, 0.74], [1, 0]]
[[0.331, 12.0, 5.0, 0.527], [0.292, 7.333, 7.0, 0.529], [0, 1]]
[[0.461, 13.618, 10.184, 0.79], [0.442, 12.947, 10.787, 0.756], [1, 0]]
[[0.464, 13.162, 10.0, 0.758], [0.445, 14.597, 11.583, 0.741], [1, 0]]
[[0.253, 7.0, 4.5, 0.403], [0.266, 11.5, 4.5, 0.34], [0, 1]]
[[0.467, 14.281, 11.281, 0.727], [0.452, 13.294, 10.559, 0.715], [1, 0]]
[[0.414, 15.85, 12.7, 0.725], [0.441, 12.25, 9.95, 0.734], [0, 1]]
[[0.468, 13.922, 11.219, 0.752], [0.442, 12.873, 10.46, 0.755], [0, 1]]
[[0.452, 13.41, 10.513, 0.771], [0.447, 13.816, 11.421, 0.729], [1, 0]]
[[0.457, 12.785, 10.754, 0.773], [0.439, 14.079, 10.683, 0.746], [1, 0]]
[[0.439, 12.961, 10.02, 0.75], [0.44, 14.714, 10.918, 0.743], [1, 0]]
[[0.455, 14.697, 11.742, 0.734], [0.461, 15.118, 12.044, 0.762], [1, 0]]
[[0.451, 12.872, 12.035, 0.765], [0.451, 13.0, 9.953, 0.764], [1, 0]]
[[0.429, 12.36, 9.04, 0.717], [0.437, 12.423, 10.5, 0.766], [0, 1]]
[[0.338, 12.333, 4.667, 0.503], [0.293, 8.333, 8.0, 0.466], [1, 0]]
[[0.46, 12.705, 10.639, 0.737], [0.45, 12.559, 10.508, 0.774], [0, 1]]
[[0.435, 13.25, 11.042, 0.71], [0.426, 12.0, 8.364, 0.739], [0, 1]]
[[0.453, 12.926, 10.37, 0.768], [0.461, 13.226, 9.943, 0.768], [1, 0]]
[[0.445, 12.12, 10.373, 0.746], [0.446, 13.581, 10.662, 0.744], [0, 1]]
[[0.451, 13.64, 10.52, 0.775], [0.45, 12.5, 10.56, 0.773], [0, 1]]
[[0.433, 13.353, 10.412, 0.723], [0.429, 13.812, 9.562, 0.762], [1, 0]]
[[0.457, 12.864, 10.525, 0.772], [0.46, 12.644, 10.627, 0.735], [1, 0]]
[[0.426, 13.0, 10.571, 0.723], [0.462, 13.103, 9.879, 0.765], [0, 1]]
[[0.432, 13.651, 10.0, 0.744], [0.446, 13.085, 9.553, 0.697], [0, 1]]
[[0.452, 12.826, 10.507, 0.775], [0.448, 14.029, 11.071, 0.728], [1, 0]]
[[0.423, 12.962, 10.792, 0.721], [0.449, 13.589, 11.857, 0.736], [0, 1]]
[[0.41, 14.0, 11.182, 0.704], [0.412, 11.111, 10.444, 0.734], [0, 1]]
[[0.457, 12.762, 10.143, 0.75], [0.455, 13.488, 9.732, 0.768], [1, 0]]
[[0.458, 13.757, 8.729, 0.739], [0.46, 13.746, 10.225, 0.788], [1, 0]]
[[0.421, 13.286, 10.524, 0.713], [0.448, 13.556, 11.511, 0.732], [0, 1]]
[[0.436, 12.711, 9.889, 0.743], [0.449, 12.911, 9.689, 0.75], [1, 0]]
[[0.446, 15.0, 12.03, 0.771], [0.438, 14.108, 10.615, 0.744], [1, 0]]
[[0.457, 14.107, 12.25, 0.729], [0.426, 12.071, 9.607, 0.727], [1, 0]]
[[0.434, 13.0, 12.786, 0.749], [0.44, 12.519, 9.926, 0.764], [1, 0]]
[[0.454, 12.831, 10.538, 0.772], [0.459, 12.781, 10.828, 0.773], [0, 1]]
[[0.434, 13.116, 9.837, 0.727], [0.419, 13.146, 10.512, 0.712], [0, 1]]
[[0.437, 14.688, 10.156, 0.745], [0.443, 15.939, 12.909, 0.736], [0, 1]]
[[0.297, 9.333, 10.667, 0.457], [0.283, 12.0, 7.667, 0.495], [1, 0]]
[[0.369, 13.8, 13.2, 0.638], [0.358, 11.4, 9.4, 0.631], [1, 0]]
[[0.395, 12.714, 12.143, 0.663], [0.382, 14.167, 11.667, 0.696], [1, 0]]
[[0.451, 12.607, 10.426, 0.769], [0.454, 12.787, 9.902, 0.736], [0, 1]]
[[0.41, 12.7, 10.3, 0.632], [0.417, 12.909, 10.182, 0.634], [1, 0]]
[[0.417, 11.267, 10.0, 0.681], [0.447, 12.75, 9.75, 0.711], [1, 0]]
[[0.443, 14.655, 11.036, 0.737], [0.445, 13.207, 9.741, 0.706], [0, 1]]
[[0.433, 13.133, 13.4, 0.712], [0.419, 15.857, 12.357, 0.688], [1, 0]]
[[0.193, 11.0, 5.5, 0.36], [0.464, 13.265, 10.169, 0.753], [1, 0]]
[[0.449, 12.833, 9.796, 0.749], [0.463, 13.2, 10.0, 0.766], [0, 1]]
[[0.445, 12.837, 12.116, 0.757], [0.453, 13.75, 11.2, 0.696], [0, 1]]
[[0.398, 12.286, 8.714, 0.613], [0.413, 14.375, 9.125, 0.676], [0, 1]]
[[0.381, 12.375, 9.5, 0.674], [0.403, 12.0, 6.857, 0.648], [1, 0]]
[[0.439, 13.958, 10.562, 0.76], [0.446, 13.1, 11.2, 0.768], [0, 1]]
[[0.457, 14.526, 11.895, 0.675], [0.435, 15.95, 12.2, 0.723], [1, 0]]
[[0.435, 12.738, 10.143, 0.742], [0.449, 15.488, 12.683, 0.747], [0, 1]]
[[0.457, 13.761, 8.761, 0.739], [0.457, 13.26, 11.74, 0.749], [0, 1]]
[[0.445, 12.951, 12.268, 0.757], [0.446, 15.744, 12.744, 0.747], [1, 0]]
[[0.432, 12.571, 9.114, 0.726], [0.447, 13.235, 9.706, 0.739], [0, 1]]
[[0.421, 12.837, 10.857, 0.726], [0.459, 15.51, 12.327, 0.75], [0, 1]]
[[0.431, 12.579, 9.895, 0.737], [0.431, 12.75, 13.2, 0.737], [1, 0]]
[[0.451, 12.859, 12.047, 0.765], [0.45, 13.0, 9.906, 0.764], [1, 0]]
[[0.437, 12.113, 10.532, 0.742], [0.45, 13.254, 9.651, 0.707], [0, 1]]
[[0.457, 12.75, 11.731, 0.761], [0.44, 12.792, 10.019, 0.755], [1, 0]]
[[0.45, 13.258, 10.677, 0.719], [0.443, 14.467, 11.233, 0.708], [0, 1]]
[[0.441, 12.821, 10.552, 0.751], [0.44, 13.029, 11.368, 0.727], [0, 1]]
[[0.429, 12.303, 9.636, 0.738], [0.452, 13.118, 10.324, 0.769], [0, 1]]
[[0.455, 12.61, 10.293, 0.749], [0.448, 13.051, 9.821, 0.735], [1, 0]]
[[0.452, 13.7, 9.8, 0.758], [0.444, 14.211, 11.421, 0.716], [0, 1]]
[[0.449, 12.739, 11.87, 0.759], [0.458, 13.233, 9.907, 0.764], [1, 0]]
[[0.407, 13.045, 9.682, 0.706], [0.428, 14.19, 9.095, 0.718], [1, 0]]
[[0.232, 9.0, 4.0, 0.32], [0.192, 5.5, 6.0, 0.375], [1, 0]]
[[0.395, 11.143, 10.286, 0.617], [0.359, 12.667, 8.0, 0.756], [1, 0]]
[[0.439, 12.865, 9.811, 0.744], [0.444, 15.694, 12.667, 0.738], [0, 1]]
[[0.445, 13.358, 10.716, 0.744], [0.456, 14.716, 11.672, 0.733], [1, 0]]
[[0.436, 14.35, 10.95, 0.714], [0.432, 12.174, 10.348, 0.775], [1, 0]]
[[0.461, 13.635, 10.203, 0.79], [0.443, 13.315, 10.288, 0.758], [0, 1]]
[[0.425, 12.074, 9.63, 0.725], [0.432, 15.12, 11.36, 0.725], [1, 0]]
[[0.398, 13.273, 9.455, 0.765], [0.396, 13.727, 11.636, 0.68], [0, 1]]
[[0.455, 14.28, 8.48, 0.733], [0.451, 13.37, 10.37, 0.752], [1, 0]]
[[0.469, 14.23, 11.295, 0.746], [0.454, 12.8, 9.95, 0.738], [0, 1]]
[[0.429, 12.25, 10.5, 0.735], [0.436, 13.949, 12.051, 0.756], [1, 0]]
[[0.436, 12.0, 10.65, 0.741], [0.443, 14.534, 11.121, 0.737], [1, 0]]
[[0.446, 13.4, 10.662, 0.744], [0.429, 13.375, 10.812, 0.72], [0, 1]]
[[0.424, 12.786, 13.357, 0.705], [0.4, 15.867, 12.667, 0.719], [1, 0]]
[[0.443, 13.621, 11.517, 0.719], [0.459, 12.593, 9.593, 0.733], [0, 1]]
[[0.449, 12.804, 9.652, 0.75], [0.442, 14.047, 10.186, 0.753], [1, 0]]
[[0.43, 12.152, 10.652, 0.734], [0.449, 13.848, 10.37, 0.767], [0, 1]]
[[0.452, 13.238, 10.19, 0.77], [0.449, 12.905, 9.667, 0.74], [1, 0]]
[[0.446, 13.365, 10.714, 0.74], [0.443, 13.0, 10.106, 0.764], [0, 1]]
[[0.463, 12.791, 10.851, 0.737], [0.459, 12.723, 10.8, 0.774], [0, 1]]
[[0.453, 13.0, 11.921, 0.767], [0.446, 15.145, 11.871, 0.771], [1, 0]]
[[0.457, 13.543, 9.886, 0.755], [0.462, 12.457, 9.743, 0.734], [1, 0]]
[[0.445, 13.158, 10.132, 0.758], [0.447, 13.325, 9.805, 0.705], [0, 1]]
[[0.46, 12.303, 9.697, 0.733], [0.448, 13.375, 9.781, 0.74], [1, 0]]
[[0.436, 11.947, 9.842, 0.76], [0.416, 11.889, 8.722, 0.748], [1, 0]]
[[0.45, 13.864, 11.186, 0.767], [0.463, 13.23, 9.803, 0.762], [1, 0]]
[[0.464, 14.346, 11.596, 0.74], [0.446, 15.98, 12.12, 0.763], [1, 0]]
[[0.443, 12.385, 10.769, 0.762], [0.429, 13.889, 9.889, 0.731], [0, 1]]
[[0.409, 15.333, 11.778, 0.734], [0.39, 13.889, 8.889, 0.762], [0, 1]]
[[0.443, 13.0, 12.4, 0.755], [0.431, 12.769, 9.564, 0.722], [1, 0]]
[[0.415, 12.462, 9.0, 0.734], [0.434, 12.923, 9.385, 0.707], [0, 1]]
[[0.439, 13.021, 10.0, 0.751], [0.437, 13.545, 9.932, 0.74], [0, 1]]
[[0.438, 13.556, 11.593, 0.703], [0.442, 16.345, 13.138, 0.729], [0, 1]]
[[0.455, 12.804, 10.152, 0.754], [0.452, 15.267, 12.511, 0.75], [1, 0]]
[[0.454, 13.548, 11.19, 0.777], [0.457, 13.095, 10.417, 0.736], [0, 1]]
[[0.449, 13.778, 10.356, 0.768], [0.44, 15.114, 11.023, 0.744], [1, 0]]
[[0.301, 11.25, 8.75, 0.556], [0.287, 11.667, 6.333, 0.423], [1, 0]]
[[0.457, 12.932, 11.041, 0.773], [0.46, 15.137, 12.014, 0.764], [1, 0]]
[[0.453, 14.324, 8.471, 0.739], [0.442, 15.917, 11.75, 0.763], [1, 0]]
[[0.462, 13.882, 10.206, 0.787], [0.456, 13.271, 11.829, 0.747], [1, 0]]
[[0.44, 13.489, 11.149, 0.726], [0.445, 13.042, 9.5, 0.698], [1, 0]]
[[0.442, 12.129, 10.371, 0.743], [0.456, 12.557, 9.629, 0.747], [1, 0]]
[[0.415, 12.583, 11.25, 0.65], [0.412, 15.583, 11.5, 0.662], [0, 1]]
[[0.431, 11.893, 9.786, 0.723], [0.428, 12.192, 9.077, 0.72], [1, 0]]
[[0.46, 13.2, 9.867, 0.765], [0.441, 15.067, 10.933, 0.747], [1, 0]]
[[0.468, 13.923, 11.262, 0.751], [0.451, 13.47, 11.424, 0.769], [0, 1]]
[[0.426, 12.462, 13.154, 0.697], [0.418, 12.538, 11.385, 0.671], [1, 0]]
[[0.46, 13.862, 8.723, 0.743], [0.429, 13.409, 10.758, 0.718], [1, 0]]
[[0.414, 12.462, 10.538, 0.721], [0.421, 14.571, 12.357, 0.735], [0, 1]]
[[0.461, 14.906, 11.875, 0.722], [0.448, 13.355, 9.871, 0.739], [1, 0]]
[[0.352, 13.5, 7.75, 0.575], [0.347, 12.5, 9.0, 0.521], [0, 1]]
[[0.422, 14.182, 9.909, 0.711], [0.422, 13.333, 9.556, 0.672], [0, 1]]
[[0.457, 12.922, 11.804, 0.759], [0.456, 12.72, 10.18, 0.753], [0, 1]]
[[0.414, 15.789, 12.105, 0.721], [0.435, 13.263, 10.105, 0.726], [0, 1]]
[[0.453, 12.809, 11.702, 0.76], [0.445, 12.674, 11.348, 0.766], [1, 0]]
[[0.394, 13.545, 8.545, 0.675], [0.409, 15.545, 11.727, 0.662], [1, 0]]
[[0.452, 13.407, 11.78, 0.735], [0.463, 13.237, 9.915, 0.763], [0, 1]]
[[0.437, 13.176, 12.353, 0.76], [0.436, 12.529, 10.676, 0.757], [1, 0]]
[[0.396, 12.2, 6.0, 0.599], [0.345, 12.8, 7.8, 0.715], [0, 1]]
[[0.427, 14.273, 8.818, 0.731], [0.423, 14.636, 12.0, 0.676], [1, 0]]
[[0.456, 13.577, 11.064, 0.775], [0.455, 12.936, 10.167, 0.736], [1, 0]]
[[0.44, 12.902, 10.039, 0.752], [0.449, 12.49, 10.633, 0.769], [0, 1]]
[[0.435, 13.269, 13.0, 0.745], [0.434, 14.917, 11.5, 0.722], [1, 0]]
[[0.455, 13.737, 11.145, 0.772], [0.447, 12.868, 10.026, 0.767], [0, 1]]
[[0.467, 14.842, 11.421, 0.724], [0.444, 14.0, 11.486, 0.71], [1, 0]]
[[0.466, 13.912, 11.029, 0.729], [0.44, 13.081, 12.243, 0.758], [0, 1]]
[[0.457, 12.877, 10.123, 0.736], [0.454, 13.493, 11.187, 0.772], [1, 0]]
[[0.376, 13.143, 7.286, 0.778], [0.376, 12.0, 9.333, 0.559], [0, 1]]
[[0.445, 12.122, 10.405, 0.748], [0.457, 12.892, 11.014, 0.774], [1, 0]]
[[0.444, 13.348, 10.435, 0.739], [0.427, 15.955, 12.136, 0.734], [1, 0]]
[[0.437, 13.0, 10.857, 0.708], [0.446, 13.4, 9.2, 0.659], [0, 1]]
[[0.419, 12.438, 8.875, 0.722], [0.444, 13.5, 9.25, 0.647], [0, 1]]
[[0.44, 12.818, 12.727, 0.74], [0.433, 14.524, 11.571, 0.716], [1, 0]]
[[0.419, 14.429, 12.143, 0.616], [0.416, 11.375, 8.625, 0.694], [1, 0]]
[[0.43, 13.806, 12.194, 0.753], [0.446, 13.229, 9.771, 0.74], [0, 1]]
[[0.457, 12.976, 11.205, 0.771], [0.214, 6.0, 4.0, 0.303], [0, 1]]
[[0.442, 12.794, 10.515, 0.751], [0.431, 13.362, 10.739, 0.719], [0, 1]]
[[0.452, 12.793, 10.634, 0.772], [0.448, 13.378, 9.695, 0.71], [0, 1]]
[[0.429, 12.226, 9.194, 0.723], [0.437, 15.875, 11.906, 0.756], [0, 1]]
[[0.457, 13.194, 11.847, 0.746], [0.453, 13.5, 11.292, 0.77], [1, 0]]
[[0.37, 13.429, 11.571, 0.621], [0.365, 10.5, 12.0, 0.656], [0, 1]]
[[0.469, 14.042, 11.183, 0.752], [0.463, 13.222, 9.958, 0.759], [0, 1]]
[[0.424, 12.936, 10.596, 0.722], [0.456, 13.75, 11.333, 0.713], [0, 1]]
[[0.447, 13.811, 11.321, 0.764], [0.443, 13.353, 11.196, 0.717], [1, 0]]
[[0.448, 13.43, 10.608, 0.749], [0.469, 13.823, 11.342, 0.756], [1, 0]]
[[0.446, 12.866, 10.805, 0.752], [0.448, 13.0, 10.122, 0.76], [0, 1]]
[[0.449, 13.409, 11.045, 0.714], [0.431, 13.25, 9.75, 0.735], [0, 1]]
[[0.467, 14.194, 11.111, 0.727], [0.435, 12.605, 9.447, 0.725], [1, 0]]
[[0.442, 15.2, 13.1, 0.637], [0.426, 13.091, 12.818, 0.701], [1, 0]]
[[0.44, 12.985, 11.338, 0.731], [0.45, 12.379, 9.773, 0.749], [1, 0]]
[[0.45, 13.674, 10.047, 0.767], [0.457, 12.932, 10.364, 0.75], [0, 1]]
[[0.36, 9.6, 10.0, 0.631], [0.346, 9.8, 7.8, 0.633], [0, 1]]
[[0.451, 14.623, 11.82, 0.728], [0.451, 13.328, 11.172, 0.768], [0, 1]]
[[0.426, 13.07, 10.702, 0.721], [0.447, 15.431, 11.966, 0.765], [1, 0]]
[[0.467, 13.788, 10.697, 0.743], [0.457, 12.928, 10.826, 0.774], [0, 1]]
[[0.469, 14.683, 11.341, 0.727], [0.436, 15.205, 11.179, 0.743], [0, 1]]
[[0.458, 12.588, 9.588, 0.752], [0.448, 13.518, 9.706, 0.711], [0, 1]]
[[0.464, 14.952, 11.857, 0.678], [0.432, 14.7, 11.05, 0.711], [1, 0]]
[[0.454, 12.983, 9.914, 0.745], [0.45, 13.356, 11.102, 0.766], [1, 0]]
[[0.448, 13.865, 11.27, 0.731], [0.444, 12.605, 11.211, 0.766], [1, 0]]
[[0.446, 13.058, 11.308, 0.77], [0.462, 13.196, 9.863, 0.77], [1, 0]]
[[0.369, 9.333, 10.667, 0.614], [0.391, 11.0, 7.0, 0.643], [0, 1]]
[[0.437, 11.938, 9.375, 0.767], [0.43, 13.0, 10.067, 0.688], [0, 1]]
[[0.467, 13.8, 10.655, 0.746], [0.451, 12.877, 9.895, 0.745], [0, 1]]
[[0.46, 12.909, 10.727, 0.772], [0.449, 14.113, 11.906, 0.726], [1, 0]]
[[0.454, 12.915, 9.932, 0.738], [0.444, 14.492, 11.068, 0.736], [1, 0]]
[[0.344, 9.75, 7.25, 0.576], [0.264, 9.667, 5.333, 0.522], [1, 0]]
[[0.344, 9.5, 11.25, 0.551], [0.297, 10.0, 9.333, 0.54], [0, 1]]
[[0.418, 10.882, 9.882, 0.687], [0.432, 13.389, 10.0, 0.744], [0, 1]]
[[0.437, 12.615, 9.692, 0.694], [0.412, 13.2, 8.6, 0.679], [1, 0]]
[[0.461, 14.333, 8.333, 0.735], [0.426, 14.074, 9.333, 0.728], [1, 0]]
[[0.448, 15.151, 12.041, 0.767], [0.458, 12.819, 10.139, 0.738], [0, 1]]
[[0.453, 13.189, 10.432, 0.715], [0.441, 12.395, 10.737, 0.755], [1, 0]]
[[0.457, 12.935, 11.039, 0.774], [0.46, 12.247, 9.974, 0.757], [1, 0]]
[[0.465, 14.143, 10.976, 0.732], [0.44, 15.333, 11.0, 0.748], [1, 0]]
[[0.447, 16.0, 12.102, 0.762], [0.45, 13.412, 11.667, 0.732], [0, 1]]
[[0.443, 15.0, 11.643, 0.675], [0.421, 13.429, 9.286, 0.765], [0, 1]]
[[0.423, 14.125, 11.312, 0.732], [0.414, 11.562, 8.5, 0.738], [0, 1]]
[[0.432, 13.868, 12.184, 0.756], [0.444, 15.974, 11.737, 0.759], [1, 0]]
[[0.438, 12.917, 9.667, 0.754], [0.433, 12.208, 8.75, 0.721], [1, 0]]
[[0.45, 12.951, 10.074, 0.765], [0.46, 13.21, 11.741, 0.745], [0, 1]]
[[0.431, 13.0, 9.927, 0.719], [0.456, 13.575, 9.8, 0.77], [0, 1]]
[[0.456, 14.172, 8.172, 0.738], [0.443, 13.161, 8.613, 0.683], [0, 1]]
