[[0.431, 14.364, 10.394, 0.745], [0.438, 14.222, 8.639, 0.747], [1, 0]]
[[0.436, 12.229, 10.292, 0.74], [0.437, 14.837, 10.735, 0.726], [1, 0]]
[[0.445, 12.8, 10.72, 0.701], [0.443, 14.653, 9.773, 0.769], [0, 1]]
[[0.455, 14.288, 8.682, 0.733], [0.447, 13.373, 10.478, 0.748], [0, 1]]
[[0.439, 15.5, 10.679, 0.707], [0.434, 12.897, 9.845, 0.763], [0, 1]]
[[0.456, 13.902, 11.967, 0.776], [0.459, 15.203, 10.458, 0.732], [1, 0]]
[[0.44, 12.173, 9.63, 0.748], [0.44, 12.012, 10.049, 0.789], [1, 0]]
[[0.415, 12.905, 9.524, 0.739], [0.42, 14.524, 8.619, 0.747], [1, 0]]
[[0.392, 13.0, 9.778, 0.693], [0.412, 12.5, 9.0, 0.648], [1, 0]]
[[0.393, 13.3, 9.7, 0.677], [0.408, 14.0, 9.2, 0.651], [1, 0]]
[[0.436, 15.28, 8.64, 0.738], [0.43, 13.107, 9.464, 0.739], [0, 1]]
[[0.459, 14.816, 8.49, 0.737], [0.436, 15.49, 10.588, 0.701], [1, 0]]
[[0.433, 15.581, 10.395, 0.708], [0.431, 13.591, 10.727, 0.733], [1, 0]]
[[0.42, 13.419, 11.935, 0.667], [0.444, 14.594, 9.219, 0.789], [0, 1]]
[[0.446, 14.659, 9.707, 0.786], [0.446, 13.907, 10.651, 0.749], [0, 1]]
[[0.427, 12.375, 9.975, 0.73], [0.441, 13.814, 11.186, 0.752], [0, 1]]
[[0.402, 13.667, 10.417, 0.722], [0.39, 12.5, 8.333, 0.728], [0, 1]]
[[0.284, 9.0, 9.0, 0.494], [0.203, 5.0, 4.0, 0.367], [1, 0]]
[[0.438, 12.971, 9.265, 0.753], [0.443, 13.344, 9.594, 0.761], [1, 0]]
[[0.456, 14.312, 8.649, 0.739], [0.444, 15.494, 10.39, 0.734], [1, 0]]
[[0.443, 13.293, 10.569, 0.748], [0.456, 15.214, 10.536, 0.726], [0, 1]]
[[0.382, 13.25, 11.0, 0.629], [0.404, 14.444, 12.222, 0.685], [0, 1]]
[[0.432, 13.375, 10.5, 0.737], [0.445, 14.312, 11.375, 0.761], [0, 1]]
[[0.429, 14.31, 10.483, 0.719], [0.45, 14.7, 10.4, 0.73], [0, 1]]
[[0.436, 14.302, 10.558, 0.75], [0.432, 12.356, 10.489, 0.784], [0, 1]]
[[0.444, 15.056, 9.463, 0.776], [0.444, 14.353, 10.0, 0.741], [0, 1]]
[[0.442, 14.106, 9.745, 0.733], [0.427, 15.2, 11.48, 0.747], [1, 0]]
[[0.44, 14.7, 10.717, 0.73], [0.442, 13.525, 10.754, 0.731], [0, 1]]
[[0.454, 16.0, 9.865, 0.724], [0.453, 14.971, 10.471, 0.724], [0, 1]]
[[0.423, 12.577, 9.154, 0.724], [0.42, 15.533, 10.033, 0.711], [1, 0]]
[[0.418, 12.625, 9.719, 0.722], [0.439, 14.171, 10.029, 0.726], [1, 0]]
[[0.343, 10.167, 9.0, 0.605], [0.361, 12.5, 8.833, 0.658], [1, 0]]
[[0.433, 14.514, 10.257, 0.751], [0.449, 12.974, 9.132, 0.753], [0, 1]]
[[0.445, 15.102, 11.186, 0.71], [0.442, 13.678, 10.627, 0.729], [1, 0]]
[[0.431, 12.8, 11.84, 0.688], [0.457, 13.46, 10.16, 0.741], [1, 0]]
[[0.449, 15.097, 11.236, 0.713], [0.455, 13.792, 12.0, 0.781], [0, 1]]
[[0.441, 14.851, 9.701, 0.768], [0.444, 14.0, 9.552, 0.752], [1, 0]]
[[0.429, 14.864, 10.727, 0.708], [0.449, 14.636, 10.5, 0.73], [1, 0]]
[[0.321, 12.5, 8.5, 0.53], [0.347, 12.5, 8.5, 0.662], [1, 0]]
[[0.433, 12.333, 10.156, 0.73], [0.45, 15.667, 9.771, 0.729], [1, 0]]
[[0.44, 12.051, 10.203, 0.745], [0.457, 14.169, 8.475, 0.732], [0, 1]]
[[0.431, 12.295, 11.667, 0.745], [0.456, 13.795, 10.897, 0.747], [1, 0]]
[[0.456, 14.787, 8.426, 0.744], [0.453, 14.02, 11.667, 0.776], [0, 1]]
[[0.34, 9.8, 8.8, 0.581], [0.369, 10.4, 5.8, 0.557], [0, 1]]
[[0.397, 12.154, 10.077, 0.724], [0.404, 12.333, 9.667, 0.719], [0, 1]]
[[0.442, 14.969, 9.785, 0.77], [0.442, 14.141, 10.156, 0.737], [1, 0]]
[[0.381, 11.385, 11.231, 0.603], [0.43, 14.867, 11.667, 0.721], [0, 1]]
[[0.453, 12.958, 9.069, 0.752], [0.452, 12.764, 9.25, 0.777], [0, 1]]
[[0.424, 13.077, 8.731, 0.75], [0.447, 15.741, 10.259, 0.721], [1, 0]]
[[0.431, 12.392, 11.684, 0.744], [0.446, 14.127, 10.089, 0.755], [0, 1]]
[[0.424, 12.5, 7.25, 0.703], [0.398, 12.667, 9.5, 0.705], [0, 1]]
[[0.44, 11.952, 10.143, 0.791], [0.441, 13.435, 10.71, 0.731], [0, 1]]
[[0.448, 13.943, 10.4, 0.726], [0.423, 15.171, 10.914, 0.743], [0, 1]]
[[0.423, 14.158, 10.263, 0.715], [0.442, 15.211, 9.526, 0.707], [1, 0]]
[[0.447, 12.127, 10.076, 0.743], [0.457, 13.823, 10.785, 0.749], [1, 0]]
[[0.424, 13.618, 10.735, 0.735], [0.449, 14.806, 10.516, 0.731], [1, 0]]
[[0.425, 14.857, 11.714, 0.719], [0.423, 12.167, 8.583, 0.647], [1, 0]]
[[0.445, 14.321, 10.256, 0.736], [0.444, 15.423, 10.308, 0.735], [1, 0]]
[[0.404, 12.727, 8.636, 0.68], [0.412, 12.917, 8.5, 0.726], [0, 1]]
[[0.444, 14.329, 10.219, 0.738], [0.456, 13.795, 11.973, 0.779], [0, 1]]
[[0.431, 15.286, 11.518, 0.751], [0.441, 13.352, 9.87, 0.709], [1, 0]]
[[0.403, 16.25, 10.0, 0.687], [0.391, 12.615, 8.769, 0.729], [0, 1]]
[[0.279, 10.5, 8.75, 0.546], [0.345, 9.5, 5.5, 0.592], [1, 0]]
[[0.294, 10.0, 7.667, 0.484], [0.322, 10.667, 9.0, 0.549], [1, 0]]
[[0.44, 14.486, 10.378, 0.741], [0.449, 15.08, 11.16, 0.706], [1, 0]]
[[0.443, 12.077, 10.185, 0.751], [0.437, 12.582, 10.418, 0.751], [1, 0]]
[[0.432, 15.177, 11.339, 0.751], [0.442, 14.25, 10.3, 0.743], [1, 0]]
[[0.439, 14.759, 10.845, 0.731], [0.44, 12.0, 10.117, 0.788], [1, 0]]
[[0.432, 12.423, 11.803, 0.742], [0.439, 11.836, 10.11, 0.789], [0, 1]]
[[0.444, 14.753, 9.616, 0.769], [0.457, 14.125, 8.5, 0.733], [1, 0]]
[[0.453, 12.98, 8.902, 0.767], [0.432, 13.167, 9.648, 0.76], [1, 0]]
[[0.439, 13.375, 9.792, 0.703], [0.429, 13.26, 10.4, 0.745], [1, 0]]
[[0.444, 15.031, 8.5, 0.736], [0.441, 14.176, 10.176, 0.721], [1, 0]]
[[0.418, 12.903, 9.645, 0.726], [0.432, 13.333, 10.455, 0.732], [1, 0]]
[[0.433, 14.333, 10.111, 0.753], [0.411, 13.385, 9.885, 0.737], [0, 1]]
[[0.428, 14.952, 10.619, 0.701], [0.41, 13.429, 9.476, 0.75], [1, 0]]
[[0.432, 15.159, 11.349, 0.75], [0.44, 13.302, 10.841, 0.734], [1, 0]]
[[0.242, 6.5, 3.5, 0.423], [0.244, 9.5, 5.5, 0.477], [0, 1]]
[[0.426, 13.0, 9.172, 0.758], [0.425, 15.6, 10.3, 0.735], [0, 1]]
[[0.436, 14.667, 11.5, 0.716], [0.443, 15.529, 9.647, 0.703], [1, 0]]
[[0.448, 14.906, 10.943, 0.706], [0.448, 15.673, 9.962, 0.728], [1, 0]]
[[0.415, 12.455, 6.909, 0.697], [0.393, 11.833, 9.417, 0.713], [0, 1]]
[[0.419, 12.292, 12.417, 0.715], [0.439, 14.021, 10.292, 0.743], [0, 1]]
[[0.409, 12.357, 9.143, 0.729], [0.41, 14.533, 8.667, 0.73], [1, 0]]
[[0.437, 12.433, 9.45, 0.743], [0.442, 14.164, 10.295, 0.741], [1, 0]]
[[0.436, 13.0, 11.172, 0.694], [0.439, 12.036, 10.25, 0.745], [1, 0]]
[[0.399, 12.077, 12.077, 0.673], [0.418, 12.483, 10.276, 0.76], [0, 1]]
[[0.44, 14.273, 11.485, 0.742], [0.443, 15.371, 10.714, 0.705], [1, 0]]
[[0.425, 15.242, 10.667, 0.732], [0.415, 13.324, 10.324, 0.737], [0, 1]]
[[0.431, 12.387, 11.688, 0.746], [0.454, 12.785, 9.38, 0.752], [0, 1]]
[[0.433, 12.471, 9.188, 0.785], [0.458, 12.588, 9.565, 0.752], [0, 1]]
[[0.457, 13.717, 10.261, 0.731], [0.449, 14.0, 11.617, 0.77], [1, 0]]
[[0.449, 12.918, 9.102, 0.776], [0.453, 12.94, 8.98, 0.767], [0, 1]]
[[0.407, 12.188, 12.562, 0.691], [0.422, 12.571, 10.371, 0.772], [1, 0]]
[[0.447, 14.424, 9.242, 0.79], [0.422, 12.688, 10.406, 0.767], [1, 0]]
[[0.449, 14.176, 11.382, 0.767], [0.452, 16.0, 10.028, 0.721], [1, 0]]
[[0.451, 14.107, 10.107, 0.739], [0.466, 13.72, 10.467, 0.755], [1, 0]]
[[0.435, 12.845, 9.155, 0.777], [0.451, 12.803, 9.239, 0.777], [1, 0]]
[[0.439, 14.0, 10.135, 0.744], [0.433, 12.964, 9.696, 0.758], [1, 0]]
[[0.444, 15.453, 10.347, 0.733], [0.464, 13.64, 10.48, 0.774], [0, 1]]
[[0.446, 12.5, 8.611, 0.729], [0.425, 12.684, 10.553, 0.775], [0, 1]]
[[0.43, 12.362, 11.739, 0.741], [0.444, 14.129, 10.114, 0.735], [1, 0]]
[[0.442, 13.957, 11.326, 0.758], [0.447, 13.065, 9.13, 0.758], [1, 0]]
[[0.371, 14.667, 10.778, 0.636], [0.383, 13.667, 10.667, 0.651], [0, 1]]
[[0.443, 13.615, 11.058, 0.753], [0.436, 13.373, 10.745, 0.733], [0, 1]]
[[0.449, 15.056, 8.417, 0.741], [0.441, 14.103, 9.718, 0.735], [1, 0]]
[[0.456, 13.923, 12.046, 0.781], [0.444, 13.453, 9.812, 0.716], [1, 0]]
[[0.37, 14.0, 7.4, 0.572], [0.383, 13.2, 9.0, 0.635], [1, 0]]
[[0.43, 13.026, 10.842, 0.734], [0.434, 14.051, 9.128, 0.747], [0, 1]]
[[0.415, 13.727, 9.091, 0.661], [0.389, 11.909, 8.545, 0.718], [0, 1]]
[[0.441, 14.209, 9.465, 0.737], [0.432, 12.977, 9.341, 0.774], [0, 1]]
[[0.421, 13.314, 12.0, 0.668], [0.434, 14.441, 10.353, 0.717], [0, 1]]
[[0.447, 15.019, 11.111, 0.705], [0.435, 13.566, 10.792, 0.733], [0, 1]]
[[0.43, 12.913, 9.457, 0.771], [0.455, 15.111, 10.533, 0.722], [1, 0]]
[[0.455, 15.023, 8.605, 0.744], [0.425, 15.277, 11.468, 0.745], [0, 1]]
[[0.443, 13.463, 10.841, 0.752], [0.463, 13.753, 10.469, 0.778], [0, 1]]
[[0.433, 12.607, 9.518, 0.741], [0.439, 11.983, 10.153, 0.787], [1, 0]]
[[0.449, 14.483, 10.0, 0.743], [0.439, 12.871, 9.823, 0.769], [0, 1]]
[[0.429, 12.791, 9.349, 0.751], [0.425, 15.068, 11.477, 0.747], [1, 0]]
[[0.453, 14.16, 10.074, 0.741], [0.456, 12.765, 9.481, 0.75], [0, 1]]
[[0.449, 14.147, 10.353, 0.725], [0.424, 15.206, 10.765, 0.739], [1, 0]]
[[0.434, 14.455, 10.455, 0.708], [0.431, 15.217, 10.696, 0.708], [1, 0]]
[[0.349, 11.0, 8.4, 0.637], [0.377, 14.333, 9.333, 0.722], [0, 1]]
[[0.43, 14.533, 10.433, 0.721], [0.441, 13.29, 9.71, 0.767], [1, 0]]
[[0.418, 14.538, 9.692, 0.678], [0.407, 12.429, 9.786, 0.71], [1, 0]]
[[0.442, 14.235, 11.412, 0.74], [0.432, 13.343, 10.886, 0.735], [1, 0]]
[[0.443, 12.785, 10.772, 0.709], [0.454, 12.821, 9.308, 0.751], [0, 1]]
[[0.364, 11.0, 9.714, 0.542], [0.405, 13.0, 9.571, 0.692], [1, 0]]
[[0.435, 15.619, 8.476, 0.733], [0.432, 15.333, 10.708, 0.713], [0, 1]]
[[0.448, 15.043, 11.13, 0.71], [0.446, 13.382, 9.779, 0.715], [0, 1]]
[[0.433, 14.957, 11.449, 0.751], [0.456, 13.913, 12.072, 0.785], [0, 1]]
[[0.455, 13.857, 12.262, 0.773], [0.441, 12.821, 9.774, 0.765], [1, 0]]
[[0.392, 12.455, 9.727, 0.653], [0.407, 14.0, 11.182, 0.74], [0, 1]]
[[0.426, 13.122, 9.347, 0.772], [0.428, 13.196, 10.471, 0.743], [1, 0]]
[[0.445, 14.528, 9.389, 0.79], [0.424, 12.667, 10.417, 0.774], [0, 1]]
[[0.444, 12.45, 8.975, 0.729], [0.438, 13.5, 10.05, 0.705], [0, 1]]
[[0.448, 13.385, 9.846, 0.713], [0.437, 12.705, 10.359, 0.752], [1, 0]]
[[0.435, 14.579, 10.263, 0.748], [0.423, 13.325, 10.275, 0.745], [1, 0]]
[[0.445, 14.95, 10.525, 0.725], [0.439, 12.086, 10.086, 0.791], [0, 1]]
[[0.447, 14.696, 9.826, 0.779], [0.449, 15.5, 9.717, 0.729], [0, 1]]
[[0.437, 15.5, 10.722, 0.707], [0.456, 15.148, 10.574, 0.723], [0, 1]]
[[0.428, 13.039, 9.353, 0.771], [0.445, 13.038, 8.885, 0.748], [0, 1]]
[[0.447, 15.415, 10.732, 0.709], [0.446, 13.415, 9.61, 0.764], [1, 0]]
[[0.443, 14.055, 9.182, 0.752], [0.454, 12.964, 9.857, 0.776], [1, 0]]
[[0.451, 13.857, 11.633, 0.774], [0.453, 13.271, 9.729, 0.771], [1, 0]]
[[0.456, 15.027, 10.541, 0.72], [0.42, 13.316, 10.237, 0.742], [1, 0]]
[[0.433, 12.354, 11.683, 0.747], [0.452, 13.244, 9.232, 0.777], [1, 0]]
[[0.43, 12.875, 9.281, 0.751], [0.433, 13.382, 10.0, 0.705], [0, 1]]
[[0.45, 14.605, 9.465, 0.783], [0.439, 14.098, 9.659, 0.736], [1, 0]]
[[0.454, 13.944, 11.722, 0.777], [0.449, 15.574, 9.944, 0.73], [1, 0]]
[[0.428, 12.792, 9.0, 0.744], [0.419, 15.68, 10.4, 0.73], [0, 1]]
[[0.442, 14.261, 10.625, 0.747], [0.439, 12.273, 9.659, 0.752], [0, 1]]
[[0.419, 15.559, 10.294, 0.719], [0.431, 14.467, 10.233, 0.747], [0, 1]]
[[0.456, 14.308, 8.756, 0.737], [0.447, 13.39, 9.896, 0.714], [0, 1]]
[[0.251, 10.0, 9.0, 0.479], [0.291, 8.0, 6.667, 0.406], [0, 1]]
[[0.419, 12.333, 8.533, 0.754], [0.447, 14.75, 10.125, 0.699], [1, 0]]
[[0.461, 13.759, 10.111, 0.749], [0.441, 13.074, 10.667, 0.745], [1, 0]]
[[0.436, 13.07, 10.721, 0.737], [0.448, 14.0, 11.614, 0.772], [0, 1]]
[[0.43, 13.345, 10.31, 0.737], [0.411, 13.379, 10.034, 0.729], [0, 1]]
[[0.235, 4.0, 3.0, 0.339], [0.448, 13.349, 9.795, 0.711], [1, 0]]
[[0.443, 14.429, 10.56, 0.743], [0.44, 12.143, 9.643, 0.748], [1, 0]]
[[0.434, 12.649, 9.544, 0.741], [0.456, 13.068, 10.017, 0.778], [1, 0]]
[[0.338, 14.0, 7.833, 0.562], [0.334, 11.0, 9.833, 0.61], [1, 0]]
[[0.439, 12.877, 11.2, 0.692], [0.441, 12.712, 9.818, 0.765], [1, 0]]
[[0.444, 12.904, 10.74, 0.697], [0.447, 14.181, 10.097, 0.742], [1, 0]]
[[0.419, 15.231, 11.923, 0.723], [0.39, 13.231, 10.615, 0.697], [1, 0]]
[[0.43, 14.905, 9.714, 0.781], [0.436, 14.316, 10.684, 0.746], [1, 0]]
[[0.44, 14.044, 9.711, 0.734], [0.444, 13.5, 10.854, 0.751], [0, 1]]
[[0.435, 13.304, 8.217, 0.692], [0.432, 14.231, 8.808, 0.753], [1, 0]]
[[0.452, 13.943, 11.086, 0.746], [0.442, 14.071, 9.9, 0.752], [1, 0]]
[[0.443, 11.956, 10.059, 0.753], [0.441, 12.797, 9.783, 0.765], [1, 0]]
[[0.441, 12.971, 9.171, 0.749], [0.45, 16.0, 10.0, 0.715], [1, 0]]
[[0.427, 12.903, 9.323, 0.749], [0.415, 13.424, 10.364, 0.734], [1, 0]]
[[0.421, 12.762, 9.476, 0.705], [0.425, 13.053, 8.737, 0.677], [0, 1]]
[[0.446, 15.067, 11.117, 0.711], [0.452, 12.983, 9.1, 0.766], [0, 1]]
[[0.43, 12.318, 10.159, 0.727], [0.45, 13.383, 9.681, 0.774], [1, 0]]
[[0.444, 12.771, 10.687, 0.711], [0.447, 12.145, 10.024, 0.746], [1, 0]]
[[0.459, 14.647, 8.353, 0.737], [0.438, 12.107, 10.196, 0.787], [1, 0]]
[[0.424, 14.778, 10.259, 0.719], [0.423, 13.207, 10.414, 0.732], [1, 0]]
[[0.393, 13.286, 10.5, 0.711], [0.39, 15.0, 8.917, 0.676], [0, 1]]
[[0.393, 13.056, 11.944, 0.659], [0.42, 14.111, 10.5, 0.718], [0, 1]]
[[0.413, 14.5, 8.4, 0.755], [0.358, 13.429, 8.714, 0.67], [0, 1]]
[[0.421, 15.576, 10.152, 0.713], [0.452, 16.0, 10.061, 0.72], [1, 0]]
[[0.446, 14.579, 9.553, 0.788], [0.425, 15.436, 10.615, 0.709], [1, 0]]
[[0.411, 13.222, 8.111, 0.69], [0.391, 14.75, 10.0, 0.683], [1, 0]]
[[0.44, 12.31, 9.437, 0.745], [0.434, 14.795, 11.301, 0.751], [0, 1]]
[[0.446, 15.349, 10.698, 0.71], [0.423, 13.455, 10.591, 0.736], [1, 0]]
[[0.419, 12.512, 12.651, 0.722], [0.426, 15.0, 11.578, 0.748], [0, 1]]
[[0.25, 6.0, 3.0, 0.428], [0.218, 8.0, 6.0, 0.305], [1, 0]]
[[0.406, 13.2, 12.1, 0.648], [0.445, 15.2, 9.55, 0.718], [1, 0]]
[[0.366, 12.857, 8.857, 0.711], [0.387, 12.667, 6.667, 0.617], [1, 0]]
[[0.453, 12.651, 9.133, 0.779], [0.443, 12.831, 9.783, 0.767], [1, 0]]
[[0.444, 12.831, 9.69, 0.767], [0.441, 13.264, 10.847, 0.745], [1, 0]]
[[0.406, 12.312, 10.125, 0.706], [0.408, 12.714, 8.786, 0.718], [1, 0]]
[[0.441, 12.462, 9.354, 0.747], [0.449, 12.94, 9.119, 0.752], [1, 0]]
[[0.4, 11.727, 8.727, 0.729], [0.411, 12.083, 10.0, 0.687], [1, 0]]
[[0.433, 12.697, 9.066, 0.782], [0.443, 15.143, 10.558, 0.723], [1, 0]]
[[0.423, 13.412, 12.0, 0.671], [0.442, 13.294, 9.588, 0.758], [1, 0]]
[[0.428, 12.381, 10.048, 0.725], [0.441, 13.442, 9.953, 0.706], [1, 0]]
[[0.42, 13.118, 9.882, 0.721], [0.414, 13.176, 9.176, 0.724], [0, 1]]
[[0.442, 12.032, 10.226, 0.748], [0.432, 15.062, 11.308, 0.75], [1, 0]]
[[0.45, 12.862, 9.046, 0.75], [0.449, 14.121, 11.121, 0.746], [0, 1]]
[[0.444, 14.373, 10.446, 0.744], [0.226, 5.5, 9.5, 0.414], [1, 0]]
[[0.444, 15.27, 10.622, 0.718], [0.44, 13.28, 10.813, 0.747], [0, 1]]
[[0.457, 14.159, 8.866, 0.736], [0.463, 13.683, 10.61, 0.75], [1, 0]]
[[0.43, 12.933, 11.844, 0.686], [0.438, 13.111, 10.578, 0.734], [0, 1]]
[[0.449, 14.468, 9.935, 0.742], [0.446, 15.492, 10.111, 0.726], [0, 1]]
[[0.451, 15.395, 8.5, 0.743], [0.447, 13.833, 10.738, 0.743], [1, 0]]
[[0.212, 6.5, 3.5, 0.348], [0.205, 11.0, 7.0, 0.435], [1, 0]]
[[0.444, 12.865, 9.811, 0.769], [0.462, 15.122, 10.595, 0.73], [0, 1]]
[[0.462, 13.691, 10.109, 0.751], [0.442, 14.056, 9.148, 0.751], [0, 1]]
[[0.385, 13.5, 9.75, 0.704], [0.431, 14.778, 10.556, 0.627], [1, 0]]
[[0.436, 12.893, 11.286, 0.687], [0.458, 14.463, 8.315, 0.734], [0, 1]]
[[0.446, 13.24, 9.02, 0.746], [0.449, 14.731, 10.808, 0.701], [0, 1]]
[[0.42, 15.471, 8.353, 0.731], [0.407, 12.789, 9.158, 0.734], [0, 1]]
[[0.446, 14.86, 11.04, 0.701], [0.452, 13.94, 11.62, 0.776], [0, 1]]
[[0.444, 15.286, 10.2, 0.731], [0.437, 12.586, 10.286, 0.752], [1, 0]]
[[0.395, 12.0, 11.652, 0.675], [0.416, 15.185, 10.148, 0.718], [1, 0]]
[[0.367, 11.667, 10.778, 0.554], [0.394, 12.375, 9.5, 0.694], [1, 0]]
[[0.435, 14.639, 10.25, 0.748], [0.445, 15.368, 10.763, 0.704], [0, 1]]
[[0.444, 14.708, 9.611, 0.767], [0.456, 14.099, 8.521, 0.734], [0, 1]]
[[0.44, 14.3, 11.5, 0.725], [0.419, 15.235, 9.882, 0.711], [1, 0]]
[[0.42, 14.545, 10.818, 0.703], [0.431, 13.318, 8.364, 0.691], [1, 0]]
[[0.445, 14.259, 10.111, 0.737], [0.448, 13.354, 10.488, 0.752], [1, 0]]
[[0.439, 14.054, 9.865, 0.737], [0.432, 14.306, 10.444, 0.725], [0, 1]]
[[0.44, 12.184, 9.632, 0.746], [0.445, 14.169, 10.039, 0.754], [1, 0]]
[[0.441, 12.333, 9.391, 0.749], [0.433, 14.957, 11.386, 0.752], [1, 0]]
[[0.443, 12.719, 8.5, 0.726], [0.439, 14.314, 8.657, 0.753], [0, 1]]
[[0.461, 15.222, 10.639, 0.73], [0.463, 13.597, 10.486, 0.774], [0, 1]]
[[0.425, 13.0, 9.4, 0.75], [0.435, 14.455, 8.727, 0.761], [1, 0]]
[[0.454, 14.268, 10.11, 0.741], [0.457, 13.829, 10.78, 0.746], [1, 0]]
[[0.437, 12.933, 9.1, 0.762], [0.441, 13.0, 8.138, 0.709], [0, 1]]
[[0.44, 12.017, 10.276, 0.743], [0.435, 12.621, 9.466, 0.741], [0, 1]]
[[0.322, 11.2, 11.0, 0.514], [0.307, 12.5, 12.0, 0.57], [1, 0]]
[[0.328, 14.2, 7.2, 0.539], [0.353, 12.5, 8.5, 0.604], [0, 1]]
[[0.438, 12.984, 11.113, 0.691], [0.453, 12.902, 9.033, 0.768], [0, 1]]
[[0.434, 12.924, 9.242, 0.778], [0.445, 15.149, 11.239, 0.71], [1, 0]]
[[0.437, 13.609, 11.522, 0.723], [0.428, 14.0, 10.381, 0.703], [1, 0]]
[[0.438, 14.079, 9.868, 0.733], [0.447, 14.027, 10.514, 0.731], [1, 0]]
[[0.376, 12.667, 11.5, 0.65], [0.384, 10.667, 6.333, 0.593], [1, 0]]
[[0.439, 14.746, 10.763, 0.73], [0.43, 13.155, 9.328, 0.774], [0, 1]]
[[0.264, 12.0, 11.0, 0.553], [0.323, 9.667, 6.667, 0.449], [1, 0]]
[[0.426, 15.216, 11.569, 0.747], [0.436, 12.212, 10.423, 0.785], [1, 0]]
[[0.306, 9.0, 5.667, 0.48], [0.298, 11.667, 5.667, 0.549], [1, 0]]
[[0.448, 14.296, 10.0, 0.74], [0.434, 14.889, 11.361, 0.753], [0, 1]]
[[0.432, 12.312, 8.188, 0.73], [0.436, 15.062, 9.562, 0.704], [1, 0]]
[[0.444, 14.194, 10.25, 0.755], [0.442, 13.286, 9.629, 0.76], [1, 0]]
[[0.452, 14.192, 10.154, 0.741], [0.446, 14.167, 10.064, 0.753], [1, 0]]
[[0.44, 14.597, 10.613, 0.734], [0.448, 13.984, 11.016, 0.743], [1, 0]]
[[0.396, 13.2, 10.6, 0.716], [0.401, 12.923, 8.923, 0.714], [1, 0]]
[[0.448, 14.59, 9.513, 0.788], [0.414, 12.5, 12.389, 0.712], [1, 0]]
[[0.432, 12.84, 9.38, 0.746], [0.448, 15.667, 9.804, 0.728], [1, 0]]
[[0.433, 15.523, 10.318, 0.703], [0.43, 12.432, 10.455, 0.78], [0, 1]]
[[0.393, 16.182, 10.273, 0.685], [0.42, 14.167, 9.667, 0.665], [1, 0]]
[[0.436, 14.463, 10.366, 0.747], [0.421, 13.465, 10.581, 0.736], [1, 0]]
[[0.439, 15.231, 8.5, 0.744], [0.429, 13.074, 9.148, 0.751], [1, 0]]
[[0.432, 14.91, 11.474, 0.753], [0.439, 12.675, 10.312, 0.75], [1, 0]]
[[0.423, 14.8, 8.267, 0.721], [0.397, 13.056, 10.5, 0.723], [0, 1]]
[[0.435, 12.8, 9.157, 0.777], [0.448, 13.366, 10.408, 0.749], [0, 1]]
[[0.42, 15.289, 11.289, 0.744], [0.433, 14.1, 9.175, 0.747], [0, 1]]
[[0.439, 13.061, 8.97, 0.758], [0.432, 13.343, 10.086, 0.707], [0, 1]]
[[0.425, 12.237, 12.085, 0.73], [0.442, 13.6, 10.617, 0.73], [0, 1]]
[[0.197, 4.0, 5.5, 0.38], [0.246, 6.5, 1.0, 0.476], [0, 1]]
[[0.449, 13.862, 10.923, 0.757], [0.441, 13.284, 10.687, 0.74], [1, 0]]
[[0.45, 14.367, 10.067, 0.717], [0.426, 12.9, 8.933, 0.742], [0, 1]]
[[0.427, 12.5, 8.333, 0.734], [0.415, 15.25, 9.625, 0.706], [0, 1]]
[[0.444, 12.936, 8.83, 0.741], [0.459, 13.681, 10.149, 0.735], [1, 0]]
[[0.412, 14.263, 10.947, 0.702], [0.415, 12.762, 10.476, 0.724], [0, 1]]
[[0.419, 14.273, 8.364, 0.755], [0.418, 12.667, 6.222, 0.686], [1, 0]]
[[0.452, 13.63, 10.726, 0.767], [0.444, 12.863, 9.781, 0.769], [1, 0]]
[[0.409, 13.364, 12.182, 0.667], [0.405, 13.048, 9.381, 0.737], [1, 0]]
[[0.448, 15.038, 11.139, 0.713], [0.442, 12.797, 9.911, 0.767], [0, 1]]
[[0.393, 13.714, 11.714, 0.636], [0.347, 12.143, 9.857, 0.64], [1, 0]]
[[0.384, 12.833, 10.5, 0.691], [0.447, 15.417, 10.0, 0.666], [0, 1]]
[[0.445, 13.737, 11.14, 0.759], [0.448, 13.0, 8.845, 0.746], [1, 0]]
[[0.446, 14.321, 10.071, 0.718], [0.435, 13.0, 9.679, 0.762], [0, 1]]
[[0.445, 14.137, 10.15, 0.754], [0.443, 12.85, 9.863, 0.767], [0, 1]]
[[0.453, 12.945, 9.055, 0.77], [0.442, 13.436, 9.836, 0.71], [0, 1]]
[[0.353, 13.0, 10.25, 0.649], [0.384, 11.625, 7.75, 0.704], [0, 1]]
[[0.413, 12.257, 12.4, 0.708], [0.422, 15.135, 11.027, 0.741], [1, 0]]
[[0.428, 12.865, 9.595, 0.761], [0.437, 13.237, 10.237, 0.711], [0, 1]]
[[0.37, 12.778, 8.556, 0.651], [0.402, 11.25, 7.375, 0.616], [0, 1]]
[[0.446, 13.627, 11.078, 0.755], [0.453, 13.943, 11.679, 0.777], [1, 0]]
[[0.435, 12.94, 9.194, 0.778], [0.441, 12.75, 9.735, 0.764], [0, 1]]
[[0.446, 15.265, 10.103, 0.732], [0.46, 13.588, 10.221, 0.779], [1, 0]]
[[0.442, 12.109, 10.281, 0.751], [0.46, 15.25, 10.406, 0.731], [1, 0]]
[[0.45, 13.25, 9.262, 0.775], [0.437, 12.675, 10.35, 0.753], [1, 0]]
[[0.398, 13.733, 11.0, 0.652], [0.425, 14.6, 10.667, 0.736], [0, 1]]
[[0.463, 13.695, 10.203, 0.753], [0.45, 15.661, 9.949, 0.729], [1, 0]]
[[0.454, 13.702, 10.833, 0.764], [0.45, 15.119, 11.167, 0.709], [1, 0]]
[[0.445, 14.188, 10.043, 0.737], [0.445, 15.348, 10.101, 0.728], [1, 0]]
[[0.437, 12.921, 11.159, 0.692], [0.442, 11.862, 10.154, 0.791], [0, 1]]
[[0.43, 13.692, 8.077, 0.705], [0.423, 12.75, 8.562, 0.769], [0, 1]]
[[0.45, 14.048, 10.984, 0.744], [0.456, 13.381, 10.175, 0.776], [1, 0]]
[[0.186, 6.5, 4.0, 0.419], [0.225, 10.0, 4.5, 0.346], [0, 1]]
[[0.453, 12.725, 9.159, 0.777], [0.441, 13.271, 10.757, 0.745], [1, 0]]
[[0.369, 14.857, 10.571, 0.689], [0.396, 14.222, 10.444, 0.746], [1, 0]]
[[0.444, 14.703, 9.716, 0.769], [0.452, 13.892, 11.095, 0.748], [1, 0]]
[[0.453, 12.923, 9.019, 0.768], [0.431, 13.019, 10.407, 0.742], [1, 0]]
[[0.444, 14.966, 8.517, 0.732], [0.452, 14.258, 9.968, 0.716], [1, 0]]
[[0.435, 13.148, 8.926, 0.759], [0.45, 16.0, 10.207, 0.722], [0, 1]]
[[0.417, 12.769, 9.654, 0.745], [0.417, 15.346, 10.192, 0.719], [1, 0]]
[[0.427, 14.154, 10.462, 0.72], [0.445, 14.37, 10.185, 0.712], [1, 0]]
[[0.458, 14.21, 8.815, 0.738], [0.433, 12.605, 9.148, 0.786], [1, 0]]
[[0.444, 12.889, 9.708, 0.769], [0.441, 13.26, 10.849, 0.747], [0, 1]]
[[0.429, 14.613, 10.387, 0.745], [0.443, 13.242, 9.697, 0.757], [0, 1]]
[[0.41, 14.158, 10.895, 0.709], [0.42, 13.0, 9.211, 0.734], [1, 0]]
[[0.426, 14.571, 9.071, 0.76], [0.407, 13.083, 10.5, 0.692], [0, 1]]
[[0.273, 9.667, 4.333, 0.438], [0.25, 6.0, 3.0, 0.428], [0, 1]]
[[0.434, 14.696, 10.826, 0.721], [0.439, 13.543, 9.913, 0.703], [0, 1]]
[[0.415, 12.526, 12.605, 0.719], [0.447, 13.78, 10.78, 0.743], [0, 1]]
[[0.426, 14.25, 10.643, 0.717], [0.435, 12.867, 9.267, 0.74], [0, 1]]
[[0.441, 12.873, 9.81, 0.766], [0.459, 15.262, 10.557, 0.733], [0, 1]]
[[0.447, 12.841, 9.068, 0.759], [0.45, 15.489, 9.689, 0.727], [1, 0]]
[[0.434, 14.644, 10.8, 0.724], [0.453, 14.955, 10.568, 0.721], [0, 1]]
[[0.442, 13.829, 11.195, 0.754], [0.423, 13.452, 10.452, 0.739], [1, 0]]
[[0.441, 14.125, 9.625, 0.736], [0.424, 12.756, 9.39, 0.748], [0, 1]]
[[0.435, 15.36, 10.88, 0.709], [0.408, 13.48, 9.8, 0.744], [1, 0]]
[[0.416, 12.621, 9.414, 0.727], [0.425, 13.364, 10.848, 0.733], [0, 1]]
[[0.45, 13.015, 8.908, 0.773], [0.445, 13.97, 9.394, 0.751], [0, 1]]
[[0.419, 13.607, 11.643, 0.659], [0.423, 15.704, 10.222, 0.74], [1, 0]]
[[0.213, 10.0, 10.5, 0.455], [0.253, 10.5, 4.5, 0.334], [1, 0]]
[[0.405, 12.355, 12.516, 0.688], [0.429, 14.438, 10.625, 0.718], [1, 0]]
[[0.441, 12.183, 9.707, 0.75], [0.445, 14.976, 10.451, 0.724], [1, 0]]
[[0.448, 12.685, 9.167, 0.769], [0.455, 14.018, 11.673, 0.778], [0, 1]]
[[0.421, 14.682, 8.727, 0.746], [0.444, 15.318, 10.045, 0.721], [1, 0]]
[[0.449, 13.929, 11.571, 0.767], [0.445, 13.381, 9.762, 0.767], [1, 0]]
[[0.427, 13.073, 12.073, 0.674], [0.44, 13.786, 11.262, 0.754], [1, 0]]
[[0.396, 12.545, 9.636, 0.711], [0.411, 12.077, 9.538, 0.699], [1, 0]]
[[0.455, 13.682, 10.859, 0.763], [0.45, 15.165, 11.176, 0.71], [1, 0]]
[[0.186, 6.5, 4.0, 0.419], [0.225, 10.0, 4.5, 0.346], [1, 0]]
[[0.419, 13.25, 10.5, 0.697], [0.399, 13.125, 8.25, 0.601], [1, 0]]
[[0.44, 14.655, 9.701, 0.768], [0.433, 14.816, 11.287, 0.757], [0, 1]]
[[0.42, 12.657, 9.6, 0.754], [0.429, 12.879, 9.606, 0.757], [1, 0]]
[[0.441, 14.6, 9.812, 0.769], [0.439, 12.177, 9.646, 0.748], [1, 0]]
[[0.407, 13.2, 9.2, 0.76], [0.41, 12.65, 10.25, 0.718], [1, 0]]
[[0.449, 14.406, 9.828, 0.743], [0.436, 12.652, 10.439, 0.752], [0, 1]]
[[0.45, 12.952, 8.839, 0.75], [0.448, 15.516, 10.032, 0.73], [1, 0]]
[[0.445, 12.906, 8.849, 0.744], [0.441, 13.442, 9.827, 0.706], [0, 1]]
[[0.453, 13.72, 10.627, 0.766], [0.457, 14.213, 8.52, 0.738], [1, 0]]
[[0.447, 12.697, 8.485, 0.724], [0.431, 13.088, 9.265, 0.749], [1, 0]]
[[0.428, 15.056, 10.389, 0.692], [0.404, 12.053, 10.579, 0.745], [1, 0]]
[[0.437, 15.344, 10.812, 0.704], [0.434, 12.938, 9.375, 0.746], [1, 0]]
[[0.382, 11.824, 11.647, 0.636], [0.415, 13.6, 10.05, 0.718], [1, 0]]
[[0.434, 13.533, 10.733, 0.727], [0.405, 12.533, 9.067, 0.747], [1, 0]]
[[0.442, 14.21, 10.323, 0.74], [0.444, 13.758, 9.21, 0.75], [0, 1]]
[[0.405, 15.684, 9.947, 0.723], [0.415, 14.842, 8.526, 0.748], [0, 1]]
[[0.434, 14.741, 9.889, 0.786], [0.433, 13.333, 8.167, 0.702], [0, 1]]
[[0.434, 13.417, 9.25, 0.749], [0.453, 15.028, 10.556, 0.722], [1, 0]]
[[0.438, 13.297, 9.162, 0.763], [0.438, 13.256, 10.179, 0.706], [0, 1]]
[[0.425, 12.559, 9.853, 0.726], [0.447, 14.853, 8.412, 0.736], [1, 0]]
[[0.427, 12.842, 9.579, 0.763], [0.43, 13.026, 10.769, 0.736], [0, 1]]
[[0.448, 14.644, 9.711, 0.779], [0.453, 14.977, 10.512, 0.72], [0, 1]]
[[0.438, 14.462, 10.962, 0.758], [0.422, 13.0, 10.536, 0.733], [1, 0]]
[[0.432, 15.078, 11.328, 0.751], [0.44, 11.891, 10.188, 0.791], [1, 0]]
[[0.435, 13.0, 9.091, 0.751], [0.418, 15.909, 10.318, 0.726], [0, 1]]
[[0.426, 12.543, 9.771, 0.727], [0.445, 13.184, 9.5, 0.764], [1, 0]]
[[0.441, 14.862, 9.483, 0.788], [0.424, 15.571, 10.179, 0.742], [1, 0]]
[[0.429, 13.182, 9.182, 0.736], [0.431, 13.381, 8.429, 0.681], [1, 0]]
[[0.443, 14.058, 9.783, 0.75], [0.46, 13.536, 10.464, 0.779], [0, 1]]
[[0.442, 14.097, 10.0, 0.753], [0.444, 15.254, 10.197, 0.733], [1, 0]]
[[0.437, 12.857, 9.071, 0.761], [0.428, 13.429, 10.286, 0.736], [1, 0]]
[[0.448, 12.865, 9.212, 0.773], [0.455, 12.944, 9.796, 0.771], [1, 0]]
[[0.444, 14.173, 10.24, 0.739], [0.438, 12.627, 10.28, 0.752], [1, 0]]
[[0.421, 12.471, 9.765, 0.694], [0.422, 12.941, 8.765, 0.768], [1, 0]]
[[0.456, 13.787, 12.113, 0.776], [0.443, 13.42, 10.84, 0.751], [0, 1]]
[[0.425, 12.472, 9.861, 0.727], [0.429, 15.463, 10.415, 0.705], [1, 0]]
[[0.374, 11.6, 10.7, 0.576], [0.391, 11.8, 8.9, 0.723], [1, 0]]
[[0.425, 15.375, 11.521, 0.745], [0.439, 13.085, 10.638, 0.74], [1, 0]]
[[0.386, 13.364, 11.364, 0.633], [0.389, 12.455, 9.091, 0.692], [0, 1]]
[[0.441, 14.196, 10.321, 0.741], [0.44, 13.614, 10.667, 0.728], [0, 1]]
[[0.437, 12.836, 9.885, 0.768], [0.455, 13.131, 10.18, 0.778], [1, 0]]
[[0.415, 12.875, 9.25, 0.716], [0.405, 12.941, 8.941, 0.755], [1, 0]]
[[0.447, 12.981, 8.704, 0.743], [0.454, 12.868, 9.057, 0.767], [0, 1]]
[[0.429, 12.462, 11.754, 0.733], [0.45, 12.939, 9.015, 0.751], [0, 1]]
[[0.424, 14.75, 9.5, 0.775], [0.413, 12.929, 10.143, 0.688], [0, 1]]
[[0.423, 15.146, 11.39, 0.743], [0.451, 15.714, 9.69, 0.728], [1, 0]]
[[0.438, 12.793, 9.034, 0.765], [0.424, 13.531, 10.875, 0.733], [1, 0]]
[[0.449, 12.98, 9.1, 0.774], [0.431, 13.113, 10.358, 0.739], [0, 1]]
[[0.393, 14.692, 10.077, 0.695], [0.409, 12.615, 9.385, 0.718], [1, 0]]
[[0.444, 12.628, 10.721, 0.71], [0.449, 12.058, 9.86, 0.742], [0, 1]]
[[0.436, 14.652, 10.391, 0.71], [0.418, 15.125, 9.708, 0.721], [1, 0]]
[[0.45, 13.269, 9.282, 0.775], [0.444, 15.025, 10.506, 0.726], [0, 1]]
[[0.442, 12.873, 10.845, 0.697], [0.464, 13.629, 10.586, 0.754], [1, 0]]
[[0.423, 13.12, 9.64, 0.727], [0.409, 13.25, 9.75, 0.74], [1, 0]]
[[0.442, 14.821, 8.25, 0.747], [0.436, 14.406, 8.781, 0.758], [1, 0]]
[[0.38, 11.688, 11.438, 0.627], [0.417, 13.105, 9.474, 0.736], [1, 0]]
[[0.43, 13.433, 10.367, 0.734], [0.451, 15.844, 10.125, 0.716], [1, 0]]
[[0.443, 15.308, 10.508, 0.709], [0.446, 15.262, 11.154, 0.71], [0, 1]]
[[0.421, 13.438, 11.906, 0.67], [0.424, 15.581, 10.548, 0.733], [0, 1]]
[[0.44, 14.138, 11.931, 0.739], [0.43, 14.286, 10.393, 0.745], [1, 0]]
[[0.422, 14.286, 8.429, 0.716], [0.416, 16.294, 10.176, 0.714], [0, 1]]
[[0.43, 15.14, 11.456, 0.751], [0.441, 14.236, 10.091, 0.743], [0, 1]]
[[0.431, 12.303, 11.684, 0.746], [0.449, 15.026, 11.065, 0.71], [1, 0]]
[[0.434, 15.321, 10.964, 0.708], [0.411, 13.407, 10.0, 0.73], [1, 0]]
[[0.43, 14.895, 9.368, 0.784], [0.415, 14.222, 8.167, 0.749], [1, 0]]
[[0.426, 12.183, 12.017, 0.73], [0.449, 12.967, 8.869, 0.75], [0, 1]]
[[0.45, 14.171, 10.197, 0.739], [0.441, 14.421, 10.447, 0.742], [1, 0]]
[[0.426, 12.14, 12.07, 0.727], [0.457, 14.246, 8.368, 0.729], [1, 0]]
[[0.441, 13.424, 10.906, 0.754], [0.449, 13.247, 9.835, 0.709], [0, 1]]
[[0.45, 15.071, 11.157, 0.709], [0.461, 13.514, 10.471, 0.779], [1, 0]]
[[0.441, 14.146, 9.938, 0.734], [0.451, 12.918, 9.082, 0.763], [0, 1]]
[[0.434, 14.564, 10.256, 0.746], [0.431, 13.643, 10.643, 0.735], [0, 1]]
[[0.421, 15.419, 10.0, 0.714], [0.436, 14.419, 8.677, 0.757], [0, 1]]
[[0.445, 14.854, 9.833, 0.776], [0.438, 13.489, 9.894, 0.703], [0, 1]]
[[0.405, 15.312, 10.125, 0.724], [0.416, 13.0, 9.2, 0.735], [0, 1]]
[[0.42, 13.0, 9.469, 0.753], [0.442, 14.312, 10.062, 0.761], [1, 0]]
[[0.446, 13.481, 10.506, 0.75], [0.446, 14.118, 10.026, 0.752], [1, 0]]
[[0.455, 13.687, 10.783, 0.765], [0.444, 14.108, 10.181, 0.755], [1, 0]]
[[0.45, 13.093, 9.0, 0.776], [0.453, 12.776, 9.289, 0.776], [0, 1]]
[[0.443, 12.463, 8.902, 0.735], [0.432, 13.024, 10.634, 0.738], [1, 0]]
[[0.439, 14.5, 10.529, 0.737], [0.455, 13.803, 11.986, 0.782], [0, 1]]
[[0.384, 11.667, 11.722, 0.641], [0.426, 13.3, 9.25, 0.752], [0, 1]]
[[0.363, 12.556, 10.556, 0.676], [0.381, 11.889, 10.0, 0.719], [0, 1]]
[[0.422, 13.026, 12.158, 0.67], [0.447, 14.026, 10.368, 0.733], [1, 0]]
[[0.442, 13.383, 10.667, 0.744], [0.436, 12.917, 9.917, 0.764], [0, 1]]
[[0.45, 12.8, 9.055, 0.771], [0.438, 15.509, 10.727, 0.708], [1, 0]]
[[0.407, 11.846, 8.846, 0.748], [0.413, 12.769, 10.077, 0.702], [1, 0]]
[[0.291, 9.0, 6.667, 0.544], [0.321, 13.0, 7.333, 0.452], [0, 1]]
[[0.423, 12.164, 12.236, 0.721], [0.433, 12.704, 9.481, 0.741], [1, 0]]
[[0.401, 12.148, 12.185, 0.68], [0.447, 14.276, 10.241, 0.712], [0, 1]]
[[0.441, 14.312, 10.475, 0.742], [0.441, 12.225, 9.588, 0.747], [0, 1]]
[[0.425, 12.378, 10.054, 0.729], [0.433, 13.525, 9.55, 0.751], [1, 0]]
[[0.287, 12.0, 7.667, 0.568], [0.285, 11.0, 8.333, 0.532], [1, 0]]
[[0.427, 13.487, 10.692, 0.733], [0.437, 13.351, 10.162, 0.706], [0, 1]]
[[0.407, 12.522, 10.087, 0.743], [0.405, 13.136, 9.591, 0.745], [1, 0]]
[[0.446, 12.0, 9.932, 0.754], [0.44, 11.867, 10.107, 0.79], [1, 0]]
[[0.352, 9.5, 4.75, 0.656], [0.343, 11.5, 5.75, 0.545], [1, 0]]
[[0.444, 12.78, 10.707, 0.71], [0.455, 12.793, 9.585, 0.749], [0, 1]]
[[0.407, 14.909, 12.273, 0.712], [0.393, 13.444, 7.889, 0.707], [1, 0]]
[[0.401, 12.179, 12.393, 0.68], [0.44, 14.323, 11.323, 0.758], [1, 0]]
[[0.303, 9.25, 9.0, 0.543], [0.307, 8.667, 2.667, 0.62], [1, 0]]
[[0.435, 12.871, 9.226, 0.742], [0.44, 13.033, 9.7, 0.761], [1, 0]]
[[0.342, 9.75, 4.0, 0.507], [0.313, 12.75, 12.25, 0.632], [0, 1]]
[[0.442, 14.345, 10.609, 0.745], [0.439, 12.253, 9.678, 0.75], [1, 0]]
[[0.428, 12.357, 7.857, 0.718], [0.404, 12.0, 9.308, 0.726], [1, 0]]
[[0.447, 12.055, 9.932, 0.755], [0.464, 13.486, 10.472, 0.754], [0, 1]]
[[0.445, 15.018, 9.4, 0.775], [0.444, 14.346, 9.962, 0.738], [0, 1]]
[[0.43, 15.125, 11.75, 0.724], [0.413, 13.2, 10.133, 0.724], [1, 0]]
[[0.447, 14.5, 9.931, 0.738], [0.44, 11.984, 10.131, 0.789], [0, 1]]
[[0.386, 12.778, 9.444, 0.669], [0.406, 14.2, 10.8, 0.742], [1, 0]]
[[0.403, 13.5, 10.214, 0.639], [0.426, 13.091, 7.909, 0.694], [0, 1]]
[[0.43, 12.158, 8.579, 0.746], [0.416, 14.5, 8.55, 0.749], [0, 1]]
[[0.446, 14.625, 9.425, 0.789], [0.427, 12.923, 9.615, 0.765], [0, 1]]
[[0.461, 13.742, 10.561, 0.753], [0.443, 15.318, 10.515, 0.709], [0, 1]]
[[0.447, 12.027, 9.987, 0.751], [0.448, 15.026, 11.145, 0.708], [0, 1]]
[[0.412, 14.522, 10.522, 0.711], [0.447, 15.542, 10.083, 0.725], [0, 1]]
[[0.443, 13.464, 10.857, 0.753], [0.449, 13.298, 9.81, 0.71], [0, 1]]
[[0.445, 13.778, 9.222, 0.751], [0.445, 15.406, 10.141, 0.727], [0, 1]]
[[0.43, 12.773, 9.273, 0.753], [0.444, 12.867, 8.889, 0.741], [1, 0]]
[[0.444, 14.143, 11.171, 0.747], [0.43, 12.8, 9.571, 0.764], [1, 0]]
[[0.434, 14.731, 9.692, 0.783], [0.421, 13.269, 9.538, 0.73], [0, 1]]
[[0.423, 13.222, 12.167, 0.669], [0.439, 14.0, 9.889, 0.734], [1, 0]]
[[0.377, 11.8, 11.4, 0.629], [0.414, 14.625, 10.5, 0.691], [0, 1]]
[[0.445, 14.234, 10.234, 0.737], [0.463, 13.571, 10.429, 0.774], [1, 0]]
[[0.435, 15.31, 11.034, 0.706], [0.432, 13.379, 9.897, 0.702], [1, 0]]
[[0.44, 14.507, 10.315, 0.742], [0.465, 13.575, 10.425, 0.756], [0, 1]]
[[0.454, 13.709, 10.919, 0.762], [0.45, 15.151, 11.14, 0.71], [0, 1]]
[[0.443, 15.032, 8.548, 0.735], [0.42, 12.735, 9.471, 0.75], [0, 1]]
[[0.193, 7.5, 11.5, 0.385], [0.202, 5.0, 5.5, 0.294], [0, 1]]
[[0.429, 15.737, 8.421, 0.734], [0.413, 13.091, 9.318, 0.742], [0, 1]]
[[0.445, 12.0, 9.915, 0.755], [0.448, 13.403, 10.403, 0.749], [1, 0]]
[[0.383, 12.75, 8.5, 0.731], [0.394, 12.0, 5.333, 0.648], [1, 0]]
[[0.441, 14.643, 9.607, 0.789], [0.42, 15.429, 10.036, 0.716], [1, 0]]
[[0.419, 15.486, 10.457, 0.716], [0.448, 15.0, 10.485, 0.722], [1, 0]]
[[0.442, 14.63, 9.753, 0.769], [0.434, 14.988, 11.321, 0.754], [1, 0]]
[[0.43, 13.484, 10.29, 0.737], [0.435, 12.879, 9.394, 0.752], [0, 1]]
[[0.438, 15.478, 8.522, 0.738], [0.421, 12.96, 8.88, 0.75], [1, 0]]
[[0.444, 14.882, 9.49, 0.779], [0.43, 13.288, 9.654, 0.758], [1, 0]]
[[0.452, 12.809, 9.235, 0.775], [0.445, 13.358, 9.731, 0.715], [1, 0]]
[[0.393, 13.0, 7.714, 0.636], [0.385, 11.167, 6.333, 0.669], [0, 1]]
[[0.419, 13.917, 9.083, 0.768], [0.393, 15.333, 9.889, 0.691], [0, 1]]
[[0.429, 12.395, 10.465, 0.779], [0.437, 14.163, 9.326, 0.747], [0, 1]]
[[0.432, 13.0, 9.345, 0.735], [0.434, 13.429, 10.0, 0.704], [1, 0]]
[[0.439, 14.465, 10.479, 0.739], [0.445, 15.431, 10.653, 0.713], [1, 0]]
[[0.369, 12.286, 10.857, 0.633], [0.395, 13.125, 9.0, 0.611], [1, 0]]
[[0.443, 12.775, 10.787, 0.708], [0.452, 14.19, 10.177, 0.741], [1, 0]]
[[0.387, 12.048, 12.048, 0.666], [0.429, 13.333, 9.708, 0.689], [1, 0]]
[[0.44, 12.278, 9.514, 0.745], [0.449, 15.095, 11.162, 0.707], [0, 1]]
[[0.418, 12.464, 9.429, 0.731], [0.439, 14.2, 11.8, 0.739], [0, 1]]
[[0.445, 13.406, 10.484, 0.746], [0.44, 12.844, 9.922, 0.765], [1, 0]]
[[0.414, 13.778, 8.333, 0.619], [0.409, 11.4, 8.4, 0.613], [1, 0]]
[[0.429, 15.309, 11.564, 0.753], [0.444, 13.648, 11.074, 0.75], [0, 1]]
[[0.426, 14.154, 9.154, 0.763], [0.381, 14.818, 9.091, 0.671], [0, 1]]
[[0.447, 13.526, 10.382, 0.752], [0.444, 12.733, 9.8, 0.772], [0, 1]]
[[0.429, 12.348, 11.727, 0.735], [0.442, 12.394, 9.333, 0.75], [1, 0]]
[[0.439, 12.951, 11.18, 0.693], [0.436, 12.492, 9.441, 0.741], [1, 0]]
[[0.448, 12.8, 9.133, 0.759], [0.426, 13.304, 10.609, 0.738], [1, 0]]
[[0.174, 9.0, 9.0, 0.452], [0.226, 5.5, 9.5, 0.414], [1, 0]]
[[0.413, 12.147, 12.412, 0.705], [0.447, 14.053, 10.5, 0.751], [1, 0]]
[[0.453, 13.878, 10.341, 0.732], [0.432, 13.605, 10.767, 0.734], [0, 1]]
[[0.446, 14.514, 9.429, 0.791], [0.441, 15.294, 10.676, 0.707], [1, 0]]
[[0.447, 12.136, 10.062, 0.744], [0.432, 12.383, 11.704, 0.747], [0, 1]]
[[0.407, 13.304, 11.957, 0.657], [0.426, 13.333, 9.476, 0.749], [0, 1]]
[[0.408, 13.238, 11.952, 0.662], [0.427, 14.238, 9.619, 0.755], [1, 0]]
[[0.218, 8.0, 6.0, 0.305], [0.263, 7.5, 3.0, 0.339], [1, 0]]
[[0.368, 12.375, 9.625, 0.642], [0.395, 12.667, 9.111, 0.634], [1, 0]]
[[0.41, 13.458, 12.125, 0.652], [0.427, 14.458, 8.958, 0.744], [0, 1]]
[[0.456, 14.188, 8.623, 0.733], [0.444, 15.406, 10.536, 0.711], [1, 0]]
[[0.42, 12.34, 12.38, 0.716], [0.44, 13.212, 10.635, 0.742], [0, 1]]
[[0.435, 12.926, 11.444, 0.687], [0.433, 12.923, 9.423, 0.741], [0, 1]]
[[0.439, 14.14, 10.18, 0.74], [0.442, 13.642, 11.075, 0.752], [1, 0]]
[[0.433, 12.863, 9.392, 0.745], [0.437, 13.385, 10.769, 0.733], [1, 0]]
[[0.413, 13.071, 9.214, 0.678], [0.393, 11.562, 11.0, 0.726], [1, 0]]
[[0.433, 15.03, 11.242, 0.751], [0.444, 14.031, 9.385, 0.753], [1, 0]]
[[0.447, 14.077, 10.615, 0.748], [0.432, 13.395, 9.579, 0.749], [1, 0]]
[[0.439, 13.0, 9.094, 0.76], [0.44, 14.281, 9.906, 0.71], [0, 1]]
[[0.393, 11.444, 9.222, 0.638], [0.367, 15.125, 8.625, 0.633], [1, 0]]
[[0.433, 14.867, 11.467, 0.753], [0.447, 13.378, 9.743, 0.715], [0, 1]]
[[0.456, 13.956, 12.015, 0.783], [0.441, 13.275, 10.71, 0.745], [1, 0]]
[[0.428, 13.13, 9.261, 0.737], [0.43, 14.4, 8.88, 0.75], [1, 0]]
[[0.443, 14.414, 11.138, 0.757], [0.434, 13.367, 9.9, 0.702], [1, 0]]
[[0.287, 11.5, 9.0, 0.549], [0.364, 13.5, 9.5, 0.631], [0, 1]]
[[0.427, 14.522, 10.913, 0.732], [0.436, 14.32, 10.84, 0.758], [0, 1]]
[[0.457, 14.262, 8.574, 0.735], [0.456, 13.194, 10.097, 0.777], [1, 0]]
[[0.445, 12.973, 9.162, 0.753], [0.447, 14.162, 10.324, 0.756], [1, 0]]
[[0.439, 14.324, 8.676, 0.76], [0.415, 13.5, 10.5, 0.731], [1, 0]]
[[0.444, 14.837, 9.735, 0.778], [0.435, 14.723, 10.809, 0.724], [0, 1]]
[[0.426, 13.0, 9.143, 0.753], [0.436, 15.433, 10.967, 0.706], [0, 1]]
[[0.449, 13.014, 8.971, 0.776], [0.445, 13.371, 9.657, 0.715], [1, 0]]
[[0.445, 13.759, 11.086, 0.76], [0.448, 14.544, 9.842, 0.739], [1, 0]]
[[0.449, 12.918, 8.918, 0.769], [0.452, 12.871, 9.0, 0.772], [0, 1]]
[[0.445, 14.3, 10.162, 0.737], [0.446, 13.425, 9.912, 0.713], [0, 1]]
[[0.374, 12.0, 9.5, 0.709], [0.384, 10.857, 7.143, 0.66], [1, 0]]
[[0.454, 13.646, 10.768, 0.765], [0.454, 12.679, 9.086, 0.779], [1, 0]]
[[0.439, 11.917, 10.167, 0.789], [0.461, 15.286, 10.586, 0.734], [0, 1]]
[[0.444, 12.721, 8.814, 0.742], [0.443, 13.711, 10.733, 0.75], [0, 1]]
[[0.416, 12.425, 12.425, 0.724], [0.43, 13.452, 9.571, 0.754], [0, 1]]
[[0.406, 15.524, 9.81, 0.713], [0.405, 12.3, 10.45, 0.751], [0, 1]]
[[0.432, 12.322, 9.149, 0.787], [0.456, 12.655, 9.598, 0.749], [1, 0]]
[[0.446, 13.917, 11.306, 0.766], [0.453, 14.971, 10.486, 0.724], [0, 1]]
[[0.431, 15.22, 11.339, 0.753], [0.456, 13.086, 9.966, 0.777], [0, 1]]
[[0.453, 12.759, 9.184, 0.781], [0.244, 9.5, 6.0, 0.324], [1, 0]]
[[0.45, 13.974, 10.359, 0.733], [0.449, 12.9, 9.1, 0.757], [0, 1]]
[[0.456, 14.826, 8.565, 0.744], [0.448, 14.804, 10.961, 0.701], [1, 0]]
[[0.438, 12.87, 8.957, 0.745], [0.438, 15.636, 8.409, 0.732], [1, 0]]
[[0.439, 12.857, 9.381, 0.769], [0.449, 13.477, 9.773, 0.768], [1, 0]]
[[0.419, 12.867, 9.467, 0.748], [0.452, 14.821, 10.464, 0.732], [0, 1]]
[[0.455, 12.723, 9.59, 0.751], [0.435, 14.892, 11.301, 0.755], [0, 1]]
[[0.449, 12.95, 8.983, 0.767], [0.446, 15.177, 11.145, 0.71], [0, 1]]
[[0.456, 14.254, 8.619, 0.737], [0.439, 14.547, 10.688, 0.734], [0, 1]]
[[0.432, 12.318, 9.102, 0.787], [0.455, 12.67, 9.557, 0.75], [1, 0]]
[[0.442, 14.316, 10.281, 0.742], [0.445, 15.0, 11.19, 0.708], [1, 0]]
[[0.43, 12.863, 11.784, 0.689], [0.426, 15.115, 11.462, 0.749], [0, 1]]
[[0.454, 13.759, 10.646, 0.761], [0.463, 13.722, 10.354, 0.776], [0, 1]]
[[0.436, 15.407, 10.519, 0.711], [0.454, 15.038, 10.462, 0.725], [0, 1]]
[[0.424, 12.7, 9.4, 0.706], [0.432, 12.81, 9.048, 0.749], [0, 1]]
[[0.445, 13.704, 11.13, 0.759], [0.439, 13.661, 10.643, 0.728], [0, 1]]
[[0.433, 14.706, 11.765, 0.717], [0.405, 12.8, 8.733, 0.72], [1, 0]]
[[0.445, 14.122, 10.146, 0.755], [0.448, 13.329, 9.841, 0.71], [0, 1]]
[[0.463, 13.809, 10.5, 0.755], [0.445, 15.309, 10.515, 0.712], [1, 0]]
[[0.457, 13.778, 10.089, 0.731], [0.436, 14.227, 10.455, 0.751], [0, 1]]
[[0.389, 12.1, 12.0, 0.655], [0.419, 15.913, 10.522, 0.725], [0, 1]]
[[0.415, 11.875, 6.0, 0.689], [0.373, 11.375, 8.375, 0.695], [1, 0]]
[[0.401, 11.583, 8.833, 0.748], [0.397, 11.462, 9.308, 0.71], [0, 1]]
[[0.45, 13.132, 9.066, 0.777], [0.446, 13.474, 10.474, 0.751], [1, 0]]
[[0.379, 11.571, 11.571, 0.613], [0.405, 12.176, 9.882, 0.716], [1, 0]]
[[0.451, 13.722, 10.778, 0.765], [0.445, 13.324, 9.634, 0.714], [1, 0]]
[[0.414, 13.176, 9.235, 0.686], [0.419, 15.947, 10.211, 0.72], [0, 1]]
[[0.425, 13.538, 10.231, 0.732], [0.436, 13.0, 9.4, 0.744], [1, 0]]
[[0.44, 14.02, 10.245, 0.742], [0.44, 13.275, 10.627, 0.743], [1, 0]]
[[0.445, 12.541, 8.784, 0.728], [0.454, 15.7, 9.55, 0.728], [1, 0]]
[[0.454, 13.759, 10.897, 0.76], [0.45, 15.161, 11.092, 0.708], [1, 0]]
[[0.461, 13.694, 10.323, 0.75], [0.433, 12.79, 10.661, 0.747], [0, 1]]
[[0.439, 14.542, 10.25, 0.706], [0.43, 13.44, 9.8, 0.694], [0, 1]]
[[0.439, 12.094, 10.245, 0.745], [0.429, 12.964, 10.482, 0.745], [1, 0]]
[[0.41, 15.727, 9.682, 0.709], [0.418, 13.318, 10.136, 0.72], [0, 1]]
[[0.242, 6.5, 3.5, 0.423], [0.244, 9.5, 5.5, 0.477], [1, 0]]
[[0.343, 13.833, 12.333, 0.618], [0.392, 14.0, 7.667, 0.608], [0, 1]]
[[0.202, 5.0, 5.5, 0.294], [0.212, 6.5, 3.5, 0.348], [0, 1]]
[[0.453, 13.689, 10.676, 0.767], [0.444, 15.227, 10.6, 0.72], [1, 0]]
[[0.441, 14.114, 9.659, 0.734], [0.439, 14.17, 9.255, 0.754], [0, 1]]
[[0.34, 12.0, 8.0, 0.567], [0.319, 12.5, 9.0, 0.611], [0, 1]]
[[0.432, 13.189, 10.838, 0.733], [0.443, 13.243, 9.486, 0.76], [1, 0]]
[[0.449, 12.846, 9.205, 0.755], [0.425, 12.564, 10.538, 0.776], [1, 0]]
[[0.417, 12.818, 10.591, 0.73], [0.424, 13.05, 9.15, 0.732], [1, 0]]
[[0.44, 14.095, 9.524, 0.735], [0.432, 15.489, 10.378, 0.702], [0, 1]]
[[0.408, 15.65, 9.95, 0.72], [0.405, 12.611, 8.778, 0.725], [1, 0]]
[[0.439, 14.107, 12.036, 0.73], [0.434, 14.276, 10.414, 0.759], [1, 0]]
[[0.332, 10.0, 9.0, 0.582], [0.335, 11.25, 8.5, 0.605], [1, 0]]
[[0.422, 12.917, 11.333, 0.723], [0.407, 14.692, 8.846, 0.701], [0, 1]]
[[0.439, 14.25, 11.719, 0.737], [0.433, 13.212, 9.152, 0.747], [0, 1]]
[[0.439, 12.956, 11.0, 0.695], [0.457, 14.224, 8.627, 0.734], [0, 1]]
[[0.453, 12.982, 9.107, 0.772], [0.431, 12.912, 10.526, 0.748], [1, 0]]
[[0.43, 14.269, 10.308, 0.739], [0.423, 13.556, 10.407, 0.734], [1, 0]]
[[0.439, 13.0, 9.065, 0.763], [0.438, 15.182, 10.788, 0.709], [1, 0]]
[[0.44, 12.033, 10.183, 0.748], [0.44, 14.639, 10.689, 0.731], [1, 0]]
[[0.447, 13.405, 10.311, 0.751], [0.438, 12.603, 10.384, 0.755], [1, 0]]
[[0.43, 14.724, 10.103, 0.722], [0.421, 12.567, 10.233, 0.764], [1, 0]]
[[0.431, 14.111, 10.333, 0.741], [0.45, 15.806, 10.032, 0.724], [1, 0]]
[[0.426, 12.306, 11.903, 0.729], [0.446, 15.222, 11.143, 0.71], [1, 0]]
[[0.353, 13.0, 11.8, 0.652], [0.343, 12.4, 8.2, 0.544], [1, 0]]
[[0.443, 14.056, 10.014, 0.753], [0.446, 13.391, 9.696, 0.715], [1, 0]]
[[0.443, 14.278, 10.236, 0.738], [0.449, 15.082, 11.137, 0.71], [1, 0]]
[[0.455, 13.862, 11.69, 0.777], [0.435, 12.898, 9.915, 0.764], [1, 0]]
[[0.429, 13.0, 11.929, 0.675], [0.416, 12.39, 12.61, 0.721], [0, 1]]
[[0.413, 12.786, 9.821, 0.748], [0.429, 12.923, 8.808, 0.749], [0, 1]]
[[0.172, 8.0, 7.5, 0.327], [0.253, 10.5, 4.5, 0.334], [1, 0]]
[[0.441, 12.785, 9.862, 0.764], [0.443, 13.508, 9.937, 0.717], [0, 1]]
[[0.447, 14.455, 9.879, 0.741], [0.443, 13.309, 10.662, 0.742], [0, 1]]
[[0.442, 14.634, 9.756, 0.767], [0.447, 12.171, 10.049, 0.746], [0, 1]]
[[0.433, 12.792, 9.453, 0.741], [0.455, 12.836, 9.836, 0.772], [0, 1]]
[[0.445, 14.207, 10.061, 0.737], [0.442, 12.817, 9.805, 0.767], [0, 1]]
[[0.441, 14.267, 11.167, 0.753], [0.415, 13.433, 10.333, 0.73], [1, 0]]
[[0.379, 10.875, 9.0, 0.622], [0.376, 13.125, 11.25, 0.631], [1, 0]]
[[0.432, 12.598, 9.195, 0.787], [0.435, 14.976, 11.268, 0.754], [1, 0]]
[[0.413, 14.3, 11.0, 0.706], [0.423, 14.947, 10.316, 0.729], [0, 1]]
[[0.314, 11.333, 2.333, 0.461], [0.316, 10.333, 6.333, 0.615], [0, 1]]
[[0.444, 14.321, 9.981, 0.742], [0.453, 12.907, 9.13, 0.769], [0, 1]]
[[0.441, 13.179, 10.571, 0.746], [0.457, 15.273, 10.509, 0.724], [0, 1]]
[[0.445, 13.709, 11.2, 0.76], [0.443, 13.446, 9.768, 0.711], [1, 0]]
[[0.444, 13.803, 9.213, 0.749], [0.459, 15.267, 10.517, 0.734], [1, 0]]
[[0.426, 13.175, 11.95, 0.677], [0.436, 14.31, 9.238, 0.746], [0, 1]]
[[0.394, 13.25, 10.812, 0.73], [0.421, 12.786, 9.429, 0.661], [1, 0]]
[[0.457, 13.604, 10.146, 0.737], [0.432, 13.42, 9.58, 0.755], [0, 1]]
[[0.446, 14.212, 11.364, 0.766], [0.444, 14.0, 10.176, 0.756], [1, 0]]
[[0.447, 13.868, 11.316, 0.773], [0.422, 13.308, 10.385, 0.745], [1, 0]]
[[0.226, 7.5, 3.5, 0.4], [0.23, 8.5, 5.0, 0.481], [1, 0]]
[[0.275, 12.333, 5.333, 0.491], [0.299, 12.667, 6.333, 0.607], [1, 0]]
[[0.398, 14.143, 8.571, 0.625], [0.416, 13.714, 10.571, 0.595], [1, 0]]
[[0.435, 13.333, 10.625, 0.734], [0.454, 15.065, 10.522, 0.719], [1, 0]]
[[0.433, 14.633, 10.133, 0.721], [0.437, 15.29, 10.903, 0.706], [1, 0]]
[[0.391, 11.444, 8.556, 0.708], [0.392, 11.625, 6.875, 0.671], [1, 0]]
[[0.445, 13.292, 10.492, 0.746], [0.442, 11.924, 10.091, 0.791], [1, 0]]
[[0.444, 12.889, 9.289, 0.777], [0.449, 14.958, 11.021, 0.703], [0, 1]]
[[0.435, 15.547, 10.642, 0.706], [0.44, 13.415, 9.906, 0.707], [0, 1]]
[[0.436, 13.667, 7.833, 0.694], [0.413, 14.733, 10.667, 0.686], [0, 1]]
[[0.35, 15.0, 8.0, 0.601], [0.365, 12.125, 8.625, 0.621], [1, 0]]
[[0.422, 15.128, 11.179, 0.746], [0.428, 12.488, 10.463, 0.781], [0, 1]]
[[0.338, 12.2, 9.4, 0.626], [0.34, 13.4, 10.8, 0.6], [0, 1]]
[[0.417, 12.812, 10.188, 0.717], [0.419, 13.0, 9.333, 0.673], [0, 1]]
[[0.412, 14.353, 10.765, 0.693], [0.408, 12.706, 8.588, 0.726], [1, 0]]
[[0.437, 14.86, 10.7, 0.725], [0.458, 13.49, 10.157, 0.742], [1, 0]]
[[0.443, 15.315, 10.37, 0.73], [0.46, 15.178, 10.658, 0.73], [0, 1]]
[[0.435, 12.797, 9.087, 0.779], [0.452, 12.986, 9.029, 0.753], [1, 0]]
[[0.44, 14.323, 11.839, 0.737], [0.447, 14.781, 10.594, 0.726], [1, 0]]
[[0.456, 13.72, 12.171, 0.771], [0.436, 12.768, 10.305, 0.755], [1, 0]]
[[0.456, 14.19, 8.517, 0.733], [0.44, 15.508, 10.525, 0.708], [1, 0]]
[[0.454, 12.781, 9.233, 0.778], [0.444, 14.122, 10.014, 0.751], [1, 0]]
[[0.436, 14.619, 10.69, 0.72], [0.436, 13.071, 10.595, 0.737], [0, 1]]
[[0.444, 15.038, 9.423, 0.778], [0.436, 15.5, 10.68, 0.7], [1, 0]]
[[0.443, 14.88, 9.58, 0.78], [0.446, 13.163, 8.939, 0.746], [0, 1]]
[[0.402, 14.308, 10.692, 0.69], [0.406, 14.846, 10.154, 0.714], [1, 0]]
[[0.452, 13.0, 9.032, 0.773], [0.459, 15.323, 10.5, 0.732], [1, 0]]
[[0.456, 13.782, 12.115, 0.77], [0.442, 12.816, 9.897, 0.765], [1, 0]]
[[0.433, 15.45, 8.6, 0.735], [0.433, 13.2, 8.5, 0.68], [1, 0]]
[[0.333, 10.0, 7.0, 0.547], [0.328, 12.75, 6.75, 0.554], [1, 0]]
[[0.445, 15.0, 10.494, 0.727], [0.457, 13.877, 10.765, 0.747], [0, 1]]
[[0.429, 13.017, 9.433, 0.774], [0.448, 15.623, 10.098, 0.729], [1, 0]]
[[0.442, 14.909, 9.727, 0.769], [0.441, 12.453, 9.391, 0.746], [0, 1]]
[[0.431, 12.347, 11.667, 0.745], [0.44, 14.44, 10.413, 0.743], [1, 0]]
[[0.447, 13.427, 10.44, 0.75], [0.445, 13.37, 9.753, 0.714], [0, 1]]
[[0.435, 12.889, 9.111, 0.779], [0.464, 13.549, 10.479, 0.755], [1, 0]]
[[0.453, 13.809, 10.838, 0.761], [0.44, 11.857, 10.157, 0.788], [1, 0]]
[[0.449, 13.953, 10.844, 0.757], [0.441, 14.2, 10.215, 0.737], [1, 0]]
[[0.423, 14.846, 10.154, 0.719], [0.429, 12.92, 8.92, 0.746], [1, 0]]
[[0.442, 12.741, 8.037, 0.707], [0.425, 13.4, 10.4, 0.735], [1, 0]]
[[0.429, 13.533, 9.511, 0.759], [0.448, 13.422, 9.756, 0.768], [1, 0]]
[[0.438, 14.059, 10.216, 0.741], [0.448, 15.547, 9.962, 0.729], [1, 0]]
[[0.444, 12.891, 9.174, 0.776], [0.454, 15.043, 10.553, 0.719], [1, 0]]
[[0.434, 13.25, 10.778, 0.733], [0.426, 13.378, 10.811, 0.734], [0, 1]]
[[0.273, 9.667, 9.0, 0.557], [0.236, 9.333, 5.333, 0.488], [0, 1]]
[[0.403, 12.0, 5.571, 0.676], [0.363, 11.143, 8.429, 0.673], [0, 1]]
[[0.448, 14.446, 9.862, 0.745], [0.461, 15.308, 10.431, 0.729], [1, 0]]
[[0.434, 14.682, 11.0, 0.755], [0.427, 14.565, 8.783, 0.747], [1, 0]]
[[0.439, 12.971, 8.857, 0.763], [0.432, 13.324, 9.405, 0.75], [0, 1]]
[[0.411, 13.214, 10.357, 0.702], [0.417, 16.231, 9.769, 0.696], [0, 1]]
[[0.432, 14.345, 10.31, 0.747], [0.434, 13.375, 9.688, 0.7], [0, 1]]
[[0.444, 13.81, 11.069, 0.746], [0.43, 12.881, 10.644, 0.747], [1, 0]]
[[0.403, 12.138, 12.517, 0.684], [0.429, 13.032, 9.065, 0.742], [0, 1]]
[[0.45, 13.773, 10.864, 0.758], [0.447, 15.254, 10.164, 0.73], [1, 0]]
[[0.43, 14.25, 9.875, 0.746], [0.433, 13.348, 9.478, 0.682], [0, 1]]
[[0.373, 11.167, 8.833, 0.59], [0.404, 12.5, 10.0, 0.565], [1, 0]]
[[0.396, 13.625, 8.875, 0.655], [0.39, 14.5, 10.0, 0.734], [0, 1]]
[[0.445, 13.771, 11.167, 0.756], [0.434, 15.449, 10.673, 0.699], [1, 0]]
[[0.426, 14.375, 10.75, 0.736], [0.426, 13.185, 9.519, 0.737], [0, 1]]
[[0.393, 11.556, 8.333, 0.703], [0.405, 11.111, 8.0, 0.622], [1, 0]]
[[0.399, 13.333, 10.111, 0.674], [0.406, 13.333, 9.333, 0.641], [1, 0]]
[[0.433, 15.404, 10.426, 0.703], [0.45, 15.532, 9.723, 0.728], [1, 0]]
[[0.445, 12.83, 9.191, 0.773], [0.457, 13.51, 10.224, 0.738], [1, 0]]
[[0.434, 13.362, 10.638, 0.733], [0.427, 13.404, 10.468, 0.741], [1, 0]]
[[0.441, 13.471, 11.023, 0.755], [0.448, 13.161, 9.851, 0.706], [1, 0]]
[[0.429, 13.109, 9.345, 0.772], [0.443, 13.875, 11.161, 0.75], [1, 0]]
[[0.436, 13.0, 11.25, 0.692], [0.446, 13.933, 11.017, 0.744], [1, 0]]
[[0.432, 12.787, 9.34, 0.747], [0.433, 12.224, 10.551, 0.784], [1, 0]]
[[0.432, 14.868, 11.526, 0.753], [0.441, 13.377, 10.792, 0.748], [0, 1]]
[[0.413, 14.333, 10.81, 0.717], [0.431, 13.238, 9.524, 0.675], [0, 1]]
[[0.396, 13.0, 11.529, 0.673], [0.438, 14.5, 10.556, 0.739], [0, 1]]
[[0.441, 14.442, 10.416, 0.742], [0.444, 15.115, 10.5, 0.724], [1, 0]]
[[0.203, 5.0, 4.0, 0.367], [0.229, 4.0, 3.0, 0.419], [0, 1]]
[[0.439, 12.403, 9.419, 0.742], [0.446, 15.219, 11.078, 0.711], [0, 1]]
[[0.446, 15.118, 11.191, 0.71], [0.442, 14.074, 9.824, 0.75], [1, 0]]
[[0.447, 12.1, 10.037, 0.745], [0.441, 14.38, 10.494, 0.742], [0, 1]]
[[0.432, 14.55, 10.375, 0.725], [0.423, 15.225, 11.25, 0.745], [0, 1]]
[[0.39, 11.955, 11.727, 0.669], [0.437, 12.875, 8.875, 0.749], [1, 0]]
[[0.443, 14.841, 9.762, 0.773], [0.435, 12.641, 10.469, 0.748], [1, 0]]
[[0.388, 13.7, 11.3, 0.644], [0.414, 11.545, 8.636, 0.627], [0, 1]]
[[0.405, 15.167, 10.056, 0.722], [0.427, 15.471, 10.0, 0.695], [0, 1]]
[[0.421, 12.68, 9.28, 0.72], [0.439, 14.519, 11.148, 0.759], [1, 0]]
[[0.464, 15.137, 10.488, 0.73], [0.462, 13.787, 10.438, 0.778], [0, 1]]
[[0.454, 14.881, 10.595, 0.721], [0.424, 13.467, 10.689, 0.736], [1, 0]]
[[0.408, 12.455, 10.136, 0.756], [0.43, 14.182, 9.773, 0.751], [0, 1]]
[[0.281, 8.667, 7.667, 0.494], [0.269, 9.5, 2.5, 0.425], [1, 0]]
[[0.431, 13.462, 9.615, 0.749], [0.446, 13.179, 9.538, 0.763], [1, 0]]
[[0.401, 14.062, 10.625, 0.703], [0.392, 11.529, 11.059, 0.731], [1, 0]]
[[0.442, 14.8, 9.433, 0.789], [0.427, 14.929, 10.179, 0.718], [1, 0]]
[[0.437, 13.636, 11.545, 0.726], [0.405, 12.773, 10.182, 0.741], [1, 0]]
[[0.436, 13.0, 9.308, 0.765], [0.459, 15.179, 10.487, 0.719], [1, 0]]
[[0.429, 14.261, 9.783, 0.753], [0.416, 13.0, 10.783, 0.732], [1, 0]]
[[0.442, 12.769, 9.885, 0.768], [0.462, 13.603, 10.372, 0.775], [1, 0]]
[[0.442, 12.313, 9.343, 0.749], [0.451, 13.971, 11.116, 0.747], [1, 0]]
[[0.418, 12.944, 9.056, 0.681], [0.436, 14.35, 10.6, 0.752], [1, 0]]
[[0.429, 13.0, 11.907, 0.68], [0.447, 15.2, 10.889, 0.705], [1, 0]]
[[0.425, 12.545, 9.318, 0.709], [0.42, 13.208, 10.75, 0.725], [1, 0]]
[[0.44, 12.957, 10.971, 0.696], [0.442, 14.812, 9.667, 0.77], [0, 1]]
[[0.444, 13.947, 9.193, 0.751], [0.43, 12.783, 10.717, 0.747], [1, 0]]
[[0.451, 15.275, 8.575, 0.747], [0.424, 15.167, 11.524, 0.746], [0, 1]]
[[0.407, 13.105, 9.0, 0.753], [0.447, 14.45, 10.6, 0.724], [0, 1]]
[[0.431, 12.917, 11.729, 0.69], [0.434, 12.217, 10.152, 0.735], [0, 1]]
[[0.442, 14.723, 9.747, 0.766], [0.185, 7.0, 8.5, 0.334], [0, 1]]
[[0.446, 14.588, 9.206, 0.789], [0.43, 14.516, 10.452, 0.715], [0, 1]]
[[0.386, 15.0, 10.364, 0.673], [0.371, 14.8, 9.2, 0.656], [1, 0]]
[[0.444, 12.658, 8.947, 0.723], [0.438, 14.676, 10.108, 0.744], [0, 1]]
[[0.444, 12.0, 9.943, 0.755], [0.454, 12.957, 9.086, 0.754], [0, 1]]
[[0.419, 12.708, 9.292, 0.715], [0.42, 15.615, 10.231, 0.736], [1, 0]]
[[0.448, 12.985, 9.06, 0.774], [0.452, 13.836, 10.821, 0.759], [0, 1]]
[[0.424, 15.406, 10.594, 0.732], [0.42, 12.697, 10.485, 0.771], [1, 0]]
[[0.442, 14.412, 10.506, 0.744], [0.44, 12.153, 9.671, 0.75], [0, 1]]
[[0.445, 15.471, 10.614, 0.712], [0.455, 13.829, 12.043, 0.782], [0, 1]]
[[0.333, 11.4, 10.4, 0.679], [0.354, 12.6, 8.8, 0.63], [1, 0]]
[[0.434, 14.791, 10.744, 0.724], [0.45, 15.659, 9.682, 0.724], [1, 0]]
[[0.456, 14.219, 8.672, 0.733], [0.441, 13.364, 10.742, 0.738], [0, 1]]
[[0.457, 14.289, 8.539, 0.738], [0.463, 15.118, 10.539, 0.729], [0, 1]]
[[0.445, 13.851, 11.234, 0.761], [0.432, 13.449, 9.571, 0.758], [1, 0]]
[[0.349, 12.833, 9.667, 0.624], [0.392, 11.714, 8.429, 0.577], [1, 0]]
[[0.444, 12.871, 8.258, 0.719], [0.451, 14.219, 10.156, 0.717], [0, 1]]
[[0.441, 12.929, 10.914, 0.697], [0.462, 15.304, 10.464, 0.733], [1, 0]]
[[0.463, 13.817, 10.3, 0.752], [0.443, 14.339, 10.22, 0.744], [1, 0]]
[[0.388, 12.105, 11.947, 0.645], [0.445, 15.435, 10.043, 0.726], [0, 1]]
[[0.45, 13.221, 9.221, 0.775], [0.464, 13.705, 10.551, 0.751], [1, 0]]
[[0.399, 12.4, 10.5, 0.717], [0.415, 12.7, 11.2, 0.711], [0, 1]]
[[0.409, 14.455, 10.773, 0.709], [0.418, 13.609, 10.13, 0.723], [1, 0]]
[[0.418, 15.5, 10.528, 0.716], [0.414, 13.229, 10.4, 0.737], [0, 1]]
[[0.41, 14.286, 10.714, 0.684], [0.419, 14.786, 10.571, 0.73], [1, 0]]
[[0.41, 14.833, 12.167, 0.728], [0.404, 13.273, 10.636, 0.706], [1, 0]]
[[0.416, 13.704, 11.815, 0.656], [0.429, 13.615, 10.0, 0.696], [0, 1]]
[[0.449, 13.061, 8.939, 0.773], [0.45, 14.119, 11.03, 0.747], [0, 1]]
[[0.435, 14.575, 10.35, 0.745], [0.458, 15.125, 10.475, 0.719], [0, 1]]
[[0.193, 7.5, 11.5, 0.385], [0.226, 7.5, 3.5, 0.4], [1, 0]]
[[0.452, 15.947, 9.842, 0.725], [0.415, 13.278, 10.361, 0.738], [0, 1]]
[[0.43, 13.0, 11.787, 0.689], [0.433, 15.292, 10.646, 0.704], [1, 0]]
[[0.445, 12.919, 10.797, 0.698], [0.435, 12.808, 9.082, 0.779], [1, 0]]
[[0.418, 12.326, 12.543, 0.716], [0.429, 13.184, 10.388, 0.744], [1, 0]]
[[0.452, 13.74, 10.701, 0.76], [0.433, 14.961, 11.481, 0.754], [0, 1]]
[[0.442, 14.082, 9.102, 0.758], [0.453, 15.125, 10.708, 0.722], [1, 0]]
[[0.347, 9.667, 7.333, 0.47], [0.306, 9.0, 4.667, 0.539], [1, 0]]
[[0.439, 13.278, 9.0, 0.762], [0.43, 14.324, 10.378, 0.725], [0, 1]]
[[0.449, 14.433, 9.821, 0.742], [0.449, 13.391, 10.464, 0.749], [1, 0]]
[[0.432, 13.455, 9.591, 0.679], [0.425, 13.238, 9.333, 0.74], [1, 0]]
[[0.419, 13.542, 10.042, 0.724], [0.43, 12.913, 9.261, 0.741], [1, 0]]
[[0.456, 13.716, 12.136, 0.77], [0.196, 9.0, 6.5, 0.318], [1, 0]]
[[0.441, 13.453, 10.965, 0.754], [0.449, 13.209, 9.849, 0.707], [1, 0]]
[[0.457, 14.309, 8.382, 0.73], [0.448, 13.018, 8.875, 0.746], [0, 1]]
[[0.44, 12.192, 9.667, 0.747], [0.432, 12.641, 9.115, 0.783], [1, 0]]
[[0.424, 14.1, 10.4, 0.713], [0.407, 12.333, 10.333, 0.756], [0, 1]]
[[0.422, 12.636, 9.758, 0.727], [0.424, 12.514, 9.514, 0.756], [1, 0]]
[[0.429, 12.7, 8.95, 0.753], [0.426, 14.85, 10.6, 0.702], [0, 1]]
[[0.425, 14.5, 10.75, 0.714], [0.415, 12.963, 9.852, 0.749], [1, 0]]
[[0.44, 13.7, 11.175, 0.752], [0.431, 13.025, 10.675, 0.738], [0, 1]]
[[0.446, 15.086, 9.569, 0.771], [0.443, 13.912, 11.14, 0.748], [0, 1]]
[[0.438, 14.449, 10.551, 0.736], [0.44, 12.338, 9.426, 0.75], [0, 1]]
[[0.415, 13.846, 11.885, 0.653], [0.423, 14.522, 10.783, 0.707], [1, 0]]
[[0.439, 13.946, 11.297, 0.748], [0.43, 13.525, 10.55, 0.737], [1, 0]]
[[0.416, 12.867, 9.267, 0.714], [0.43, 15.133, 9.867, 0.7], [1, 0]]
[[0.431, 12.822, 9.244, 0.752], [0.44, 13.511, 9.933, 0.708], [1, 0]]
[[0.451, 12.851, 9.194, 0.776], [0.454, 13.97, 12.045, 0.783], [1, 0]]
[[0.444, 15.222, 10.264, 0.731], [0.438, 12.653, 10.347, 0.756], [1, 0]]
[[0.415, 13.385, 8.692, 0.671], [0.404, 15.067, 10.067, 0.72], [1, 0]]
[[0.447, 14.959, 11.041, 0.702], [0.449, 13.064, 9.191, 0.76], [0, 1]]
[[0.411, 13.76, 12.16, 0.655], [0.42, 15.08, 10.0, 0.72], [1, 0]]
[[0.44, 12.851, 11.0, 0.696], [0.444, 15.284, 10.537, 0.71], [1, 0]]
[[0.44, 13.094, 10.642, 0.743], [0.436, 12.055, 10.255, 0.785], [1, 0]]
[[0.444, 12.886, 9.341, 0.776], [0.442, 13.532, 10.851, 0.749], [1, 0]]
[[0.463, 13.571, 10.054, 0.753], [0.438, 12.175, 10.158, 0.788], [1, 0]]
[[0.432, 13.07, 9.233, 0.771], [0.449, 14.133, 11.667, 0.771], [0, 1]]
[[0.447, 12.028, 9.917, 0.755], [0.453, 13.877, 11.027, 0.749], [1, 0]]
[[0.451, 15.049, 11.123, 0.712], [0.438, 12.741, 10.309, 0.754], [1, 0]]
[[0.373, 12.4, 10.6, 0.673], [0.404, 11.889, 10.333, 0.717], [1, 0]]
[[0.42, 13.4, 11.9, 0.672], [0.443, 12.857, 8.179, 0.702], [1, 0]]
[[0.463, 13.727, 10.623, 0.753], [0.44, 12.0, 10.064, 0.791], [0, 1]]
[[0.437, 13.708, 11.708, 0.726], [0.419, 14.333, 10.952, 0.708], [1, 0]]
[[0.415, 12.405, 12.405, 0.717], [0.448, 15.081, 8.459, 0.744], [0, 1]]
[[0.431, 14.4, 9.84, 0.776], [0.436, 14.652, 10.957, 0.756], [0, 1]]
[[0.453, 14.137, 10.125, 0.741], [0.454, 12.775, 9.55, 0.749], [1, 0]]
[[0.401, 15.353, 10.176, 0.724], [0.415, 16.375, 9.625, 0.71], [0, 1]]
[[0.442, 11.91, 10.09, 0.789], [0.447, 15.323, 10.092, 0.728], [1, 0]]
[[0.438, 12.805, 9.317, 0.767], [0.438, 14.182, 9.25, 0.75], [0, 1]]
[[0.449, 13.896, 11.562, 0.77], [0.433, 12.271, 10.458, 0.785], [1, 0]]
[[0.443, 14.0, 9.939, 0.758], [0.431, 13.156, 9.062, 0.746], [0, 1]]
[[0.455, 14.933, 8.533, 0.745], [0.439, 13.104, 10.667, 0.741], [0, 1]]
[[0.442, 13.943, 9.17, 0.753], [0.436, 13.556, 10.741, 0.732], [0, 1]]
[[0.445, 15.038, 9.302, 0.777], [0.437, 14.941, 10.863, 0.726], [1, 0]]
[[0.377, 11.273, 10.636, 0.581], [0.398, 14.0, 10.25, 0.681], [1, 0]]
[[0.394, 15.154, 9.615, 0.686], [0.397, 12.286, 8.714, 0.745], [0, 1]]
[[0.419, 12.388, 12.367, 0.716], [0.454, 15.14, 10.66, 0.72], [1, 0]]
[[0.411, 15.267, 9.467, 0.702], [0.425, 13.375, 9.438, 0.671], [1, 0]]
[[0.432, 12.878, 11.694, 0.688], [0.432, 12.792, 9.417, 0.747], [0, 1]]
[[0.429, 13.045, 9.318, 0.735], [0.409, 13.174, 9.783, 0.746], [1, 0]]
[[0.458, 14.566, 8.321, 0.734], [0.439, 14.222, 10.13, 0.745], [1, 0]]
[[0.433, 14.487, 10.308, 0.725], [0.452, 15.756, 9.707, 0.726], [1, 0]]
[[0.423, 13.72, 10.24, 0.73], [0.437, 15.192, 10.654, 0.71], [1, 0]]
[[0.401, 12.81, 10.286, 0.742], [0.416, 13.143, 10.0, 0.725], [0, 1]]
[[0.431, 12.776, 9.408, 0.746], [0.441, 13.26, 10.66, 0.743], [0, 1]]
[[0.435, 12.283, 10.326, 0.782], [0.44, 13.523, 10.0, 0.71], [0, 1]]
[[0.446, 15.051, 9.508, 0.772], [0.444, 13.768, 11.143, 0.758], [0, 1]]
[[0.436, 14.0, 11.571, 0.722], [0.427, 13.263, 9.105, 0.756], [1, 0]]
[[0.422, 12.519, 9.148, 0.732], [0.42, 12.387, 10.355, 0.768], [1, 0]]
[[0.41, 12.6, 9.84, 0.755], [0.452, 14.52, 10.52, 0.726], [0, 1]]
[[0.44, 12.133, 9.651, 0.749], [0.269, 9.5, 2.5, 0.425], [1, 0]]
[[0.442, 14.536, 11.179, 0.756], [0.409, 13.429, 9.929, 0.725], [1, 0]]
[[0.342, 10.75, 4.5, 0.56], [0.361, 12.75, 7.5, 0.506], [0, 1]]
[[0.447, 13.937, 10.873, 0.759], [0.449, 14.476, 9.921, 0.744], [1, 0]]
[[0.418, 16.0, 10.19, 0.721], [0.42, 12.955, 9.591, 0.736], [0, 1]]
[[0.43, 15.293, 11.362, 0.751], [0.442, 13.246, 10.649, 0.748], [1, 0]]
[[0.443, 13.714, 11.184, 0.759], [0.436, 12.255, 10.392, 0.784], [1, 0]]
[[0.421, 15.062, 10.0, 0.69], [0.412, 14.471, 8.294, 0.74], [0, 1]]
[[0.441, 11.984, 10.148, 0.748], [0.456, 14.29, 8.597, 0.734], [1, 0]]
[[0.429, 15.0, 9.611, 0.777], [0.416, 12.875, 9.062, 0.737], [0, 1]]
[[0.447, 12.092, 9.974, 0.752], [0.465, 13.763, 10.5, 0.753], [1, 0]]
[[0.44, 14.625, 9.739, 0.768], [0.433, 14.875, 11.273, 0.757], [1, 0]]
[[0.368, 11.0, 8.714, 0.614], [0.376, 12.0, 8.833, 0.642], [1, 0]]
[[0.44, 14.385, 10.513, 0.741], [0.44, 12.051, 10.025, 0.792], [1, 0]]
[[0.412, 14.222, 10.833, 0.703], [0.416, 16.0, 10.111, 0.714], [1, 0]]
[[0.421, 13.0, 9.0, 0.757], [0.431, 14.5, 10.0, 0.756], [1, 0]]
[[0.39, 11.9, 8.2, 0.712], [0.386, 12.1, 9.3, 0.687], [1, 0]]
[[0.4, 12.947, 12.053, 0.65], [0.427, 15.105, 10.684, 0.701], [1, 0]]
[[0.448, 15.731, 10.192, 0.722], [0.43, 12.958, 9.375, 0.745], [1, 0]]
[[0.442, 14.553, 9.882, 0.768], [0.431, 12.311, 11.662, 0.743], [1, 0]]
[[0.427, 12.397, 11.81, 0.73], [0.448, 14.108, 11.138, 0.743], [1, 0]]
[[0.453, 13.196, 9.706, 0.772], [0.431, 13.231, 10.423, 0.743], [0, 1]]
[[0.421, 12.667, 9.667, 0.697], [0.419, 13.824, 10.706, 0.712], [1, 0]]
[[0.253, 8.667, 7.333, 0.438], [0.244, 9.5, 6.0, 0.324], [1, 0]]
[[0.349, 11.333, 9.833, 0.491], [0.348, 9.2, 9.0, 0.683], [0, 1]]
[[0.446, 13.392, 10.481, 0.751], [0.463, 15.09, 10.551, 0.731], [0, 1]]
[[0.353, 14.333, 11.5, 0.637], [0.343, 14.0, 10.0, 0.66], [1, 0]]
[[0.409, 12.467, 9.8, 0.696], [0.423, 12.308, 9.231, 0.655], [1, 0]]
[[0.454, 13.718, 10.705, 0.761], [0.442, 13.392, 10.759, 0.749], [1, 0]]
[[0.436, 12.122, 10.143, 0.741], [0.427, 13.14, 9.38, 0.773], [0, 1]]
[[0.45, 14.667, 10.222, 0.717], [0.417, 13.0, 9.235, 0.729], [0, 1]]
[[0.443, 14.259, 10.259, 0.745], [0.452, 12.966, 9.102, 0.767], [0, 1]]
[[0.441, 13.356, 10.542, 0.745], [0.444, 13.534, 9.845, 0.711], [1, 0]]
[[0.439, 14.524, 10.635, 0.736], [0.43, 13.0, 9.355, 0.773], [0, 1]]
[[0.37, 11.857, 8.0, 0.577], [0.375, 11.857, 9.286, 0.603], [0, 1]]
[[0.429, 13.033, 9.393, 0.772], [0.443, 15.403, 10.29, 0.709], [1, 0]]
[[0.419, 12.333, 12.595, 0.719], [0.439, 13.727, 11.295, 0.753], [0, 1]]
[[0.432, 12.361, 11.736, 0.742], [0.44, 11.905, 10.041, 0.791], [0, 1]]
[[0.431, 12.457, 11.771, 0.742], [0.461, 15.197, 10.592, 0.733], [1, 0]]
[[0.438, 12.086, 10.103, 0.787], [0.455, 13.018, 9.877, 0.778], [1, 0]]
[[0.445, 14.702, 9.872, 0.782], [0.439, 13.13, 10.565, 0.738], [1, 0]]
[[0.453, 12.659, 9.11, 0.778], [0.455, 13.807, 12.241, 0.772], [1, 0]]
[[0.398, 12.455, 10.636, 0.728], [0.393, 13.2, 9.4, 0.706], [0, 1]]
[[0.431, 14.773, 9.636, 0.78], [0.398, 12.9, 10.5, 0.729], [0, 1]]
[[0.456, 13.753, 12.16, 0.773], [0.464, 15.21, 10.519, 0.731], [0, 1]]
[[0.425, 12.089, 12.161, 0.725], [0.431, 12.81, 10.638, 0.747], [1, 0]]
[[0.428, 14.682, 10.682, 0.738], [0.435, 14.5, 10.958, 0.752], [0, 1]]
[[0.443, 12.045, 10.106, 0.753], [0.445, 13.364, 9.803, 0.716], [1, 0]]
[[0.444, 14.939, 8.515, 0.739], [0.444, 12.618, 8.559, 0.723], [0, 1]]
[[0.453, 15.268, 8.585, 0.74], [0.432, 13.489, 10.578, 0.733], [0, 1]]
[[0.42, 13.0, 9.484, 0.749], [0.423, 12.966, 8.724, 0.753], [1, 0]]
[[0.455, 13.814, 12.174, 0.769], [0.441, 12.86, 9.872, 0.766], [1, 0]]
[[0.456, 13.952, 12.065, 0.778], [0.444, 13.41, 9.902, 0.714], [0, 1]]
[[0.417, 13.267, 10.6, 0.708], [0.418, 16.286, 9.786, 0.704], [1, 0]]
[[0.424, 12.825, 9.35, 0.748], [0.428, 15.375, 10.5, 0.711], [1, 0]]
[[0.351, 12.5, 8.167, 0.554], [0.39, 11.6, 10.6, 0.578], [1, 0]]
[[0.428, 13.083, 9.458, 0.77], [0.436, 13.286, 10.673, 0.735], [0, 1]]
[[0.414, 12.833, 9.833, 0.75], [0.418, 13.125, 9.583, 0.732], [1, 0]]
[[0.44, 14.087, 9.696, 0.735], [0.427, 15.306, 11.449, 0.746], [0, 1]]
[[0.449, 13.215, 9.266, 0.775], [0.433, 15.0, 11.43, 0.754], [0, 1]]
[[0.441, 11.899, 10.145, 0.79], [0.437, 12.544, 10.338, 0.75], [1, 0]]
[[0.371, 10.571, 8.429, 0.707], [0.383, 12.714, 9.571, 0.707], [0, 1]]
[[0.426, 12.342, 10.079, 0.731], [0.448, 12.976, 9.143, 0.756], [0, 1]]
[[0.429, 12.433, 11.687, 0.737], [0.457, 14.235, 8.632, 0.734], [0, 1]]
[[0.447, 12.825, 9.07, 0.768], [0.457, 14.304, 8.357, 0.729], [0, 1]]
[[0.397, 12.083, 11.542, 0.675], [0.436, 14.286, 8.571, 0.753], [1, 0]]
[[0.454, 12.982, 9.175, 0.771], [0.45, 15.632, 9.965, 0.727], [1, 0]]
[[0.443, 13.729, 9.186, 0.752], [0.45, 15.7, 10.05, 0.729], [0, 1]]
[[0.433, 13.419, 9.774, 0.696], [0.416, 13.516, 10.258, 0.73], [1, 0]]
[[0.426, 14.762, 10.667, 0.731], [0.41, 12.375, 9.708, 0.753], [1, 0]]
[[0.398, 15.1, 12.0, 0.708], [0.381, 13.8, 8.4, 0.66], [1, 0]]
[[0.441, 14.62, 9.873, 0.768], [0.444, 15.532, 10.316, 0.733], [1, 0]]
[[0.413, 13.167, 8.667, 0.669], [0.447, 14.5, 10.286, 0.679], [1, 0]]
[[0.403, 14.125, 8.875, 0.659], [0.397, 10.857, 7.0, 0.605], [1, 0]]
[[0.444, 13.828, 9.224, 0.75], [0.432, 12.787, 10.705, 0.749], [1, 0]]
[[0.417, 12.96, 9.72, 0.746], [0.43, 14.28, 9.88, 0.748], [1, 0]]
[[0.448, 12.854, 9.062, 0.774], [0.441, 13.98, 9.2, 0.755], [0, 1]]
[[0.435, 12.757, 9.081, 0.78], [0.453, 13.813, 11.013, 0.748], [1, 0]]
[[0.446, 14.984, 9.508, 0.772], [0.428, 13.034, 9.339, 0.772], [1, 0]]
[[0.4, 13.312, 11.438, 0.665], [0.412, 13.067, 9.267, 0.679], [1, 0]]
[[0.441, 14.682, 9.706, 0.768], [0.433, 14.824, 11.329, 0.758], [1, 0]]
[[0.411, 14.188, 8.438, 0.733], [0.404, 12.938, 8.75, 0.756], [1, 0]]
[[0.451, 14.0, 10.3, 0.734], [0.429, 12.5, 10.571, 0.777], [1, 0]]
[[0.423, 12.658, 9.421, 0.751], [0.448, 14.028, 10.444, 0.733], [1, 0]]
[[0.446, 13.946, 11.351, 0.768], [0.435, 13.974, 8.868, 0.745], [1, 0]]
[[0.428, 15.259, 11.537, 0.749], [0.456, 15.038, 10.481, 0.726], [1, 0]]
[[0.445, 13.059, 9.0, 0.746], [0.43, 13.17, 9.679, 0.757], [1, 0]]
[[0.417, 16.1, 10.15, 0.723], [0.449, 14.524, 10.381, 0.729], [1, 0]]
[[0.456, 12.919, 9.081, 0.751], [0.466, 13.662, 10.419, 0.756], [1, 0]]
[[0.436, 12.93, 11.281, 0.69], [0.449, 12.768, 9.089, 0.768], [0, 1]]
[[0.451, 15.333, 8.436, 0.744], [0.434, 14.561, 10.537, 0.72], [1, 0]]
[[0.41, 12.875, 9.125, 0.682], [0.394, 11.556, 10.889, 0.738], [1, 0]]
[[0.42, 12.212, 12.231, 0.721], [0.429, 13.075, 9.321, 0.772], [0, 1]]
[[0.456, 14.1, 8.614, 0.734], [0.439, 11.93, 10.141, 0.789], [1, 0]]
[[0.447, 14.929, 11.232, 0.705], [0.437, 13.673, 10.691, 0.729], [0, 1]]
[[0.444, 13.435, 10.565, 0.745], [0.433, 12.683, 10.587, 0.748], [1, 0]]
[[0.437, 13.045, 10.568, 0.739], [0.438, 14.089, 9.267, 0.751], [0, 1]]
[[0.437, 14.135, 8.865, 0.746], [0.425, 13.579, 10.711, 0.731], [1, 0]]
[[0.454, 14.932, 8.568, 0.745], [0.432, 12.87, 9.283, 0.752], [0, 1]]
[[0.446, 15.082, 11.197, 0.711], [0.448, 13.984, 11.0, 0.744], [0, 1]]
[[0.39, 15.6, 9.9, 0.701], [0.421, 13.182, 11.273, 0.705], [1, 0]]
[[0.426, 12.786, 9.357, 0.752], [0.454, 13.791, 10.209, 0.729], [1, 0]]
[[0.437, 15.417, 8.583, 0.733], [0.437, 14.333, 8.704, 0.76], [0, 1]]
[[0.449, 12.873, 8.937, 0.751], [0.443, 15.413, 10.381, 0.711], [1, 0]]
[[0.444, 14.194, 10.09, 0.736], [0.461, 15.318, 10.439, 0.731], [1, 0]]
[[0.44, 14.083, 11.278, 0.749], [0.417, 13.189, 10.351, 0.739], [1, 0]]
[[0.413, 12.444, 10.148, 0.758], [0.435, 12.769, 9.654, 0.754], [1, 0]]
[[0.436, 13.158, 9.211, 0.764], [0.423, 13.268, 10.317, 0.743], [0, 1]]
[[0.429, 12.935, 11.848, 0.689], [0.436, 14.133, 10.378, 0.745], [1, 0]]
[[0.439, 14.455, 10.621, 0.74], [0.441, 12.716, 9.776, 0.766], [1, 0]]
[[0.454, 12.694, 9.059, 0.781], [0.442, 14.118, 10.247, 0.752], [1, 0]]
[[0.436, 12.18, 10.16, 0.743], [0.426, 15.094, 11.528, 0.747], [0, 1]]
[[0.454, 13.891, 12.078, 0.78], [0.449, 14.156, 11.031, 0.745], [1, 0]]
[[0.405, 15.214, 9.357, 0.701], [0.431, 14.0, 10.875, 0.725], [0, 1]]
[[0.429, 15.05, 9.5, 0.775], [0.418, 13.333, 9.333, 0.737], [0, 1]]
[[0.439, 13.585, 10.024, 0.706], [0.457, 15.024, 10.561, 0.719], [0, 1]]
[[0.446, 15.053, 9.439, 0.773], [0.448, 13.127, 8.691, 0.748], [0, 1]]
[[0.444, 15.549, 10.39, 0.733], [0.464, 15.256, 10.598, 0.732], [0, 1]]
[[0.367, 13.875, 11.25, 0.627], [0.389, 12.143, 9.0, 0.675], [1, 0]]
[[0.437, 14.074, 11.926, 0.729], [0.447, 15.893, 10.143, 0.727], [1, 0]]
[[0.423, 15.625, 10.094, 0.712], [0.44, 14.516, 10.097, 0.762], [0, 1]]
[[0.446, 13.774, 10.887, 0.76], [0.435, 12.615, 10.446, 0.751], [0, 1]]
[[0.445, 14.983, 9.567, 0.775], [0.425, 12.276, 12.155, 0.729], [1, 0]]
[[0.454, 12.77, 9.284, 0.779], [0.457, 13.838, 11.986, 0.78], [0, 1]]
[[0.429, 13.021, 9.362, 0.772], [0.437, 14.043, 10.304, 0.743], [0, 1]]
[[0.44, 12.176, 9.541, 0.744], [0.457, 13.773, 11.987, 0.779], [0, 1]]
[[0.411, 14.389, 10.722, 0.69], [0.43, 13.2, 9.5, 0.675], [1, 0]]
[[0.447, 14.178, 10.151, 0.741], [0.454, 12.932, 9.11, 0.751], [0, 1]]
[[0.441, 13.923, 9.25, 0.754], [0.432, 13.018, 9.636, 0.759], [0, 1]]
[[0.451, 13.746, 10.775, 0.766], [0.461, 13.549, 10.507, 0.777], [1, 0]]
[[0.44, 12.208, 9.701, 0.748], [0.454, 12.779, 9.247, 0.778], [0, 1]]
[[0.449, 12.859, 9.0, 0.751], [0.443, 15.344, 10.406, 0.709], [1, 0]]
[[0.443, 13.627, 11.039, 0.756], [0.454, 15.122, 10.694, 0.722], [0, 1]]
[[0.381, 12.0, 8.625, 0.711], [0.374, 13.75, 8.125, 0.678], [1, 0]]
[[0.436, 12.176, 10.157, 0.748], [0.448, 12.882, 9.176, 0.773], [1, 0]]
[[0.386, 14.1, 10.4, 0.658], [0.383, 15.25, 10.5, 0.683], [1, 0]]
[[0.405, 12.643, 10.071, 0.726], [0.431, 14.154, 9.846, 0.671], [0, 1]]
[[0.444, 15.342, 10.616, 0.716], [0.447, 13.438, 10.356, 0.75], [0, 1]]
[[0.453, 12.787, 9.333, 0.777], [0.445, 14.12, 10.013, 0.751], [1, 0]]
[[0.442, 13.51, 10.959, 0.754], [0.44, 14.104, 9.25, 0.756], [0, 1]]
[[0.211, 9.0, 4.0, 0.352], [0.213, 10.0, 10.5, 0.455], [0, 1]]
[[0.428, 14.24, 10.52, 0.709], [0.422, 13.0, 8.815, 0.748], [1, 0]]
[[0.333, 12.4, 8.0, 0.682], [0.305, 9.25, 8.25, 0.614], [1, 0]]
[[0.422, 15.414, 9.828, 0.711], [0.415, 12.536, 10.286, 0.757], [0, 1]]
[[0.431, 12.37, 11.726, 0.741], [0.448, 14.162, 10.176, 0.74], [0, 1]]
[[0.439, 14.065, 9.283, 0.752], [0.45, 13.457, 9.717, 0.771], [0, 1]]
[[0.442, 14.853, 9.691, 0.77], [0.438, 14.478, 10.567, 0.737], [1, 0]]
[[0.442, 13.4, 10.863, 0.75], [0.464, 15.139, 10.456, 0.731], [1, 0]]
[[0.433, 12.36, 9.186, 0.787], [0.456, 12.605, 9.593, 0.75], [1, 0]]
[[0.436, 12.093, 10.259, 0.787], [0.44, 13.98, 9.294, 0.758], [0, 1]]
[[0.439, 14.456, 10.574, 0.737], [0.433, 15.029, 11.382, 0.751], [1, 0]]
[[0.451, 15.698, 9.674, 0.724], [0.448, 13.419, 9.721, 0.767], [0, 1]]
[[0.429, 13.125, 9.339, 0.774], [0.464, 13.596, 9.982, 0.756], [1, 0]]
[[0.425, 12.098, 11.902, 0.728], [0.449, 14.41, 9.967, 0.743], [0, 1]]
[[0.443, 14.28, 10.04, 0.737], [0.442, 13.451, 9.765, 0.706], [0, 1]]
[[0.45, 12.797, 9.034, 0.768], [0.457, 13.1, 9.967, 0.779], [0, 1]]
[[0.441, 13.718, 11.128, 0.748], [0.445, 12.59, 8.949, 0.727], [1, 0]]
[[0.43, 14.526, 10.368, 0.723], [0.446, 15.436, 10.615, 0.706], [0, 1]]
[[0.446, 13.258, 10.5, 0.747], [0.446, 15.303, 10.182, 0.729], [1, 0]]
[[0.45, 13.042, 9.042, 0.776], [0.439, 14.444, 10.375, 0.741], [0, 1]]
[[0.433, 12.582, 9.139, 0.784], [0.44, 12.125, 10.025, 0.793], [1, 0]]
[[0.426, 12.615, 7.923, 0.701], [0.425, 12.769, 11.231, 0.745], [0, 1]]
[[0.434, 14.467, 10.267, 0.763], [0.452, 15.9, 10.067, 0.718], [1, 0]]
[[0.431, 12.927, 9.366, 0.766], [0.445, 13.705, 10.705, 0.75], [0, 1]]
[[0.395, 14.0, 8.444, 0.748], [0.388, 13.714, 8.0, 0.68], [1, 0]]
[[0.432, 13.0, 9.31, 0.769], [0.436, 14.357, 10.476, 0.749], [1, 0]]
[[0.44, 12.444, 9.365, 0.746], [0.462, 13.769, 10.554, 0.752], [1, 0]]
[[0.446, 14.025, 11.525, 0.775], [0.446, 13.25, 9.5, 0.763], [1, 0]]
[[0.422, 14.0, 9.364, 0.645], [0.396, 12.75, 8.917, 0.71], [1, 0]]
[[0.455, 13.775, 10.6, 0.763], [0.454, 12.709, 9.127, 0.778], [1, 0]]
[[0.428, 12.256, 10.116, 0.729], [0.418, 12.318, 12.727, 0.715], [0, 1]]
[[0.419, 13.5, 9.889, 0.724], [0.406, 12.944, 9.0, 0.752], [0, 1]]
[[0.347, 10.25, 6.5, 0.478], [0.366, 10.5, 10.25, 0.523], [1, 0]]
[[0.452, 13.737, 10.697, 0.762], [0.444, 14.224, 10.224, 0.739], [1, 0]]
[[0.422, 12.562, 9.938, 0.69], [0.401, 13.0, 10.529, 0.719], [0, 1]]
[[0.451, 13.041, 9.014, 0.778], [0.44, 12.205, 9.507, 0.743], [0, 1]]
[[0.434, 14.485, 10.485, 0.717], [0.446, 14.143, 10.086, 0.757], [0, 1]]
[[0.205, 11.0, 7.0, 0.435], [0.23, 8.5, 5.0, 0.481], [0, 1]]
[[0.443, 13.475, 10.623, 0.745], [0.443, 13.633, 9.1, 0.752], [0, 1]]
[[0.441, 13.355, 10.737, 0.748], [0.462, 15.107, 10.6, 0.729], [1, 0]]
[[0.409, 12.389, 10.0, 0.718], [0.407, 12.562, 8.562, 0.721], [1, 0]]
[[0.356, 13.571, 11.429, 0.64], [0.348, 12.571, 10.714, 0.632], [1, 0]]
[[0.45, 14.545, 9.545, 0.78], [0.432, 13.478, 10.565, 0.732], [1, 0]]
[[0.346, 12.833, 9.333, 0.697], [0.37, 11.2, 6.4, 0.662], [1, 0]]
[[0.438, 14.877, 10.877, 0.729], [0.447, 13.0, 8.842, 0.744], [0, 1]]
[[0.447, 15.318, 10.818, 0.708], [0.441, 13.548, 10.0, 0.707], [0, 1]]
[[0.454, 13.803, 10.987, 0.748], [0.444, 15.539, 10.408, 0.733], [1, 0]]
[[0.42, 13.5, 10.625, 0.716], [0.436, 14.294, 10.471, 0.733], [0, 1]]
[[0.441, 11.941, 10.147, 0.791], [0.444, 13.446, 9.815, 0.716], [0, 1]]
[[0.395, 14.25, 12.125, 0.665], [0.419, 14.625, 10.875, 0.615], [1, 0]]
[[0.453, 12.87, 9.338, 0.751], [0.442, 13.397, 10.756, 0.748], [0, 1]]
[[0.443, 14.27, 10.203, 0.739], [0.463, 13.581, 10.473, 0.774], [1, 0]]
[[0.45, 13.041, 8.973, 0.777], [0.44, 11.895, 10.053, 0.789], [1, 0]]
[[0.429, 12.853, 9.618, 0.758], [0.446, 13.886, 11.257, 0.767], [0, 1]]
[[0.443, 13.36, 9.74, 0.705], [0.453, 13.192, 9.731, 0.771], [0, 1]]
[[0.405, 12.067, 12.467, 0.683], [0.421, 12.818, 9.515, 0.75], [1, 0]]
[[0.462, 13.803, 10.311, 0.751], [0.445, 13.533, 9.867, 0.714], [0, 1]]
[[0.439, 14.632, 11.579, 0.722], [0.447, 14.632, 10.684, 0.725], [1, 0]]
[[0.443, 12.765, 10.741, 0.71], [0.457, 14.238, 8.875, 0.738], [1, 0]]
[[0.436, 12.909, 11.382, 0.689], [0.44, 13.091, 10.6, 0.747], [0, 1]]
[[0.185, 7.0, 8.5, 0.334], [0.197, 8.5, 7.5, 0.3], [1, 0]]
[[0.444, 14.509, 9.818, 0.738], [0.439, 14.893, 10.714, 0.73], [0, 1]]
[[0.446, 15.4, 10.8, 0.71], [0.434, 14.171, 9.268, 0.747], [1, 0]]
[[0.443, 14.389, 9.907, 0.74], [0.433, 12.947, 9.772, 0.76], [1, 0]]
[[0.419, 13.69, 11.931, 0.667], [0.399, 12.04, 11.84, 0.672], [1, 0]]
[[0.443, 14.645, 9.194, 0.79], [0.426, 13.548, 10.516, 0.735], [1, 0]]
[[0.441, 13.432, 10.989, 0.754], [0.448, 13.114, 9.841, 0.705], [1, 0]]
[[0.438, 12.018, 10.327, 0.746], [0.456, 13.93, 11.667, 0.777], [1, 0]]
[[0.367, 12.0, 7.0, 0.703], [0.328, 11.8, 9.4, 0.627], [1, 0]]
[[0.423, 13.1, 7.9, 0.692], [0.409, 14.417, 10.75, 0.727], [1, 0]]
[[0.329, 11.0, 8.75, 0.589], [0.277, 13.0, 5.75, 0.557], [0, 1]]
[[0.448, 13.407, 10.481, 0.752], [0.454, 12.675, 9.113, 0.779], [1, 0]]
[[0.424, 13.128, 12.128, 0.674], [0.448, 12.878, 9.146, 0.755], [0, 1]]
[[0.417, 14.933, 10.067, 0.675], [0.398, 11.6, 10.733, 0.718], [0, 1]]
[[0.449, 12.87, 8.957, 0.776], [0.441, 13.254, 10.69, 0.747], [0, 1]]
[[0.454, 15.143, 8.643, 0.742], [0.445, 12.886, 8.773, 0.743], [1, 0]]
[[0.347, 13.167, 10.0, 0.61], [0.399, 14.167, 9.333, 0.672], [1, 0]]
[[0.449, 14.458, 9.864, 0.741], [0.441, 15.533, 10.4, 0.709], [1, 0]]
[[0.448, 15.4, 10.24, 0.719], [0.42, 13.04, 10.64, 0.72], [0, 1]]
[[0.415, 12.793, 9.621, 0.752], [0.437, 12.808, 8.154, 0.707], [1, 0]]
[[0.437, 13.051, 11.153, 0.693], [0.44, 15.586, 10.586, 0.707], [1, 0]]
[[0.396, 13.692, 10.308, 0.634], [0.413, 12.714, 9.286, 0.722], [1, 0]]
[[0.426, 14.259, 10.556, 0.722], [0.434, 14.033, 8.633, 0.76], [0, 1]]
[[0.448, 12.792, 9.208, 0.771], [0.439, 14.057, 10.094, 0.744], [1, 0]]
[[0.457, 13.818, 11.922, 0.777], [0.446, 13.421, 9.895, 0.715], [1, 0]]
[[0.442, 11.985, 10.149, 0.751], [0.444, 14.162, 10.059, 0.738], [0, 1]]
[[0.462, 13.714, 10.429, 0.752], [0.445, 13.429, 10.524, 0.745], [1, 0]]
[[0.431, 14.312, 10.438, 0.745], [0.426, 13.528, 10.694, 0.736], [1, 0]]
[[0.256, 11.0, 7.333, 0.486], [0.231, 9.0, 9.667, 0.555], [0, 1]]
[[0.43, 13.521, 9.604, 0.76], [0.427, 13.25, 10.354, 0.742], [1, 0]]
[[0.454, 12.868, 9.303, 0.752], [0.464, 15.156, 10.494, 0.732], [1, 0]]
[[0.449, 15.077, 11.115, 0.711], [0.456, 13.756, 12.051, 0.779], [1, 0]]
[[0.417, 13.947, 9.895, 0.725], [0.432, 14.421, 9.895, 0.755], [0, 1]]
[[0.433, 13.333, 9.056, 0.676], [0.419, 13.0, 9.111, 0.733], [1, 0]]
[[0.427, 14.933, 9.333, 0.768], [0.445, 15.077, 10.154, 0.673], [1, 0]]
[[0.426, 15.722, 8.556, 0.725], [0.447, 15.476, 9.81, 0.72], [1, 0]]
[[0.462, 13.734, 10.531, 0.752], [0.46, 13.359, 10.078, 0.776], [0, 1]]
[[0.447, 13.672, 10.787, 0.759], [0.456, 13.952, 12.048, 0.779], [1, 0]]
[[0.448, 14.338, 9.897, 0.743], [0.435, 12.868, 9.088, 0.779], [0, 1]]
[[0.397, 14.182, 10.182, 0.682], [0.401, 13.2, 8.3, 0.702], [1, 0]]
[[0.383, 14.5, 10.4, 0.65], [0.393, 11.222, 8.667, 0.671], [1, 0]]
[[0.443, 14.771, 9.629, 0.772], [0.449, 13.4, 10.443, 0.75], [1, 0]]
[[0.314, 11.5, 8.75, 0.553], [0.305, 10.0, 10.75, 0.495], [1, 0]]
[[0.445, 14.919, 9.645, 0.774], [0.446, 13.767, 10.9, 0.759], [0, 1]]
[[0.402, 13.4, 10.6, 0.683], [0.441, 15.091, 10.091, 0.655], [0, 1]]
[[0.211, 9.0, 4.0, 0.352], [0.195, 6.5, 6.0, 0.457], [0, 1]]
[[0.444, 12.805, 10.753, 0.706], [0.443, 12.805, 9.818, 0.771], [0, 1]]
[[0.432, 15.5, 10.478, 0.704], [0.425, 15.174, 11.609, 0.747], [0, 1]]
[[0.432, 15.059, 9.294, 0.781], [0.418, 16.267, 9.8, 0.708], [1, 0]]
[[0.432, 13.431, 9.647, 0.758], [0.448, 15.74, 9.84, 0.727], [1, 0]]
[[0.445, 14.446, 9.875, 0.74], [0.441, 15.614, 10.596, 0.707], [1, 0]]
[[0.382, 13.556, 11.333, 0.642], [0.438, 15.1, 10.2, 0.64], [0, 1]]
[[0.44, 11.982, 10.281, 0.743], [0.43, 13.14, 9.316, 0.773], [1, 0]]
[[0.445, 15.018, 11.193, 0.707], [0.449, 15.696, 10.0, 0.728], [1, 0]]
[[0.417, 13.0, 9.55, 0.734], [0.427, 14.5, 9.7, 0.758], [1, 0]]
[[0.461, 15.418, 10.433, 0.731], [0.438, 12.594, 10.261, 0.751], [1, 0]]
[[0.395, 14.857, 10.429, 0.699], [0.443, 14.467, 10.267, 0.694], [0, 1]]
[[0.197, 4.0, 5.5, 0.38], [0.246, 6.5, 1.0, 0.476], [0, 1]]
[[0.389, 13.0, 9.636, 0.695], [0.416, 14.4, 8.5, 0.634], [0, 1]]
[[0.443, 14.789, 9.62, 0.769], [0.449, 15.099, 11.211, 0.711], [1, 0]]
[[0.424, 15.093, 11.558, 0.748], [0.429, 13.455, 9.5, 0.758], [0, 1]]
[[0.451, 12.954, 9.138, 0.774], [0.461, 13.288, 10.0, 0.78], [1, 0]]
[[0.46, 13.635, 10.173, 0.746], [0.455, 15.059, 10.549, 0.724], [1, 0]]
[[0.447, 12.154, 10.051, 0.746], [0.433, 12.727, 9.091, 0.784], [1, 0]]
[[0.453, 13.0, 9.19, 0.767], [0.457, 15.228, 10.456, 0.727], [1, 0]]
[[0.454, 12.867, 9.213, 0.751], [0.438, 12.684, 10.329, 0.75], [0, 1]]
[[0.43, 12.467, 8.0, 0.725], [0.428, 14.214, 9.929, 0.686], [1, 0]]
[[0.457, 14.266, 8.848, 0.738], [0.464, 13.658, 10.557, 0.751], [1, 0]]
[[0.436, 13.34, 10.76, 0.733], [0.452, 13.28, 9.76, 0.772], [1, 0]]
[[0.333, 14.0, 7.25, 0.635], [0.327, 11.75, 8.75, 0.658], [0, 1]]
[[0.442, 14.372, 10.558, 0.745], [0.44, 12.198, 9.663, 0.751], [0, 1]]
[[0.283, 12.333, 12.333, 0.472], [0.31, 11.667, 8.333, 0.581], [0, 1]]
[[0.439, 13.059, 8.794, 0.76], [0.433, 13.257, 9.257, 0.75], [1, 0]]
[[0.413, 12.8, 6.6, 0.688], [0.379, 12.636, 10.818, 0.689], [0, 1]]
[[0.453, 12.709, 9.128, 0.781], [0.443, 14.058, 10.209, 0.752], [1, 0]]
[[0.434, 14.188, 10.438, 0.743], [0.448, 14.529, 10.118, 0.703], [0, 1]]
[[0.449, 14.0, 11.565, 0.773], [0.43, 13.543, 9.674, 0.759], [1, 0]]
[[0.426, 12.366, 9.951, 0.725], [0.454, 13.773, 10.114, 0.728], [1, 0]]
[[0.443, 11.971, 10.043, 0.754], [0.449, 14.406, 9.884, 0.743], [1, 0]]
[[0.43, 13.032, 9.286, 0.775], [0.46, 13.354, 10.015, 0.777], [1, 0]]
[[0.45, 15.075, 11.062, 0.712], [0.444, 15.575, 10.438, 0.734], [0, 1]]
[[0.435, 13.88, 11.92, 0.729], [0.419, 15.875, 10.542, 0.718], [1, 0]]
[[0.408, 12.684, 10.158, 0.712], [0.431, 13.158, 9.526, 0.667], [0, 1]]
[[0.448, 12.956, 9.044, 0.776], [0.462, 15.309, 10.382, 0.732], [1, 0]]
[[0.446, 12.933, 8.95, 0.75], [0.441, 12.032, 10.161, 0.789], [1, 0]]
[[0.434, 13.04, 8.24, 0.703], [0.447, 14.5, 10.038, 0.706], [1, 0]]
[[0.423, 14.8, 10.75, 0.727], [0.452, 14.625, 10.542, 0.725], [0, 1]]
[[0.442, 12.864, 9.802, 0.766], [0.447, 13.383, 9.864, 0.709], [0, 1]]
[[0.447, 12.966, 8.898, 0.747], [0.432, 15.279, 11.344, 0.752], [0, 1]]
[[0.424, 12.487, 10.077, 0.729], [0.445, 15.381, 10.881, 0.708], [1, 0]]
[[0.324, 12.75, 7.75, 0.62], [0.267, 8.667, 8.0, 0.509], [1, 0]]
[[0.433, 15.06, 11.299, 0.75], [0.444, 15.242, 11.197, 0.712], [0, 1]]
[[0.433, 12.14, 10.54, 0.786], [0.45, 15.673, 9.816, 0.726], [1, 0]]
[[0.444, 12.659, 10.706, 0.71], [0.449, 12.118, 9.918, 0.743], [0, 1]]
[[0.449, 12.828, 9.069, 0.768], [0.456, 13.831, 11.729, 0.78], [1, 0]]
[[0.371, 12.429, 9.429, 0.692], [0.381, 14.429, 10.0, 0.731], [0, 1]]
[[0.392, 12.444, 8.889, 0.711], [0.385, 11.2, 9.7, 0.708], [1, 0]]
[[0.428, 12.294, 8.588, 0.73], [0.428, 13.353, 9.176, 0.679], [0, 1]]
[[0.445, 13.712, 10.966, 0.758], [0.457, 13.967, 11.8, 0.778], [1, 0]]
[[0.432, 14.412, 10.265, 0.745], [0.443, 15.351, 10.757, 0.704], [0, 1]]
[[0.448, 14.548, 9.595, 0.785], [0.452, 13.952, 10.262, 0.729], [1, 0]]
[[0.451, 14.247, 10.117, 0.74], [0.455, 13.831, 10.961, 0.746], [0, 1]]
[[0.414, 11.786, 8.571, 0.763], [0.406, 15.0, 10.071, 0.715], [1, 0]]
[[0.43, 12.806, 9.556, 0.761], [0.453, 15.846, 9.641, 0.726], [0, 1]]
[[0.393, 13.417, 10.667, 0.631], [0.395, 12.5, 9.833, 0.666], [1, 0]]
[[0.441, 14.122, 10.122, 0.736], [0.454, 13.923, 11.673, 0.777], [0, 1]]
[[0.423, 12.826, 9.174, 0.709], [0.419, 14.667, 10.458, 0.709], [1, 0]]
[[0.433, 12.72, 9.08, 0.782], [0.444, 15.224, 10.579, 0.723], [1, 0]]
[[0.399, 14.333, 8.583, 0.7], [0.416, 13.364, 7.909, 0.722], [1, 0]]
[[0.172, 8.0, 7.5, 0.327], [0.443, 13.482, 10.867, 0.753], [0, 1]]
[[0.443, 12.619, 8.857, 0.739], [0.449, 13.93, 11.605, 0.772], [0, 1]]
[[0.445, 15.071, 9.429, 0.775], [0.421, 12.208, 12.208, 0.725], [1, 0]]
[[0.419, 15.348, 9.565, 0.715], [0.417, 12.957, 9.435, 0.729], [0, 1]]
[[0.433, 12.887, 11.623, 0.685], [0.439, 14.962, 10.808, 0.728], [0, 1]]
[[0.438, 12.846, 8.885, 0.756], [0.428, 14.28, 10.52, 0.738], [1, 0]]
[[0.432, 15.233, 11.3, 0.753], [0.445, 13.814, 11.0, 0.746], [1, 0]]
[[0.439, 14.909, 10.709, 0.731], [0.455, 13.964, 11.643, 0.775], [1, 0]]
[[0.375, 13.667, 7.667, 0.627], [0.362, 14.5, 10.833, 0.68], [0, 1]]
[[0.45, 13.079, 8.889, 0.774], [0.46, 15.349, 10.492, 0.731], [1, 0]]
[[0.442, 12.095, 10.206, 0.749], [0.445, 13.953, 9.281, 0.752], [0, 1]]
[[0.462, 13.836, 10.448, 0.753], [0.451, 14.044, 11.088, 0.745], [0, 1]]
[[0.434, 14.851, 11.378, 0.753], [0.443, 15.378, 10.392, 0.732], [1, 0]]
[[0.451, 13.296, 9.284, 0.775], [0.443, 15.519, 10.469, 0.734], [0, 1]]
[[0.426, 12.525, 10.575, 0.778], [0.446, 14.0, 10.7, 0.747], [1, 0]]
[[0.454, 14.926, 10.37, 0.724], [0.436, 12.963, 9.815, 0.761], [0, 1]]
[[0.457, 14.176, 8.541, 0.739], [0.44, 12.676, 10.324, 0.752], [1, 0]]
[[0.44, 13.842, 11.184, 0.749], [0.458, 15.105, 10.5, 0.721], [1, 0]]
[[0.415, 15.143, 9.643, 0.672], [0.408, 14.429, 8.786, 0.711], [0, 1]]
[[0.454, 12.643, 9.131, 0.78], [0.444, 14.131, 10.179, 0.754], [1, 0]]
[[0.196, 9.0, 6.5, 0.318], [0.235, 4.0, 3.0, 0.339], [1, 0]]
[[0.399, 12.947, 10.368, 0.728], [0.443, 15.167, 9.833, 0.708], [0, 1]]
[[0.44, 13.284, 10.824, 0.747], [0.445, 13.361, 9.653, 0.713], [0, 1]]
[[0.45, 12.953, 8.812, 0.774], [0.431, 13.0, 9.234, 0.775], [0, 1]]
[[0.448, 15.196, 10.957, 0.707], [0.442, 13.652, 10.826, 0.749], [1, 0]]
[[0.439, 12.906, 11.141, 0.694], [0.441, 13.262, 10.708, 0.738], [1, 0]]
[[0.443, 12.875, 10.764, 0.695], [0.452, 13.903, 10.944, 0.747], [1, 0]]
[[0.455, 13.679, 10.679, 0.764], [0.445, 14.099, 10.111, 0.757], [1, 0]]
[[0.444, 12.842, 10.789, 0.704], [0.456, 13.842, 12.013, 0.777], [1, 0]]
[[0.431, 13.0, 9.311, 0.77], [0.433, 12.255, 10.34, 0.784], [1, 0]]
[[0.443, 14.178, 10.041, 0.752], [0.438, 12.69, 10.296, 0.755], [0, 1]]
[[0.355, 9.833, 8.833, 0.717], [0.344, 11.5, 8.833, 0.649], [1, 0]]
[[0.367, 11.4, 5.2, 0.606], [0.317, 12.8, 11.6, 0.6], [0, 1]]
[[0.349, 13.2, 7.0, 0.597], [0.289, 10.75, 10.0, 0.604], [1, 0]]
[[0.417, 14.76, 10.4, 0.713], [0.443, 14.6, 10.12, 0.705], [1, 0]]
[[0.418, 12.733, 9.567, 0.726], [0.452, 16.029, 10.059, 0.72], [1, 0]]
[[0.419, 12.289, 12.578, 0.715], [0.443, 12.87, 8.957, 0.741], [0, 1]]
[[0.427, 13.286, 10.857, 0.738], [0.396, 11.643, 10.143, 0.712], [0, 1]]
[[0.447, 14.122, 11.561, 0.77], [0.432, 13.585, 9.512, 0.751], [1, 0]]
[[0.435, 14.667, 11.0, 0.75], [0.447, 14.609, 10.609, 0.724], [1, 0]]
[[0.449, 12.935, 8.935, 0.772], [0.441, 14.111, 10.254, 0.741], [0, 1]]
[[0.421, 13.333, 12.0, 0.671], [0.424, 12.618, 10.353, 0.772], [0, 1]]
[[0.437, 12.875, 9.275, 0.767], [0.428, 12.875, 9.45, 0.764], [1, 0]]
[[0.433, 12.536, 9.119, 0.785], [0.456, 12.643, 9.643, 0.751], [0, 1]]
[[0.455, 14.215, 8.631, 0.733], [0.443, 14.258, 10.121, 0.737], [0, 1]]
[[0.437, 14.452, 10.097, 0.712], [0.443, 12.833, 8.167, 0.717], [0, 1]]
[[0.433, 12.691, 9.473, 0.743], [0.442, 14.036, 9.196, 0.753], [1, 0]]
[[0.432, 13.353, 10.5, 0.737], [0.425, 13.629, 10.771, 0.737], [0, 1]]
[[0.368, 11.6, 7.2, 0.596], [0.354, 12.833, 10.167, 0.716], [1, 0]]
[[0.38, 11.333, 10.917, 0.592], [0.428, 14.417, 9.5, 0.663], [1, 0]]
[[0.404, 13.5, 8.25, 0.69], [0.416, 12.667, 10.667, 0.705], [0, 1]]
[[0.438, 12.443, 9.443, 0.744], [0.441, 13.266, 10.828, 0.734], [1, 0]]
[[0.434, 13.962, 12.038, 0.727], [0.432, 14.346, 9.808, 0.75], [0, 1]]
[[0.434, 14.988, 11.338, 0.755], [0.458, 13.887, 10.738, 0.748], [1, 0]]
[[0.44, 13.8, 11.356, 0.756], [0.434, 14.75, 10.841, 0.724], [1, 0]]
[[0.416, 12.513, 12.564, 0.72], [0.43, 15.643, 10.571, 0.709], [1, 0]]
[[0.449, 15.638, 9.966, 0.727], [0.445, 13.491, 9.772, 0.71], [0, 1]]
[[0.429, 12.382, 11.75, 0.741], [0.463, 13.739, 10.522, 0.756], [1, 0]]
[[0.411, 12.478, 9.826, 0.762], [0.414, 12.913, 9.217, 0.746], [0, 1]]
[[0.39, 11.7, 9.3, 0.655], [0.388, 11.273, 9.909, 0.696], [1, 0]]
[[0.399, 11.8, 8.5, 0.701], [0.369, 14.556, 8.889, 0.647], [1, 0]]
[[0.444, 12.667, 10.702, 0.712], [0.448, 12.119, 9.964, 0.746], [0, 1]]
[[0.421, 13.135, 12.189, 0.671], [0.424, 15.25, 10.917, 0.74], [1, 0]]
[[0.449, 12.837, 9.07, 0.758], [0.429, 13.442, 9.465, 0.754], [1, 0]]
[[0.423, 12.632, 9.263, 0.7], [0.417, 15.0, 8.375, 0.73], [0, 1]]
[[0.446, 14.378, 9.432, 0.793], [0.424, 12.676, 10.514, 0.771], [0, 1]]
[[0.444, 13.576, 9.898, 0.712], [0.457, 15.103, 10.466, 0.729], [1, 0]]
[[0.412, 14.4, 10.6, 0.711], [0.421, 14.944, 9.833, 0.727], [1, 0]]
[[0.443, 14.891, 9.703, 0.77], [0.444, 13.484, 9.903, 0.716], [1, 0]]
[[0.443, 14.383, 10.519, 0.743], [0.462, 13.679, 10.63, 0.75], [1, 0]]
[[0.46, 13.736, 10.151, 0.749], [0.437, 15.462, 10.635, 0.703], [0, 1]]
[[0.447, 13.367, 9.924, 0.713], [0.437, 12.671, 10.354, 0.752], [1, 0]]
[[0.39, 14.545, 8.545, 0.681], [0.413, 12.091, 9.455, 0.667], [1, 0]]
[[0.458, 14.74, 8.48, 0.738], [0.429, 13.077, 9.308, 0.771], [0, 1]]
[[0.444, 14.366, 10.488, 0.743], [0.174, 9.0, 9.0, 0.452], [1, 0]]
[[0.442, 15.074, 8.333, 0.749], [0.45, 14.828, 10.552, 0.735], [1, 0]]
[[0.444, 15.361, 10.639, 0.702], [0.444, 12.917, 9.139, 0.754], [0, 1]]
[[0.435, 14.812, 10.75, 0.726], [0.439, 13.143, 10.735, 0.741], [1, 0]]
[[0.445, 14.342, 10.19, 0.737], [0.454, 12.718, 9.179, 0.779], [0, 1]]
[[0.412, 12.385, 10.0, 0.755], [0.424, 12.962, 10.5, 0.727], [1, 0]]
[[0.457, 14.183, 8.567, 0.733], [0.442, 15.459, 10.328, 0.707], [1, 0]]
[[0.451, 15.012, 11.145, 0.711], [0.263, 7.5, 3.0, 0.339], [1, 0]]
[[0.448, 15.021, 10.915, 0.706], [0.431, 13.553, 9.638, 0.759], [1, 0]]
[[0.408, 14.294, 10.471, 0.704], [0.433, 14.588, 10.176, 0.752], [1, 0]]
[[0.422, 15.421, 10.526, 0.707], [0.444, 13.361, 9.528, 0.761], [1, 0]]
[[0.418, 12.255, 12.511, 0.716], [0.441, 13.327, 9.735, 0.702], [0, 1]]
[[0.442, 14.603, 9.833, 0.769], [0.446, 12.091, 9.987, 0.75], [0, 1]]
[[0.443, 12.782, 10.756, 0.708], [0.431, 12.273, 11.623, 0.744], [1, 0]]
[[0.446, 13.923, 11.538, 0.776], [0.431, 13.659, 10.488, 0.736], [0, 1]]
[[0.433, 14.229, 10.486, 0.718], [0.442, 12.543, 8.714, 0.723], [0, 1]]
[[0.421, 12.733, 10.0, 0.682], [0.401, 14.533, 10.333, 0.693], [1, 0]]
[[0.458, 14.635, 8.365, 0.738], [0.443, 13.727, 11.145, 0.749], [0, 1]]
[[0.446, 15.0, 8.333, 0.733], [0.433, 13.455, 9.788, 0.699], [0, 1]]
[[0.434, 12.575, 9.15, 0.785], [0.463, 13.662, 10.625, 0.749], [1, 0]]
[[0.437, 12.96, 8.92, 0.749], [0.425, 12.815, 10.296, 0.729], [0, 1]]
[[0.451, 12.956, 9.074, 0.752], [0.448, 13.353, 10.515, 0.747], [1, 0]]
[[0.441, 14.679, 9.786, 0.766], [0.434, 14.833, 11.345, 0.756], [1, 0]]
[[0.432, 12.865, 11.635, 0.688], [0.436, 12.151, 10.377, 0.785], [1, 0]]
[[0.45, 13.0, 9.042, 0.777], [0.453, 12.944, 9.113, 0.754], [0, 1]]
[[0.439, 14.021, 10.298, 0.744], [0.453, 13.286, 9.796, 0.77], [1, 0]]
[[0.451, 13.729, 10.786, 0.765], [0.452, 12.786, 9.229, 0.778], [0, 1]]
[[0.429, 13.045, 12.045, 0.682], [0.442, 12.767, 9.419, 0.775], [0, 1]]
[[0.437, 12.212, 10.192, 0.747], [0.456, 15.075, 10.434, 0.724], [1, 0]]
[[0.445, 13.7, 11.04, 0.757], [0.457, 14.854, 8.479, 0.74], [1, 0]]
[[0.438, 14.981, 10.755, 0.727], [0.428, 13.0, 10.473, 0.743], [1, 0]]
[[0.436, 12.149, 10.149, 0.737], [0.45, 12.917, 9.167, 0.761], [1, 0]]
[[0.409, 12.061, 12.576, 0.696], [0.422, 12.611, 9.556, 0.758], [1, 0]]
[[0.439, 14.944, 10.741, 0.728], [0.429, 13.037, 9.37, 0.771], [0, 1]]
[[0.449, 14.343, 9.943, 0.741], [0.442, 12.329, 9.357, 0.748], [0, 1]]
[[0.433, 14.214, 10.286, 0.755], [0.431, 13.63, 10.0, 0.701], [0, 1]]
[[0.408, 12.846, 10.077, 0.676], [0.418, 14.154, 10.385, 0.734], [1, 0]]
[[0.445, 13.062, 8.917, 0.744], [0.443, 13.58, 10.9, 0.755], [1, 0]]
[[0.369, 11.5, 10.25, 0.553], [0.333, 12.833, 9.5, 0.638], [0, 1]]
[[0.333, 13.0, 9.6, 0.568], [0.314, 11.6, 9.0, 0.614], [1, 0]]
[[0.442, 14.597, 9.896, 0.767], [0.44, 12.16, 9.52, 0.745], [0, 1]]
[[0.434, 14.207, 8.621, 0.759], [0.422, 13.214, 8.893, 0.754], [0, 1]]
[[0.445, 13.413, 9.8, 0.714], [0.463, 13.553, 10.434, 0.776], [1, 0]]
[[0.427, 12.531, 11.797, 0.733], [0.451, 12.879, 9.136, 0.775], [0, 1]]
[[0.421, 12.314, 12.314, 0.719], [0.454, 13.113, 9.811, 0.774], [0, 1]]
[[0.377, 11.4, 5.2, 0.586], [0.369, 13.6, 8.8, 0.693], [0, 1]]
[[0.439, 12.864, 11.076, 0.694], [0.432, 12.954, 9.231, 0.776], [0, 1]]
[[0.195, 6.5, 6.0, 0.457], [0.229, 4.0, 3.0, 0.419], [1, 0]]
[[0.446, 13.585, 11.075, 0.759], [0.449, 15.618, 9.945, 0.73], [1, 0]]
[[0.439, 14.462, 10.646, 0.737], [0.451, 12.922, 9.172, 0.774], [1, 0]]
[[0.444, 14.169, 10.197, 0.737], [0.453, 13.93, 10.958, 0.747], [1, 0]]
[[0.439, 11.935, 10.104, 0.789], [0.444, 12.829, 9.789, 0.773], [0, 1]]
[[0.427, 15.586, 10.241, 0.735], [0.436, 12.966, 9.552, 0.763], [1, 0]]
[[0.458, 14.123, 8.493, 0.737], [0.463, 13.603, 10.521, 0.773], [0, 1]]
[[0.455, 13.835, 12.247, 0.77], [0.44, 12.847, 9.882, 0.766], [0, 1]]
[[0.44, 14.333, 10.121, 0.716], [0.45, 14.152, 10.182, 0.723], [1, 0]]
[[0.464, 13.586, 10.017, 0.756], [0.441, 13.638, 10.603, 0.731], [0, 1]]
[[0.451, 15.024, 11.11, 0.712], [0.464, 13.793, 10.439, 0.777], [1, 0]]
[[0.197, 8.5, 7.5, 0.3], [0.433, 12.554, 9.145, 0.785], [0, 1]]
[[0.419, 15.405, 10.486, 0.709], [0.437, 13.361, 9.972, 0.71], [0, 1]]
[[0.455, 13.894, 11.955, 0.782], [0.461, 13.448, 10.09, 0.779], [0, 1]]
[[0.446, 13.596, 11.135, 0.758], [0.447, 14.964, 11.145, 0.704], [1, 0]]
[[0.431, 14.625, 10.042, 0.783], [0.417, 12.958, 9.083, 0.748], [1, 0]]
[[0.441, 14.663, 9.674, 0.769], [0.433, 14.826, 11.279, 0.758], [0, 1]]
[[0.447, 15.057, 8.343, 0.741], [0.423, 12.821, 9.359, 0.756], [0, 1]]
[[0.367, 14.0, 11.143, 0.623], [0.378, 11.857, 7.0, 0.702], [1, 0]]
[[0.434, 14.87, 9.609, 0.781], [0.405, 12.95, 9.45, 0.736], [1, 0]]
[[0.439, 12.056, 10.259, 0.747], [0.421, 12.222, 12.259, 0.722], [1, 0]]
[[0.452, 13.783, 10.841, 0.764], [0.442, 12.786, 9.714, 0.766], [1, 0]]
[[0.313, 11.2, 9.4, 0.602], [0.377, 10.4, 6.6, 0.647], [1, 0]]
[[0.447, 13.438, 10.512, 0.751], [0.456, 13.747, 12.025, 0.777], [0, 1]]
[[0.446, 15.437, 10.662, 0.714], [0.433, 14.901, 11.394, 0.752], [0, 1]]
