[[0.424, 14.143, 11.286, 0.707], [0.409, 14.368, 11.316, 0.737], [1, 0]]
[[0.454, 14.018, 11.632, 0.737], [0.463, 13.155, 11.741, 0.75], [0, 1]]
[[0.466, 15.0, 9.167, 0.72], [0.443, 13.316, 10.789, 0.743], [0, 1]]
[[0.417, 13.677, 11.0, 0.735], [0.426, 13.8, 11.467, 0.717], [0, 1]]
[[0.329, 10.4, 9.4, 0.532], [0.307, 14.5, 9.25, 0.496], [1, 0]]
[[0.459, 12.127, 11.468, 0.743], [0.456, 13.418, 11.658, 0.738], [0, 1]]
[[0.443, 14.132, 11.283, 0.72], [0.474, 15.981, 10.385, 0.763], [0, 1]]
[[0.419, 11.909, 10.273, 0.694], [0.433, 13.75, 11.333, 0.674], [0, 1]]
[[0.449, 13.538, 11.269, 0.742], [0.452, 14.875, 11.429, 0.741], [1, 0]]
[[0.449, 13.065, 9.948, 0.741], [0.463, 12.171, 10.0, 0.738], [0, 1]]
[[0.453, 12.244, 11.467, 0.737], [0.466, 12.133, 9.778, 0.724], [0, 1]]
[[0.415, 11.941, 10.882, 0.689], [0.425, 15.5, 9.286, 0.687], [1, 0]]
[[0.443, 12.796, 10.074, 0.767], [0.444, 14.189, 11.226, 0.76], [0, 1]]
[[0.416, 13.0, 7.0, 0.611], [0.378, 11.571, 11.286, 0.627], [1, 0]]
[[0.456, 14.2, 11.556, 0.732], [0.469, 16.136, 10.455, 0.761], [1, 0]]
[[0.442, 11.222, 10.167, 0.708], [0.446, 13.476, 10.476, 0.749], [0, 1]]
[[0.455, 14.339, 9.627, 0.725], [0.448, 13.656, 11.639, 0.741], [1, 0]]
[[0.45, 12.81, 9.762, 0.737], [0.465, 13.65, 10.125, 0.72], [0, 1]]
[[0.453, 12.778, 11.381, 0.759], [0.464, 12.823, 10.371, 0.745], [1, 0]]
[[0.398, 11.0, 9.0, 0.683], [0.383, 12.0, 10.5, 0.668], [1, 0]]
[[0.436, 12.357, 10.786, 0.736], [0.447, 13.185, 12.185, 0.724], [1, 0]]
[[0.461, 12.092, 10.425, 0.746], [0.469, 12.954, 11.609, 0.762], [1, 0]]
[[0.357, 10.25, 6.5, 0.601], [0.279, 9.333, 8.0, 0.464], [1, 0]]
[[0.464, 14.189, 11.432, 0.728], [0.457, 14.053, 10.737, 0.75], [1, 0]]
[[0.443, 13.333, 11.515, 0.734], [0.425, 13.742, 11.548, 0.719], [0, 1]]
[[0.448, 12.941, 10.309, 0.777], [0.459, 13.567, 10.687, 0.763], [0, 1]]
[[0.45, 14.282, 10.077, 0.705], [0.435, 14.0, 11.5, 0.724], [0, 1]]
[[0.443, 12.371, 10.484, 0.738], [0.474, 15.9, 10.483, 0.753], [1, 0]]
[[0.477, 15.8, 10.453, 0.76], [0.47, 13.714, 10.662, 0.742], [0, 1]]
[[0.458, 12.988, 11.247, 0.747], [0.467, 14.37, 12.21, 0.734], [1, 0]]
[[0.442, 14.255, 11.216, 0.717], [0.468, 12.36, 9.6, 0.73], [0, 1]]
[[0.416, 13.231, 10.923, 0.689], [0.414, 11.769, 10.462, 0.675], [0, 1]]
[[0.367, 12.333, 9.0, 0.659], [0.37, 13.2, 7.6, 0.635], [0, 1]]
[[0.45, 13.88, 9.52, 0.677], [0.456, 14.2, 11.6, 0.719], [1, 0]]
[[0.463, 13.962, 11.231, 0.703], [0.45, 15.357, 11.393, 0.725], [0, 1]]
[[0.444, 13.391, 10.826, 0.757], [0.46, 14.261, 10.391, 0.749], [0, 1]]
[[0.431, 13.229, 11.486, 0.75], [0.437, 14.909, 9.576, 0.745], [0, 1]]
[[0.46, 12.408, 9.789, 0.736], [0.44, 14.013, 10.493, 0.748], [1, 0]]
[[0.278, 11.333, 7.667, 0.52], [0.247, 8.0, 6.5, 0.326], [1, 0]]
[[0.439, 14.619, 9.238, 0.748], [0.468, 15.571, 9.524, 0.736], [1, 0]]
[[0.443, 14.413, 10.365, 0.745], [0.443, 12.338, 10.492, 0.739], [1, 0]]
[[0.445, 14.592, 10.697, 0.735], [0.439, 14.053, 10.566, 0.748], [1, 0]]
[[0.434, 13.806, 10.194, 0.766], [0.453, 13.625, 11.764, 0.734], [1, 0]]
[[0.43, 13.2, 9.933, 0.749], [0.435, 12.194, 10.548, 0.734], [0, 1]]
[[0.447, 12.5, 11.565, 0.762], [0.439, 14.244, 10.111, 0.75], [0, 1]]
[[0.436, 14.212, 11.394, 0.721], [0.445, 12.829, 11.943, 0.754], [1, 0]]
[[0.461, 12.4, 10.108, 0.75], [0.431, 13.565, 10.274, 0.76], [1, 0]]
[[0.381, 11.429, 9.143, 0.652], [0.328, 15.333, 9.0, 0.619], [0, 1]]
[[0.438, 13.857, 11.571, 0.734], [0.465, 13.045, 10.227, 0.717], [1, 0]]
[[0.43, 13.6, 10.217, 0.76], [0.439, 13.717, 11.65, 0.736], [1, 0]]
[[0.459, 12.13, 11.519, 0.738], [0.455, 13.377, 11.662, 0.738], [1, 0]]
[[0.42, 13.481, 11.444, 0.738], [0.469, 12.654, 10.231, 0.712], [0, 1]]
[[0.471, 13.694, 10.447, 0.746], [0.463, 13.929, 10.412, 0.763], [1, 0]]
[[0.431, 14.348, 11.304, 0.705], [0.432, 14.333, 11.125, 0.708], [0, 1]]
[[0.463, 12.8, 10.446, 0.749], [0.475, 15.712, 10.515, 0.753], [0, 1]]
[[0.46, 12.582, 9.746, 0.736], [0.454, 12.758, 11.333, 0.757], [1, 0]]
[[0.406, 11.556, 9.0, 0.706], [0.426, 14.8, 9.0, 0.698], [1, 0]]
[[0.446, 11.932, 10.409, 0.729], [0.46, 14.205, 10.5, 0.752], [0, 1]]
[[0.43, 12.235, 10.882, 0.715], [0.444, 13.118, 10.647, 0.701], [1, 0]]
[[0.455, 13.66, 10.83, 0.763], [0.434, 13.698, 11.491, 0.732], [0, 1]]
[[0.45, 14.0, 11.224, 0.715], [0.465, 12.84, 10.373, 0.754], [0, 1]]
[[0.447, 12.985, 11.569, 0.741], [0.446, 13.308, 9.8, 0.734], [0, 1]]
[[0.446, 11.767, 10.9, 0.73], [0.44, 12.29, 9.871, 0.706], [0, 1]]
[[0.36, 13.6, 8.6, 0.644], [0.364, 9.75, 9.25, 0.588], [1, 0]]
[[0.447, 11.741, 10.741, 0.726], [0.462, 13.367, 10.133, 0.715], [1, 0]]
[[0.448, 12.875, 11.583, 0.747], [0.463, 12.282, 10.07, 0.733], [1, 0]]
[[0.469, 14.145, 12.014, 0.734], [0.443, 13.612, 11.627, 0.739], [1, 0]]
[[0.456, 12.695, 10.271, 0.729], [0.437, 14.07, 10.193, 0.748], [0, 1]]
[[0.445, 13.564, 11.564, 0.736], [0.467, 11.973, 9.27, 0.724], [0, 1]]
[[0.451, 13.848, 10.899, 0.764], [0.47, 13.7, 10.725, 0.744], [1, 0]]
[[0.301, 9.75, 10.5, 0.535], [0.279, 13.333, 7.667, 0.446], [0, 1]]
[[0.454, 12.148, 11.204, 0.733], [0.463, 13.088, 11.789, 0.751], [0, 1]]
[[0.369, 11.5, 8.667, 0.591], [0.362, 9.4, 8.4, 0.654], [1, 0]]
[[0.416, 11.625, 8.25, 0.665], [0.402, 14.625, 9.875, 0.689], [1, 0]]
[[0.396, 11.286, 8.143, 0.624], [0.4, 11.429, 8.857, 0.625], [1, 0]]
[[0.39, 11.667, 9.833, 0.72], [0.369, 15.5, 9.6, 0.642], [1, 0]]
[[0.448, 12.425, 10.6, 0.741], [0.445, 14.317, 11.024, 0.753], [0, 1]]
[[0.428, 14.233, 11.8, 0.724], [0.461, 14.258, 12.71, 0.723], [0, 1]]
[[0.464, 12.028, 9.333, 0.734], [0.43, 13.079, 11.395, 0.759], [1, 0]]
[[0.447, 12.347, 10.551, 0.736], [0.438, 14.255, 10.17, 0.75], [0, 1]]
[[0.419, 13.917, 11.583, 0.687], [0.406, 11.0, 11.75, 0.697], [1, 0]]
[[0.455, 12.193, 11.298, 0.729], [0.451, 14.783, 11.367, 0.746], [1, 0]]
[[0.431, 13.619, 10.238, 0.761], [0.462, 14.54, 10.603, 0.765], [0, 1]]
[[0.446, 12.841, 11.707, 0.746], [0.203, 6.0, 5.0, 0.393], [1, 0]]
[[0.451, 14.333, 11.455, 0.76], [0.469, 13.657, 10.597, 0.742], [1, 0]]
[[0.445, 14.145, 11.273, 0.717], [0.455, 12.094, 11.245, 0.734], [0, 1]]
[[0.463, 14.139, 11.444, 0.727], [0.469, 16.472, 10.111, 0.76], [0, 1]]
[[0.445, 12.922, 10.281, 0.778], [0.456, 13.746, 11.762, 0.732], [1, 0]]
[[0.43, 13.547, 10.344, 0.762], [0.467, 13.212, 11.652, 0.755], [0, 1]]
[[0.397, 13.889, 9.667, 0.637], [0.405, 12.875, 8.5, 0.665], [0, 1]]
[[0.452, 12.988, 10.012, 0.739], [0.458, 13.713, 10.75, 0.764], [1, 0]]
[[0.443, 12.506, 10.506, 0.739], [0.183, 5.0, 9.0, 0.371], [1, 0]]
[[0.398, 11.1, 7.6, 0.658], [0.414, 12.667, 8.111, 0.675], [1, 0]]
[[0.446, 11.884, 10.186, 0.73], [0.449, 14.911, 11.4, 0.749], [1, 0]]
[[0.431, 13.176, 10.118, 0.749], [0.464, 14.0, 11.412, 0.719], [1, 0]]
[[0.45, 11.875, 11.792, 0.716], [0.415, 13.76, 11.4, 0.733], [1, 0]]
[[0.421, 13.325, 10.625, 0.756], [0.435, 13.125, 11.275, 0.758], [1, 0]]
[[0.439, 12.0, 11.789, 0.725], [0.449, 13.0, 10.714, 0.719], [1, 0]]
[[0.437, 12.759, 9.345, 0.681], [0.466, 13.379, 9.966, 0.712], [1, 0]]
[[0.393, 11.846, 10.231, 0.726], [0.426, 12.333, 10.167, 0.712], [0, 1]]
[[0.445, 12.9, 11.7, 0.74], [0.465, 14.271, 12.479, 0.73], [0, 1]]
[[0.461, 14.375, 9.458, 0.735], [0.463, 14.288, 10.479, 0.768], [1, 0]]
[[0.447, 12.91, 11.612, 0.744], [0.468, 13.224, 11.657, 0.753], [1, 0]]
[[0.457, 13.63, 10.904, 0.761], [0.472, 13.26, 11.589, 0.759], [0, 1]]
[[0.447, 14.427, 10.659, 0.74], [0.452, 13.0, 11.037, 0.759], [1, 0]]
[[0.451, 13.431, 11.586, 0.741], [0.442, 13.25, 11.067, 0.755], [1, 0]]
[[0.458, 14.391, 9.344, 0.727], [0.466, 14.167, 12.015, 0.731], [0, 1]]
[[0.433, 13.714, 11.714, 0.693], [0.452, 14.6, 11.333, 0.704], [0, 1]]
[[0.438, 14.2, 8.667, 0.657], [0.438, 15.286, 9.571, 0.706], [1, 0]]
[[0.441, 13.5, 9.886, 0.711], [0.458, 14.116, 11.442, 0.735], [1, 0]]
[[0.413, 14.1, 9.9, 0.708], [0.417, 13.4, 11.3, 0.656], [0, 1]]
[[0.406, 12.5, 10.688, 0.724], [0.42, 15.5, 10.929, 0.725], [1, 0]]
[[0.435, 13.708, 10.958, 0.751], [0.447, 12.926, 10.926, 0.728], [0, 1]]
[[0.45, 12.975, 11.012, 0.756], [0.445, 13.363, 11.512, 0.74], [1, 0]]
[[0.46, 12.926, 10.176, 0.736], [0.469, 13.294, 11.559, 0.753], [0, 1]]
[[0.445, 14.506, 10.662, 0.735], [0.444, 13.39, 11.61, 0.742], [0, 1]]
[[0.439, 14.0, 11.368, 0.725], [0.453, 12.538, 11.308, 0.727], [0, 1]]
[[0.434, 13.256, 11.326, 0.758], [0.473, 16.286, 10.238, 0.758], [0, 1]]
[[0.437, 13.917, 12.25, 0.732], [0.416, 13.667, 11.917, 0.697], [1, 0]]
[[0.34, 10.75, 10.0, 0.575], [0.387, 13.25, 7.75, 0.54], [0, 1]]
[[0.439, 13.821, 11.071, 0.759], [0.441, 14.259, 10.222, 0.738], [1, 0]]
[[0.443, 13.1, 12.1, 0.747], [0.464, 13.548, 10.0, 0.712], [0, 1]]
[[0.421, 13.471, 10.824, 0.751], [0.446, 13.714, 10.571, 0.75], [0, 1]]
[[0.445, 13.396, 10.792, 0.758], [0.464, 13.22, 11.84, 0.757], [0, 1]]
[[0.448, 14.149, 11.313, 0.719], [0.445, 14.631, 10.4, 0.741], [0, 1]]
[[0.439, 14.111, 10.833, 0.742], [0.429, 14.278, 9.111, 0.739], [1, 0]]
[[0.421, 13.621, 11.241, 0.741], [0.45, 12.667, 11.767, 0.727], [0, 1]]
[[0.448, 14.8, 11.45, 0.741], [0.457, 14.179, 10.744, 0.749], [0, 1]]
[[0.462, 12.361, 9.918, 0.736], [0.467, 14.297, 12.047, 0.732], [1, 0]]
[[0.448, 12.648, 11.537, 0.741], [0.467, 12.373, 9.608, 0.732], [1, 0]]
[[0.452, 13.677, 11.585, 0.745], [0.449, 13.294, 9.809, 0.739], [0, 1]]
[[0.447, 12.945, 11.589, 0.746], [0.453, 14.181, 11.417, 0.77], [0, 1]]
[[0.446, 12.972, 9.917, 0.727], [0.43, 13.353, 11.5, 0.747], [1, 0]]
[[0.408, 11.083, 9.5, 0.678], [0.405, 15.778, 9.111, 0.652], [1, 0]]
[[0.442, 13.619, 11.381, 0.731], [0.439, 12.628, 10.116, 0.749], [0, 1]]
[[0.422, 13.361, 10.667, 0.75], [0.451, 14.842, 11.289, 0.741], [0, 1]]
[[0.431, 14.208, 11.542, 0.713], [0.465, 13.8, 11.28, 0.706], [0, 1]]
[[0.463, 12.271, 10.071, 0.736], [0.45, 14.229, 11.543, 0.767], [1, 0]]
[[0.419, 12.0, 11.385, 0.705], [0.438, 12.0, 10.333, 0.697], [0, 1]]
[[0.463, 14.268, 10.549, 0.767], [0.435, 13.986, 10.42, 0.747], [0, 1]]
[[0.46, 12.61, 9.576, 0.741], [0.457, 12.724, 10.276, 0.727], [1, 0]]
[[0.446, 12.7, 11.6, 0.758], [0.463, 14.256, 11.333, 0.733], [1, 0]]
[[0.444, 14.085, 11.255, 0.759], [0.459, 14.426, 10.255, 0.753], [1, 0]]
[[0.446, 13.449, 10.816, 0.76], [0.47, 15.979, 10.438, 0.759], [1, 0]]
[[0.456, 13.513, 11.671, 0.738], [0.47, 13.195, 11.727, 0.762], [0, 1]]
[[0.449, 12.942, 10.304, 0.776], [0.445, 13.647, 11.632, 0.739], [1, 0]]
[[0.449, 12.919, 11.452, 0.742], [0.431, 13.639, 10.246, 0.759], [1, 0]]
[[0.449, 12.868, 11.184, 0.753], [0.47, 13.237, 11.697, 0.762], [0, 1]]
[[0.461, 14.389, 12.75, 0.723], [0.464, 13.595, 10.297, 0.713], [1, 0]]
[[0.444, 12.103, 10.179, 0.721], [0.447, 13.282, 11.359, 0.735], [0, 1]]
[[0.43, 12.0, 8.929, 0.723], [0.417, 11.562, 10.875, 0.687], [1, 0]]
[[0.447, 14.188, 11.328, 0.715], [0.469, 13.794, 10.714, 0.74], [0, 1]]
[[0.417, 12.062, 8.938, 0.674], [0.427, 11.733, 9.333, 0.731], [0, 1]]
[[0.438, 14.5, 9.773, 0.74], [0.454, 14.348, 11.783, 0.714], [1, 0]]
[[0.449, 13.29, 9.841, 0.74], [0.445, 14.636, 10.379, 0.738], [0, 1]]
[[0.434, 14.094, 11.375, 0.725], [0.461, 12.125, 9.469, 0.734], [0, 1]]
[[0.232, 4.5, 4.5, 0.416], [0.262, 5.0, 5.5, 0.35], [0, 1]]
[[0.441, 13.421, 11.123, 0.752], [0.465, 14.25, 12.446, 0.731], [0, 1]]
[[0.38, 9.0, 8.25, 0.543], [0.306, 10.0, 11.25, 0.526], [1, 0]]
[[0.454, 14.316, 9.544, 0.722], [0.459, 12.583, 9.6, 0.741], [0, 1]]
[[0.46, 12.764, 9.691, 0.743], [0.442, 13.509, 9.727, 0.722], [1, 0]]
[[0.414, 14.778, 9.0, 0.683], [0.413, 10.5, 9.75, 0.695], [0, 1]]
[[0.423, 12.083, 11.0, 0.699], [0.411, 12.333, 10.333, 0.72], [0, 1]]
[[0.469, 16.559, 10.118, 0.755], [0.457, 13.917, 10.667, 0.753], [0, 1]]
[[0.446, 14.5, 11.357, 0.702], [0.424, 15.417, 8.5, 0.672], [0, 1]]
[[0.445, 13.477, 11.409, 0.732], [0.447, 14.273, 11.045, 0.722], [0, 1]]
[[0.456, 13.648, 10.963, 0.763], [0.434, 13.648, 11.5, 0.733], [0, 1]]
[[0.435, 11.762, 10.81, 0.714], [0.458, 14.0, 11.3, 0.718], [1, 0]]
[[0.422, 12.643, 10.214, 0.733], [0.397, 14.077, 11.154, 0.64], [1, 0]]
[[0.436, 12.909, 9.182, 0.663], [0.383, 13.1, 11.2, 0.61], [0, 1]]
[[0.458, 12.0, 10.271, 0.743], [0.469, 13.783, 10.348, 0.728], [0, 1]]
[[0.448, 14.162, 11.25, 0.718], [0.462, 12.385, 9.923, 0.738], [0, 1]]
[[0.451, 14.418, 9.673, 0.72], [0.464, 14.368, 10.421, 0.762], [0, 1]]
[[0.46, 12.057, 10.396, 0.751], [0.469, 12.184, 9.653, 0.727], [1, 0]]
[[0.461, 12.815, 10.154, 0.735], [0.474, 15.703, 10.562, 0.75], [1, 0]]
[[0.446, 13.51, 10.706, 0.763], [0.447, 12.51, 11.49, 0.754], [0, 1]]
[[0.459, 12.088, 11.475, 0.742], [0.467, 12.75, 10.325, 0.758], [1, 0]]
[[0.453, 12.878, 9.694, 0.74], [0.423, 13.729, 10.667, 0.751], [1, 0]]
[[0.465, 12.423, 9.615, 0.733], [0.463, 14.611, 10.389, 0.765], [1, 0]]
[[0.389, 12.0, 6.833, 0.621], [0.399, 12.6, 6.4, 0.598], [1, 0]]
[[0.452, 14.1, 9.8, 0.657], [0.392, 15.875, 9.125, 0.637], [0, 1]]
[[0.449, 14.387, 9.935, 0.692], [0.469, 16.581, 9.742, 0.75], [0, 1]]
[[0.348, 10.75, 9.25, 0.573], [0.361, 10.8, 9.8, 0.595], [0, 1]]
[[0.43, 13.576, 10.254, 0.758], [0.438, 14.0, 10.172, 0.749], [0, 1]]
[[0.458, 12.264, 11.458, 0.741], [0.448, 13.137, 9.877, 0.742], [1, 0]]
[[0.454, 14.32, 9.62, 0.719], [0.441, 13.519, 9.827, 0.718], [0, 1]]
[[0.461, 14.423, 9.352, 0.734], [0.471, 13.667, 10.611, 0.744], [0, 1]]
[[0.456, 11.829, 10.244, 0.738], [0.432, 14.405, 9.784, 0.741], [1, 0]]
[[0.222, 7.0, 3.0, 0.423], [0.211, 6.5, 4.0, 0.326], [1, 0]]
[[0.416, 12.353, 10.882, 0.728], [0.402, 13.5, 10.929, 0.653], [1, 0]]
[[0.422, 13.674, 10.5, 0.754], [0.447, 12.6, 11.556, 0.766], [1, 0]]
[[0.46, 12.925, 10.119, 0.736], [0.462, 14.424, 10.561, 0.765], [0, 1]]
[[0.444, 14.484, 10.419, 0.744], [0.472, 15.698, 10.492, 0.751], [1, 0]]
[[0.387, 12.667, 11.0, 0.681], [0.373, 12.25, 10.75, 0.568], [1, 0]]
[[0.462, 12.195, 10.429, 0.751], [0.463, 14.052, 10.429, 0.766], [0, 1]]
[[0.443, 13.364, 10.886, 0.756], [0.432, 13.628, 11.721, 0.73], [0, 1]]
[[0.458, 12.226, 11.355, 0.734], [0.474, 15.823, 10.468, 0.753], [1, 0]]
[[0.445, 13.558, 11.326, 0.732], [0.445, 12.442, 10.558, 0.737], [0, 1]]
[[0.385, 12.4, 6.6, 0.62], [0.39, 12.4, 8.6, 0.608], [0, 1]]
[[0.457, 12.348, 10.043, 0.714], [0.447, 13.308, 12.192, 0.724], [0, 1]]
[[0.445, 12.438, 11.562, 0.76], [0.435, 13.489, 11.085, 0.757], [1, 0]]
[[0.445, 12.744, 11.641, 0.758], [0.447, 13.846, 10.846, 0.755], [0, 1]]
[[0.45, 13.724, 11.697, 0.744], [0.444, 13.421, 11.526, 0.742], [0, 1]]
[[0.445, 12.854, 11.729, 0.741], [0.447, 12.447, 11.511, 0.763], [1, 0]]
[[0.442, 14.3, 11.26, 0.717], [0.453, 12.02, 11.245, 0.742], [0, 1]]
[[0.432, 14.194, 11.645, 0.724], [0.443, 14.062, 10.594, 0.745], [0, 1]]
[[0.451, 14.054, 11.054, 0.717], [0.478, 15.838, 10.486, 0.759], [0, 1]]
[[0.445, 13.213, 9.623, 0.727], [0.442, 12.377, 10.574, 0.741], [1, 0]]
[[0.45, 12.968, 11.476, 0.739], [0.444, 12.413, 10.444, 0.739], [0, 1]]
[[0.442, 12.373, 10.61, 0.74], [0.452, 14.814, 11.356, 0.744], [0, 1]]
[[0.439, 13.795, 11.462, 0.724], [0.436, 13.872, 11.538, 0.727], [0, 1]]
[[0.465, 12.769, 10.256, 0.735], [0.466, 14.316, 12.329, 0.734], [0, 1]]
[[0.457, 12.95, 11.312, 0.747], [0.44, 13.938, 10.463, 0.749], [0, 1]]
[[0.448, 12.125, 10.625, 0.729], [0.465, 14.255, 12.638, 0.733], [1, 0]]
[[0.452, 13.963, 11.148, 0.714], [0.475, 15.475, 10.438, 0.762], [1, 0]]
[[0.449, 12.053, 10.5, 0.738], [0.463, 14.206, 12.853, 0.722], [0, 1]]
[[0.459, 12.0, 9.633, 0.729], [0.447, 15.091, 11.424, 0.737], [1, 0]]
[[0.447, 13.0, 10.152, 0.723], [0.436, 13.625, 10.781, 0.76], [1, 0]]
[[0.457, 12.238, 11.381, 0.737], [0.444, 12.312, 10.484, 0.739], [0, 1]]
[[0.444, 13.0, 10.302, 0.775], [0.451, 14.619, 11.397, 0.752], [1, 0]]
[[0.448, 12.829, 11.571, 0.746], [0.452, 14.394, 11.352, 0.759], [1, 0]]
[[0.392, 11.909, 9.273, 0.734], [0.406, 10.909, 10.091, 0.669], [1, 0]]
[[0.462, 12.8, 10.5, 0.754], [0.453, 14.389, 11.361, 0.759], [1, 0]]
[[0.428, 14.172, 11.69, 0.724], [0.448, 15.156, 11.375, 0.731], [0, 1]]
[[0.45, 14.769, 11.205, 0.739], [0.431, 14.056, 11.611, 0.729], [0, 1]]
[[0.456, 14.125, 11.292, 0.733], [0.459, 14.531, 10.184, 0.758], [0, 1]]
[[0.453, 12.39, 11.439, 0.729], [0.444, 14.167, 11.19, 0.752], [0, 1]]
[[0.452, 14.13, 9.174, 0.665], [0.427, 14.048, 11.0, 0.7], [1, 0]]
[[0.376, 12.857, 11.429, 0.65], [0.438, 13.25, 8.875, 0.643], [1, 0]]
[[0.463, 14.421, 9.5, 0.735], [0.45, 13.671, 10.803, 0.765], [0, 1]]
[[0.463, 14.138, 9.471, 0.74], [0.443, 12.644, 10.437, 0.738], [0, 1]]
[[0.446, 13.356, 11.289, 0.74], [0.464, 14.289, 12.622, 0.732], [0, 1]]
[[0.449, 13.784, 11.676, 0.744], [0.45, 13.541, 10.662, 0.763], [0, 1]]
[[0.462, 12.175, 10.137, 0.734], [0.465, 14.375, 12.238, 0.734], [0, 1]]
[[0.295, 9.0, 5.667, 0.522], [0.265, 8.333, 8.667, 0.471], [1, 0]]
[[0.442, 14.192, 10.423, 0.729], [0.417, 13.64, 11.76, 0.705], [0, 1]]
[[0.445, 12.312, 10.583, 0.734], [0.439, 14.304, 10.152, 0.751], [0, 1]]
[[0.459, 12.351, 9.865, 0.737], [0.463, 12.319, 10.069, 0.732], [0, 1]]
[[0.439, 14.587, 10.391, 0.743], [0.471, 16.152, 10.478, 0.761], [1, 0]]
[[0.421, 13.462, 10.692, 0.754], [0.464, 13.325, 11.75, 0.747], [1, 0]]
[[0.459, 13.689, 10.869, 0.759], [0.448, 13.645, 11.677, 0.741], [1, 0]]
[[0.43, 12.412, 8.882, 0.699], [0.399, 14.5, 10.25, 0.673], [0, 1]]
[[0.456, 12.25, 11.2, 0.734], [0.439, 13.623, 11.82, 0.737], [1, 0]]
[[0.435, 12.296, 10.815, 0.737], [0.464, 13.958, 11.25, 0.701], [1, 0]]
[[0.453, 12.822, 9.689, 0.74], [0.444, 13.047, 11.512, 0.732], [1, 0]]
[[0.45, 13.573, 10.747, 0.763], [0.462, 12.227, 10.027, 0.737], [0, 1]]
[[0.46, 12.089, 10.375, 0.75], [0.465, 13.019, 11.685, 0.755], [1, 0]]
[[0.468, 12.319, 9.617, 0.728], [0.458, 14.438, 10.229, 0.755], [0, 1]]
[[0.433, 12.167, 10.75, 0.729], [0.414, 14.2, 11.15, 0.734], [1, 0]]
[[0.443, 12.196, 10.679, 0.736], [0.438, 13.364, 11.109, 0.754], [1, 0]]
[[0.459, 12.394, 11.455, 0.74], [0.453, 13.672, 11.791, 0.737], [1, 0]]
[[0.458, 13.611, 10.847, 0.761], [0.463, 14.25, 10.514, 0.769], [1, 0]]
[[0.463, 14.22, 9.549, 0.74], [0.445, 13.232, 11.476, 0.737], [0, 1]]
[[0.446, 14.148, 11.279, 0.715], [0.469, 13.967, 10.557, 0.739], [1, 0]]
[[0.319, 10.667, 4.667, 0.518], [0.2, 10.0, 6.0, 0.289], [1, 0]]
[[0.434, 12.217, 10.565, 0.73], [0.447, 14.261, 10.609, 0.73], [0, 1]]
[[0.441, 14.0, 10.762, 0.749], [0.435, 12.227, 10.5, 0.733], [0, 1]]
[[0.441, 11.696, 10.826, 0.718], [0.454, 14.292, 11.625, 0.717], [0, 1]]
[[0.426, 14.227, 11.091, 0.71], [0.428, 12.091, 9.591, 0.669], [0, 1]]
[[0.442, 13.385, 9.923, 0.675], [0.445, 14.385, 11.385, 0.7], [0, 1]]
[[0.422, 13.268, 10.488, 0.756], [0.444, 11.975, 10.2, 0.724], [0, 1]]
[[0.43, 13.717, 10.453, 0.754], [0.43, 13.706, 11.686, 0.73], [0, 1]]
[[0.429, 13.538, 9.769, 0.743], [0.436, 12.25, 10.0, 0.686], [1, 0]]
[[0.458, 13.543, 11.771, 0.732], [0.436, 14.044, 10.279, 0.747], [0, 1]]
[[0.448, 12.85, 11.467, 0.739], [0.448, 12.61, 11.61, 0.758], [1, 0]]
[[0.46, 12.131, 11.452, 0.74], [0.442, 13.762, 10.452, 0.749], [1, 0]]
[[0.425, 13.125, 9.75, 0.692], [0.441, 14.062, 10.25, 0.728], [1, 0]]
[[0.445, 13.679, 10.755, 0.762], [0.471, 13.962, 10.321, 0.739], [0, 1]]
[[0.415, 12.6, 8.2, 0.684], [0.383, 11.364, 10.182, 0.687], [1, 0]]
[[0.46, 12.328, 10.134, 0.749], [0.457, 13.692, 11.708, 0.729], [1, 0]]
[[0.442, 14.5, 9.962, 0.747], [0.441, 12.852, 11.444, 0.738], [1, 0]]
[[0.441, 13.39, 10.829, 0.76], [0.448, 12.385, 10.564, 0.746], [0, 1]]
[[0.443, 14.453, 10.453, 0.74], [0.439, 13.389, 11.093, 0.755], [0, 1]]
[[0.451, 12.988, 10.37, 0.779], [0.458, 13.333, 11.642, 0.735], [1, 0]]
[[0.358, 11.667, 8.5, 0.624], [0.389, 9.833, 7.667, 0.639], [0, 1]]
[[0.448, 12.709, 11.491, 0.737], [0.473, 13.788, 10.308, 0.736], [1, 0]]
[[0.428, 13.943, 11.743, 0.727], [0.436, 14.735, 9.618, 0.743], [0, 1]]
[[0.459, 12.361, 10.333, 0.747], [0.47, 13.282, 11.563, 0.759], [0, 1]]
[[0.4, 12.733, 10.4, 0.729], [0.456, 14.769, 9.923, 0.685], [0, 1]]
[[0.463, 15.696, 9.739, 0.735], [0.414, 13.909, 12.273, 0.691], [0, 1]]
[[0.46, 12.035, 10.333, 0.75], [0.444, 14.259, 11.333, 0.716], [1, 0]]
[[0.443, 12.87, 11.087, 0.716], [0.413, 13.368, 12.0, 0.677], [1, 0]]
[[0.44, 12.286, 10.143, 0.696], [0.464, 16.172, 9.69, 0.749], [1, 0]]
[[0.429, 12.842, 9.421, 0.704], [0.44, 13.263, 11.474, 0.717], [1, 0]]
[[0.448, 13.167, 9.8, 0.72], [0.452, 13.103, 11.966, 0.728], [1, 0]]
[[0.448, 13.583, 11.567, 0.741], [0.474, 15.915, 10.475, 0.755], [0, 1]]
[[0.45, 12.583, 11.517, 0.76], [0.446, 13.194, 9.645, 0.73], [0, 1]]
[[0.44, 14.143, 8.5, 0.648], [0.418, 12.286, 8.5, 0.672], [0, 1]]
[[0.435, 13.697, 10.026, 0.763], [0.455, 13.553, 11.789, 0.732], [1, 0]]
[[0.429, 12.667, 8.667, 0.64], [0.388, 11.889, 10.0, 0.664], [1, 0]]
[[0.403, 13.556, 9.444, 0.639], [0.404, 10.889, 9.0, 0.651], [0, 1]]
[[0.443, 14.583, 10.653, 0.737], [0.453, 14.411, 11.301, 0.759], [1, 0]]
[[0.451, 12.965, 10.384, 0.779], [0.461, 12.163, 10.209, 0.734], [0, 1]]
[[0.451, 12.143, 10.486, 0.738], [0.464, 13.421, 11.921, 0.742], [1, 0]]
[[0.402, 12.75, 11.875, 0.697], [0.401, 10.125, 8.75, 0.664], [1, 0]]
[[0.463, 14.131, 9.512, 0.74], [0.443, 12.583, 10.524, 0.74], [1, 0]]
[[0.449, 12.184, 10.612, 0.73], [0.464, 13.176, 11.824, 0.757], [0, 1]]
[[0.442, 13.793, 10.966, 0.759], [0.434, 13.724, 11.207, 0.715], [1, 0]]
[[0.422, 14.056, 10.667, 0.698], [0.428, 14.944, 9.833, 0.703], [1, 0]]
[[0.428, 13.725, 10.529, 0.755], [0.446, 13.388, 11.245, 0.74], [1, 0]]
[[0.185, 8.0, 5.0, 0.38], [0.214, 13.0, 6.0, 0.455], [0, 1]]
[[0.434, 13.679, 12.071, 0.734], [0.441, 14.357, 10.357, 0.741], [1, 0]]
[[0.45, 13.672, 10.672, 0.765], [0.468, 14.143, 12.086, 0.732], [1, 0]]
[[0.183, 5.0, 9.0, 0.371], [0.21, 11.0, 7.0, 0.431], [0, 1]]
[[0.448, 13.037, 10.037, 0.715], [0.444, 13.192, 12.077, 0.745], [1, 0]]
[[0.454, 12.686, 11.371, 0.733], [0.43, 13.25, 11.472, 0.751], [1, 0]]
[[0.419, 13.846, 11.731, 0.743], [0.456, 12.12, 9.76, 0.72], [0, 1]]
[[0.448, 13.343, 9.821, 0.739], [0.443, 13.492, 11.738, 0.738], [1, 0]]
[[0.44, 13.417, 9.694, 0.693], [0.451, 13.162, 10.595, 0.738], [0, 1]]
[[0.472, 16.425, 10.175, 0.759], [0.434, 13.85, 11.625, 0.726], [1, 0]]
[[0.435, 13.707, 10.107, 0.762], [0.458, 12.311, 11.527, 0.741], [0, 1]]
[[0.468, 14.044, 12.015, 0.734], [0.462, 14.343, 10.537, 0.766], [0, 1]]
[[0.433, 13.857, 10.143, 0.764], [0.453, 13.657, 11.829, 0.737], [1, 0]]
[[0.44, 13.447, 10.605, 0.761], [0.449, 13.73, 10.514, 0.756], [1, 0]]
[[0.455, 12.771, 10.438, 0.751], [0.455, 13.891, 10.717, 0.76], [1, 0]]
[[0.45, 13.909, 11.208, 0.715], [0.463, 14.128, 10.385, 0.765], [0, 1]]
[[0.446, 13.544, 10.842, 0.76], [0.445, 13.373, 9.61, 0.725], [0, 1]]
[[0.415, 13.882, 11.118, 0.695], [0.446, 13.2, 10.85, 0.724], [1, 0]]
[[0.441, 12.314, 10.086, 0.718], [0.431, 13.27, 11.514, 0.756], [1, 0]]
[[0.461, 13.893, 11.464, 0.702], [0.422, 13.704, 11.741, 0.708], [1, 0]]
[[0.452, 11.94, 11.3, 0.737], [0.43, 13.592, 11.673, 0.728], [1, 0]]
[[0.436, 12.423, 9.462, 0.682], [0.447, 12.759, 10.655, 0.733], [1, 0]]
[[0.461, 12.3, 9.7, 0.738], [0.445, 13.392, 11.494, 0.74], [0, 1]]
[[0.446, 14.155, 11.328, 0.709], [0.448, 13.466, 11.448, 0.744], [1, 0]]
[[0.441, 13.062, 9.312, 0.689], [0.439, 14.871, 9.677, 0.741], [1, 0]]
[[0.475, 15.524, 10.463, 0.762], [0.47, 13.695, 10.622, 0.745], [0, 1]]
[[0.447, 12.889, 11.75, 0.756], [0.451, 13.211, 10.579, 0.744], [0, 1]]
[[0.442, 12.783, 10.217, 0.774], [0.456, 12.207, 11.31, 0.729], [1, 0]]
[[0.387, 12.933, 10.333, 0.717], [0.426, 13.267, 10.067, 0.731], [0, 1]]
[[0.463, 12.809, 10.456, 0.752], [0.45, 14.25, 11.544, 0.764], [0, 1]]
[[0.448, 13.032, 9.871, 0.719], [0.463, 13.793, 11.552, 0.708], [1, 0]]
[[0.42, 15.417, 10.917, 0.696], [0.434, 14.364, 11.636, 0.684], [0, 1]]
[[0.448, 12.788, 11.712, 0.74], [0.459, 14.431, 10.373, 0.764], [0, 1]]
[[0.374, 10.714, 8.286, 0.619], [0.342, 10.667, 9.333, 0.543], [0, 1]]
[[0.42, 11.632, 9.474, 0.659], [0.439, 14.556, 9.889, 0.721], [1, 0]]
[[0.45, 12.667, 11.407, 0.759], [0.445, 12.218, 10.6, 0.734], [0, 1]]
[[0.44, 14.057, 11.229, 0.74], [0.427, 13.879, 11.727, 0.727], [1, 0]]
[[0.465, 13.191, 11.766, 0.755], [0.471, 13.889, 10.156, 0.725], [0, 1]]
[[0.462, 14.427, 9.48, 0.737], [0.454, 14.213, 11.36, 0.772], [0, 1]]
[[0.399, 12.0, 9.929, 0.724], [0.405, 11.077, 11.769, 0.708], [1, 0]]
[[0.436, 13.71, 12.097, 0.729], [0.46, 13.333, 11.788, 0.733], [0, 1]]
[[0.45, 12.948, 10.338, 0.775], [0.449, 13.092, 9.934, 0.745], [0, 1]]
[[0.443, 13.938, 10.375, 0.747], [0.442, 13.0, 11.469, 0.73], [1, 0]]
[[0.464, 13.096, 11.75, 0.756], [0.46, 14.48, 10.22, 0.762], [1, 0]]
[[0.437, 13.88, 12.12, 0.731], [0.439, 14.917, 9.333, 0.731], [1, 0]]
[[0.44, 13.585, 10.134, 0.762], [0.451, 12.988, 10.049, 0.739], [0, 1]]
[[0.44, 13.6, 10.84, 0.75], [0.439, 12.8, 11.24, 0.73], [1, 0]]
[[0.283, 8.333, 5.333, 0.523], [0.155, 9.0, 7.0, 0.26], [1, 0]]
[[0.405, 11.875, 10.25, 0.613], [0.422, 13.5, 8.5, 0.615], [1, 0]]
[[0.462, 12.296, 9.667, 0.738], [0.438, 13.613, 10.175, 0.762], [0, 1]]
[[0.465, 13.513, 11.769, 0.745], [0.432, 14.444, 9.694, 0.742], [1, 0]]
[[0.409, 11.556, 8.556, 0.682], [0.419, 10.0, 9.125, 0.625], [0, 1]]
[[0.461, 12.136, 10.339, 0.745], [0.466, 14.107, 10.518, 0.742], [0, 1]]
[[0.451, 13.587, 11.571, 0.743], [0.457, 12.323, 11.492, 0.74], [0, 1]]
[[0.461, 12.145, 10.361, 0.744], [0.247, 8.0, 6.5, 0.326], [0, 1]]
[[0.456, 11.864, 10.295, 0.74], [0.447, 12.643, 11.571, 0.764], [1, 0]]
[[0.421, 12.455, 8.273, 0.708], [0.413, 13.667, 8.5, 0.698], [0, 1]]
[[0.471, 13.648, 10.489, 0.745], [0.463, 13.966, 10.455, 0.763], [0, 1]]
[[0.463, 14.284, 9.568, 0.74], [0.44, 13.877, 10.481, 0.751], [1, 0]]
[[0.463, 12.048, 9.643, 0.72], [0.466, 13.907, 10.093, 0.723], [0, 1]]
[[0.452, 14.86, 11.386, 0.738], [0.434, 13.6, 11.582, 0.733], [0, 1]]
[[0.414, 12.889, 7.778, 0.617], [0.387, 11.625, 10.25, 0.647], [1, 0]]
[[0.449, 12.66, 11.377, 0.758], [0.46, 12.849, 10.415, 0.748], [0, 1]]
[[0.431, 13.809, 10.294, 0.764], [0.445, 14.612, 10.448, 0.739], [1, 0]]
[[0.45, 13.701, 10.818, 0.763], [0.437, 13.679, 10.064, 0.763], [0, 1]]
[[0.461, 12.625, 9.781, 0.736], [0.449, 13.698, 11.619, 0.741], [1, 0]]
[[0.435, 14.882, 10.294, 0.723], [0.433, 13.118, 10.471, 0.732], [0, 1]]
[[0.442, 13.056, 10.778, 0.708], [0.439, 11.0, 10.625, 0.701], [0, 1]]
[[0.451, 12.988, 10.325, 0.778], [0.461, 12.275, 10.412, 0.746], [1, 0]]
[[0.418, 13.5, 11.389, 0.705], [0.424, 11.529, 11.353, 0.716], [1, 0]]
[[0.453, 12.729, 11.371, 0.758], [0.457, 13.586, 10.843, 0.76], [0, 1]]
[[0.442, 14.316, 10.368, 0.719], [0.447, 13.316, 12.053, 0.715], [1, 0]]
[[0.447, 14.051, 11.305, 0.71], [0.466, 13.131, 11.59, 0.753], [0, 1]]
[[0.401, 14.889, 12.0, 0.672], [0.443, 13.286, 8.857, 0.64], [0, 1]]
[[0.428, 13.556, 9.963, 0.738], [0.44, 14.6, 9.8, 0.747], [1, 0]]
[[0.18, 7.0, 8.5, 0.323], [0.257, 4.5, 5.0, 0.276], [1, 0]]
[[0.436, 13.373, 11.02, 0.76], [0.448, 13.38, 11.22, 0.74], [0, 1]]
[[0.444, 13.333, 10.889, 0.757], [0.454, 12.364, 11.455, 0.739], [0, 1]]
[[0.447, 12.316, 10.632, 0.743], [0.473, 16.579, 10.158, 0.763], [1, 0]]
[[0.441, 10.5, 9.929, 0.692], [0.457, 15.067, 9.6, 0.709], [1, 0]]
[[0.45, 13.74, 11.688, 0.746], [0.451, 12.923, 11.09, 0.756], [1, 0]]
[[0.471, 13.616, 10.442, 0.745], [0.463, 13.93, 10.384, 0.763], [1, 0]]
[[0.471, 13.655, 10.5, 0.745], [0.462, 13.881, 10.464, 0.763], [0, 1]]
[[0.453, 14.354, 9.75, 0.717], [0.447, 12.44, 10.64, 0.735], [1, 0]]
[[0.411, 11.909, 8.364, 0.663], [0.382, 11.8, 9.7, 0.683], [1, 0]]
[[0.444, 14.298, 11.17, 0.717], [0.449, 14.837, 11.408, 0.748], [0, 1]]
[[0.442, 14.059, 10.824, 0.739], [0.439, 14.875, 9.688, 0.741], [0, 1]]
[[0.43, 14.308, 11.538, 0.719], [0.449, 13.143, 12.214, 0.723], [0, 1]]
[[0.442, 12.0, 10.471, 0.739], [0.442, 12.903, 12.194, 0.745], [0, 1]]
[[0.434, 13.295, 11.25, 0.755], [0.47, 13.955, 10.091, 0.724], [0, 1]]
[[0.45, 12.185, 11.741, 0.724], [0.42, 13.538, 11.731, 0.706], [0, 1]]
[[0.229, 7.5, 5.0, 0.431], [0.241, 6.5, 7.0, 0.384], [0, 1]]
[[0.433, 14.436, 10.077, 0.739], [0.461, 13.357, 11.905, 0.751], [1, 0]]
[[0.453, 12.785, 11.369, 0.76], [0.443, 14.5, 10.453, 0.744], [0, 1]]
[[0.46, 12.019, 10.426, 0.748], [0.448, 12.717, 11.528, 0.741], [0, 1]]
[[0.414, 13.783, 11.217, 0.731], [0.466, 15.864, 9.773, 0.734], [0, 1]]
[[0.426, 13.7, 11.467, 0.747], [0.45, 15.129, 11.516, 0.728], [0, 1]]
[[0.45, 13.962, 11.231, 0.714], [0.457, 13.714, 10.792, 0.764], [0, 1]]
[[0.463, 12.803, 10.549, 0.753], [0.47, 13.658, 10.603, 0.743], [0, 1]]
[[0.357, 12.2, 10.0, 0.614], [0.386, 12.667, 9.0, 0.68], [1, 0]]
[[0.446, 11.87, 11.609, 0.715], [0.445, 12.885, 11.0, 0.727], [1, 0]]
[[0.464, 13.529, 10.265, 0.712], [0.452, 13.706, 10.676, 0.755], [0, 1]]
[[0.445, 12.842, 11.684, 0.76], [0.442, 12.189, 10.216, 0.719], [1, 0]]
[[0.456, 14.371, 9.435, 0.725], [0.45, 13.508, 11.59, 0.742], [1, 0]]
[[0.446, 13.629, 10.79, 0.764], [0.452, 14.625, 11.453, 0.756], [1, 0]]
[[0.449, 13.58, 11.754, 0.743], [0.449, 12.887, 11.549, 0.747], [0, 1]]
[[0.43, 13.636, 10.327, 0.757], [0.456, 12.732, 10.268, 0.732], [0, 1]]
[[0.446, 13.412, 11.412, 0.741], [0.437, 14.098, 10.333, 0.748], [1, 0]]
[[0.426, 12.952, 9.714, 0.725], [0.454, 14.143, 11.476, 0.704], [0, 1]]
[[0.444, 13.423, 11.538, 0.741], [0.439, 13.974, 10.526, 0.747], [0, 1]]
[[0.461, 12.106, 11.435, 0.742], [0.441, 13.741, 10.541, 0.747], [1, 0]]
[[0.46, 12.176, 10.054, 0.736], [0.447, 12.88, 11.187, 0.754], [0, 1]]
[[0.458, 12.049, 11.488, 0.741], [0.441, 13.854, 10.488, 0.75], [1, 0]]
[[0.348, 13.0, 9.75, 0.577], [0.357, 14.5, 7.0, 0.59], [1, 0]]
[[0.431, 12.227, 10.227, 0.685], [0.443, 15.348, 11.087, 0.734], [1, 0]]
[[0.447, 13.5, 11.326, 0.736], [0.436, 13.413, 11.087, 0.756], [1, 0]]
[[0.462, 12.218, 10.436, 0.749], [0.456, 13.462, 11.718, 0.731], [1, 0]]
[[0.444, 13.36, 12.04, 0.731], [0.448, 13.88, 10.32, 0.76], [0, 1]]
[[0.424, 13.16, 9.92, 0.736], [0.412, 14.652, 10.522, 0.717], [1, 0]]
[[0.464, 13.217, 11.87, 0.756], [0.472, 16.233, 10.326, 0.761], [1, 0]]
[[0.445, 14.125, 10.625, 0.736], [0.436, 12.348, 10.043, 0.696], [1, 0]]
[[0.457, 14.405, 11.101, 0.76], [0.476, 15.532, 10.468, 0.761], [0, 1]]
[[0.44, 12.346, 9.962, 0.691], [0.448, 13.786, 10.429, 0.764], [1, 0]]
[[0.427, 11.95, 9.6, 0.663], [0.443, 14.5, 10.5, 0.721], [1, 0]]
[[0.46, 12.507, 9.855, 0.735], [0.454, 13.667, 11.783, 0.736], [1, 0]]
[[0.452, 12.818, 9.773, 0.74], [0.453, 12.93, 10.581, 0.74], [1, 0]]
[[0.42, 13.357, 10.548, 0.755], [0.45, 12.463, 10.488, 0.74], [0, 1]]
[[0.443, 12.792, 10.0, 0.703], [0.434, 12.16, 10.6, 0.737], [1, 0]]
[[0.446, 13.062, 10.0, 0.72], [0.437, 13.724, 11.828, 0.731], [1, 0]]
[[0.355, 8.5, 7.5, 0.622], [0.331, 8.75, 9.75, 0.531], [1, 0]]
[[0.435, 15.611, 10.889, 0.752], [0.438, 13.222, 10.389, 0.736], [1, 0]]
[[0.377, 10.4, 8.4, 0.593], [0.336, 9.0, 10.833, 0.62], [1, 0]]
[[0.397, 10.143, 8.571, 0.649], [0.355, 9.286, 10.571, 0.654], [1, 0]]
[[0.41, 11.615, 9.385, 0.687], [0.422, 10.0, 9.8, 0.66], [1, 0]]
[[0.431, 14.231, 11.077, 0.716], [0.443, 14.074, 10.407, 0.736], [0, 1]]
[[0.383, 11.375, 7.75, 0.656], [0.407, 13.857, 9.0, 0.677], [1, 0]]
[[0.463, 14.346, 9.538, 0.735], [0.458, 13.769, 10.718, 0.763], [0, 1]]
[[0.405, 13.5, 9.7, 0.642], [0.397, 13.667, 7.889, 0.688], [0, 1]]
[[0.438, 12.682, 10.091, 0.75], [0.446, 12.628, 11.512, 0.765], [0, 1]]
[[0.447, 11.881, 10.19, 0.727], [0.466, 14.214, 12.571, 0.728], [1, 0]]
[[0.421, 13.488, 10.465, 0.754], [0.441, 13.279, 9.93, 0.707], [0, 1]]
[[0.473, 13.68, 10.28, 0.735], [0.459, 14.538, 10.365, 0.765], [1, 0]]
[[0.453, 14.413, 9.848, 0.712], [0.446, 12.959, 11.694, 0.742], [0, 1]]
[[0.447, 12.135, 10.514, 0.737], [0.444, 14.147, 10.912, 0.719], [0, 1]]
[[0.446, 12.78, 11.61, 0.761], [0.448, 14.86, 11.512, 0.743], [0, 1]]
[[0.426, 14.0, 9.176, 0.73], [0.422, 15.267, 9.4, 0.702], [1, 0]]
[[0.433, 14.182, 11.091, 0.698], [0.416, 14.364, 11.636, 0.75], [0, 1]]
[[0.453, 12.776, 11.403, 0.759], [0.445, 12.294, 10.471, 0.74], [0, 1]]
[[0.454, 12.452, 11.429, 0.731], [0.461, 14.119, 11.333, 0.737], [1, 0]]
[[0.439, 13.206, 9.735, 0.689], [0.425, 13.688, 11.688, 0.724], [0, 1]]
[[0.451, 13.036, 10.345, 0.779], [0.462, 12.238, 10.143, 0.731], [1, 0]]
[[0.46, 12.377, 9.844, 0.736], [0.458, 12.145, 11.487, 0.739], [1, 0]]
[[0.432, 13.273, 8.0, 0.648], [0.411, 11.7, 9.7, 0.71], [0, 1]]
[[0.445, 11.636, 11.682, 0.718], [0.413, 13.81, 12.143, 0.684], [1, 0]]
[[0.449, 14.265, 10.176, 0.698], [0.452, 12.235, 10.412, 0.733], [1, 0]]
[[0.42, 12.667, 11.667, 0.601], [0.364, 12.75, 7.25, 0.545], [0, 1]]
[[0.448, 13.643, 11.743, 0.744], [0.442, 14.549, 10.634, 0.738], [0, 1]]
[[0.419, 14.208, 11.375, 0.748], [0.415, 15.08, 10.52, 0.724], [1, 0]]
[[0.461, 12.348, 10.152, 0.75], [0.464, 14.5, 10.5, 0.764], [0, 1]]
[[0.421, 13.689, 10.489, 0.756], [0.446, 12.568, 11.614, 0.768], [0, 1]]
[[0.432, 14.4, 11.48, 0.716], [0.464, 16.148, 9.519, 0.746], [1, 0]]
[[0.456, 14.218, 11.423, 0.777], [0.47, 13.684, 10.722, 0.744], [0, 1]]
[[0.426, 13.1, 8.2, 0.644], [0.419, 11.667, 10.556, 0.692], [1, 0]]
[[0.46, 12.651, 9.794, 0.739], [0.444, 13.246, 11.131, 0.756], [1, 0]]
[[0.464, 12.15, 9.575, 0.719], [0.464, 14.175, 12.65, 0.723], [0, 1]]
[[0.453, 14.333, 11.362, 0.757], [0.47, 13.203, 11.623, 0.756], [0, 1]]
[[0.451, 13.866, 10.829, 0.766], [0.459, 13.317, 11.573, 0.739], [1, 0]]
[[0.453, 11.848, 10.435, 0.742], [0.445, 13.432, 11.159, 0.744], [1, 0]]
[[0.448, 13.667, 11.694, 0.744], [0.445, 14.616, 10.63, 0.737], [0, 1]]
[[0.456, 14.381, 9.349, 0.727], [0.437, 13.969, 10.172, 0.748], [0, 1]]
[[0.227, 6.5, 3.5, 0.379], [0.19, 6.5, 6.0, 0.405], [1, 0]]
[[0.442, 14.133, 10.4, 0.745], [0.446, 11.929, 10.857, 0.728], [0, 1]]
[[0.442, 12.92, 10.92, 0.722], [0.435, 14.773, 9.545, 0.73], [0, 1]]
[[0.449, 14.267, 9.8, 0.693], [0.435, 13.871, 11.129, 0.723], [0, 1]]
[[0.423, 15.267, 10.1, 0.726], [0.44, 14.9, 9.4, 0.74], [1, 0]]
[[0.455, 13.494, 11.766, 0.729], [0.455, 14.408, 11.211, 0.758], [0, 1]]
[[0.399, 11.333, 8.667, 0.661], [0.354, 15.375, 9.875, 0.625], [1, 0]]
[[0.438, 13.87, 10.783, 0.747], [0.441, 13.208, 11.625, 0.739], [1, 0]]
[[0.456, 12.618, 10.182, 0.733], [0.47, 14.0, 10.333, 0.739], [0, 1]]
[[0.441, 12.238, 9.714, 0.694], [0.43, 14.8, 9.4, 0.716], [1, 0]]
[[0.447, 13.583, 10.783, 0.766], [0.462, 12.833, 10.333, 0.748], [1, 0]]
[[0.25, 6.5, 4.0, 0.35], [0.453, 12.976, 10.024, 0.74], [0, 1]]
[[0.424, 14.2, 12.333, 0.72], [0.435, 15.2, 9.533, 0.709], [1, 0]]
[[0.452, 14.324, 9.973, 0.703], [0.454, 12.684, 11.211, 0.727], [0, 1]]
[[0.412, 14.417, 10.5, 0.674], [0.421, 13.714, 8.5, 0.714], [0, 1]]
[[0.436, 12.407, 9.37, 0.677], [0.447, 11.48, 10.8, 0.724], [0, 1]]
[[0.463, 12.088, 9.471, 0.731], [0.443, 13.257, 11.743, 0.735], [1, 0]]
[[0.459, 12.058, 10.404, 0.753], [0.473, 13.714, 10.265, 0.734], [0, 1]]
[[0.445, 14.137, 11.255, 0.758], [0.47, 16.06, 10.56, 0.761], [1, 0]]
[[0.465, 13.2, 11.844, 0.754], [0.433, 13.738, 11.786, 0.725], [0, 1]]
[[0.447, 13.511, 11.596, 0.735], [0.455, 13.787, 10.723, 0.757], [1, 0]]
[[0.449, 14.278, 10.167, 0.7], [0.453, 13.179, 10.667, 0.743], [1, 0]]
[[0.455, 12.161, 11.375, 0.731], [0.467, 14.0, 10.456, 0.742], [1, 0]]
[[0.44, 13.7, 11.425, 0.724], [0.46, 14.275, 11.35, 0.737], [1, 0]]
[[0.424, 12.308, 8.077, 0.656], [0.413, 13.538, 8.231, 0.704], [1, 0]]
[[0.421, 12.556, 11.0, 0.72], [0.391, 12.875, 10.625, 0.717], [1, 0]]
[[0.436, 12.167, 10.533, 0.74], [0.45, 11.423, 10.692, 0.728], [1, 0]]
[[0.446, 13.351, 11.649, 0.733], [0.435, 13.973, 11.568, 0.729], [0, 1]]
[[0.442, 13.692, 8.615, 0.654], [0.454, 14.667, 9.833, 0.678], [1, 0]]
[[0.19, 6.5, 6.0, 0.405], [0.283, 8.0, 3.5, 0.412], [0, 1]]
[[0.437, 14.556, 10.356, 0.743], [0.464, 13.292, 11.771, 0.759], [1, 0]]
[[0.453, 13.012, 9.988, 0.74], [0.447, 14.488, 10.663, 0.741], [1, 0]]
[[0.458, 14.04, 11.28, 0.736], [0.463, 13.057, 11.792, 0.754], [0, 1]]
[[0.455, 12.941, 9.647, 0.742], [0.463, 14.265, 12.49, 0.731], [1, 0]]
[[0.449, 13.077, 9.974, 0.741], [0.465, 14.325, 12.325, 0.735], [1, 0]]
[[0.409, 11.636, 7.636, 0.675], [0.433, 12.182, 10.091, 0.701], [1, 0]]
[[0.459, 12.541, 9.623, 0.742], [0.462, 12.672, 10.362, 0.748], [1, 0]]
[[0.439, 13.525, 9.925, 0.703], [0.459, 14.175, 10.575, 0.748], [0, 1]]
[[0.458, 13.787, 11.525, 0.732], [0.45, 14.183, 11.233, 0.757], [0, 1]]
[[0.455, 14.272, 11.543, 0.776], [0.475, 15.469, 10.407, 0.762], [0, 1]]
[[0.436, 15.706, 10.882, 0.749], [0.45, 13.235, 11.882, 0.706], [0, 1]]
[[0.446, 14.286, 11.393, 0.756], [0.463, 13.136, 11.712, 0.753], [0, 1]]
[[0.432, 13.091, 10.03, 0.746], [0.438, 13.412, 10.647, 0.76], [0, 1]]
[[0.467, 14.233, 12.219, 0.733], [0.479, 15.819, 10.389, 0.759], [0, 1]]
[[0.462, 14.032, 11.645, 0.71], [0.45, 13.364, 10.727, 0.755], [1, 0]]
[[0.44, 12.382, 10.029, 0.716], [0.441, 13.889, 11.056, 0.745], [1, 0]]
[[0.439, 13.525, 10.875, 0.758], [0.447, 14.951, 11.634, 0.743], [1, 0]]
[[0.453, 12.735, 11.338, 0.758], [0.458, 13.588, 10.838, 0.76], [0, 1]]
[[0.452, 13.059, 10.853, 0.732], [0.424, 15.097, 10.323, 0.732], [1, 0]]
[[0.466, 14.208, 12.415, 0.732], [0.463, 12.982, 11.745, 0.753], [0, 1]]
[[0.443, 12.887, 10.21, 0.775], [0.444, 14.339, 10.271, 0.742], [1, 0]]
[[0.448, 13.854, 10.878, 0.753], [0.445, 13.4, 11.375, 0.739], [0, 1]]
[[0.454, 13.5, 11.689, 0.737], [0.445, 13.473, 11.486, 0.742], [0, 1]]
[[0.451, 13.838, 10.887, 0.765], [0.446, 14.463, 10.662, 0.738], [1, 0]]
[[0.447, 14.042, 9.458, 0.667], [0.414, 13.696, 12.174, 0.692], [1, 0]]
[[0.439, 12.739, 10.087, 0.699], [0.439, 13.955, 10.591, 0.748], [0, 1]]
[[0.432, 14.0, 11.185, 0.717], [0.446, 13.214, 12.214, 0.748], [1, 0]]
[[0.466, 12.818, 10.273, 0.755], [0.477, 15.649, 10.506, 0.76], [0, 1]]
[[0.46, 12.382, 10.309, 0.751], [0.474, 15.692, 10.569, 0.753], [1, 0]]
[[0.381, 15.231, 10.231, 0.66], [0.421, 15.636, 8.727, 0.665], [0, 1]]
[[0.433, 12.238, 10.714, 0.727], [0.434, 11.833, 10.167, 0.716], [0, 1]]
[[0.455, 11.851, 10.319, 0.744], [0.447, 11.933, 10.444, 0.729], [0, 1]]
[[0.453, 12.425, 11.375, 0.726], [0.463, 13.317, 11.951, 0.749], [1, 0]]
[[0.438, 12.03, 10.545, 0.74], [0.449, 13.452, 10.516, 0.763], [1, 0]]
[[0.428, 12.188, 8.812, 0.71], [0.414, 11.688, 11.812, 0.71], [1, 0]]
[[0.457, 12.962, 9.642, 0.745], [0.457, 13.627, 10.686, 0.763], [1, 0]]
[[0.44, 13.75, 11.906, 0.729], [0.469, 16.469, 9.812, 0.754], [1, 0]]
[[0.389, 12.333, 10.0, 0.719], [0.433, 13.222, 11.889, 0.672], [1, 0]]
[[0.434, 12.2, 11.05, 0.721], [0.428, 14.632, 9.474, 0.705], [1, 0]]
[[0.46, 12.846, 10.404, 0.749], [0.457, 14.0, 11.412, 0.735], [1, 0]]
[[0.467, 12.683, 10.317, 0.758], [0.458, 13.293, 11.598, 0.738], [1, 0]]
[[0.461, 12.28, 10.36, 0.751], [0.453, 14.205, 11.438, 0.771], [1, 0]]
[[0.429, 12.188, 11.188, 0.715], [0.416, 12.118, 9.059, 0.66], [0, 1]]
[[0.45, 11.5, 9.85, 0.712], [0.462, 13.955, 11.045, 0.705], [1, 0]]
[[0.451, 12.976, 10.412, 0.777], [0.461, 12.176, 10.188, 0.734], [0, 1]]
[[0.437, 14.614, 10.136, 0.741], [0.461, 14.222, 10.422, 0.751], [0, 1]]
[[0.438, 12.48, 10.04, 0.692], [0.44, 12.885, 11.269, 0.73], [1, 0]]
[[0.448, 12.386, 10.568, 0.735], [0.457, 14.091, 11.386, 0.731], [1, 0]]
[[0.439, 13.568, 10.173, 0.763], [0.451, 13.0, 11.037, 0.756], [1, 0]]
[[0.46, 12.08, 11.545, 0.743], [0.443, 13.705, 10.511, 0.751], [0, 1]]
[[0.43, 13.086, 10.314, 0.751], [0.449, 13.676, 11.5, 0.732], [0, 1]]
[[0.458, 13.556, 11.722, 0.73], [0.468, 14.167, 12.167, 0.733], [0, 1]]
[[0.437, 12.641, 10.308, 0.753], [0.445, 13.35, 11.6, 0.736], [0, 1]]
[[0.45, 13.581, 11.565, 0.746], [0.445, 13.641, 10.828, 0.767], [0, 1]]
[[0.45, 11.949, 10.462, 0.74], [0.447, 13.595, 11.703, 0.728], [1, 0]]
[[0.423, 15.31, 10.103, 0.724], [0.444, 14.167, 10.6, 0.742], [0, 1]]
[[0.466, 13.127, 11.635, 0.755], [0.461, 14.475, 10.557, 0.763], [1, 0]]
[[0.41, 12.889, 10.778, 0.641], [0.402, 13.625, 7.125, 0.684], [1, 0]]
[[0.426, 15.562, 11.125, 0.745], [0.427, 13.25, 10.438, 0.727], [0, 1]]
[[0.454, 14.421, 11.579, 0.702], [0.468, 12.833, 9.722, 0.707], [0, 1]]
[[0.453, 13.0, 10.035, 0.739], [0.447, 14.435, 10.659, 0.74], [1, 0]]
[[0.452, 14.074, 9.778, 0.685], [0.449, 15.241, 11.552, 0.728], [1, 0]]
[[0.45, 12.92, 10.347, 0.779], [0.462, 14.092, 10.447, 0.765], [1, 0]]
[[0.447, 14.05, 9.6, 0.659], [0.44, 11.059, 10.118, 0.703], [1, 0]]
[[0.442, 12.81, 10.19, 0.77], [0.429, 13.684, 10.281, 0.754], [1, 0]]
[[0.452, 12.213, 11.234, 0.737], [0.442, 13.521, 9.833, 0.713], [0, 1]]
[[0.436, 13.8, 12.067, 0.728], [0.462, 13.933, 11.667, 0.709], [1, 0]]
[[0.437, 12.61, 10.146, 0.753], [0.452, 13.0, 10.714, 0.743], [0, 1]]
[[0.454, 12.84, 9.64, 0.74], [0.444, 14.229, 11.208, 0.716], [1, 0]]
[[0.349, 9.0, 7.8, 0.634], [0.316, 9.6, 10.2, 0.591], [0, 1]]
[[0.439, 12.638, 10.255, 0.754], [0.466, 13.327, 11.714, 0.759], [0, 1]]
[[0.21, 11.0, 7.0, 0.431], [0.18, 7.0, 8.5, 0.323], [0, 1]]
[[0.41, 13.308, 10.077, 0.715], [0.439, 12.375, 10.812, 0.719], [0, 1]]
[[0.426, 13.625, 10.75, 0.698], [0.42, 15.333, 11.267, 0.735], [1, 0]]
[[0.422, 12.867, 9.533, 0.697], [0.456, 15.0, 9.857, 0.702], [0, 1]]
[[0.458, 12.348, 11.565, 0.737], [0.445, 14.565, 10.493, 0.739], [1, 0]]
[[0.454, 13.733, 10.711, 0.761], [0.448, 15.0, 11.447, 0.747], [1, 0]]
[[0.453, 14.333, 9.905, 0.71], [0.454, 11.911, 10.422, 0.742], [1, 0]]
[[0.435, 12.565, 11.13, 0.732], [0.444, 13.625, 10.542, 0.759], [1, 0]]
[[0.461, 12.122, 10.378, 0.744], [0.455, 14.28, 11.5, 0.776], [1, 0]]
[[0.435, 14.263, 11.632, 0.725], [0.433, 11.5, 10.75, 0.718], [1, 0]]
[[0.406, 14.0, 10.538, 0.676], [0.429, 9.75, 9.833, 0.672], [0, 1]]
[[0.44, 13.318, 11.636, 0.736], [0.444, 13.545, 10.5, 0.757], [0, 1]]
[[0.444, 14.194, 10.516, 0.743], [0.429, 13.5, 11.344, 0.75], [1, 0]]
[[0.444, 14.379, 10.362, 0.741], [0.466, 14.322, 12.288, 0.73], [1, 0]]
[[0.469, 12.312, 9.646, 0.728], [0.457, 14.122, 11.286, 0.735], [1, 0]]
[[0.451, 12.8, 10.733, 0.731], [0.421, 13.75, 11.429, 0.744], [1, 0]]
[[0.438, 13.62, 10.139, 0.761], [0.458, 13.722, 10.772, 0.764], [1, 0]]
[[0.444, 13.34, 10.83, 0.755], [0.458, 12.0, 10.245, 0.745], [1, 0]]
[[0.471, 13.632, 10.46, 0.745], [0.463, 13.977, 10.471, 0.763], [1, 0]]
[[0.458, 12.418, 11.478, 0.74], [0.446, 13.088, 11.221, 0.753], [1, 0]]
[[0.413, 14.556, 10.0, 0.682], [0.429, 13.7, 11.6, 0.667], [1, 0]]
[[0.459, 12.315, 9.877, 0.736], [0.462, 12.851, 10.419, 0.735], [1, 0]]
[[0.445, 12.745, 11.702, 0.74], [0.422, 13.596, 10.702, 0.756], [1, 0]]
[[0.46, 13.635, 10.81, 0.759], [0.444, 13.19, 11.159, 0.754], [0, 1]]
[[0.428, 13.692, 10.519, 0.755], [0.437, 14.18, 10.2, 0.746], [0, 1]]
[[0.443, 14.192, 11.25, 0.718], [0.473, 13.725, 10.333, 0.735], [0, 1]]
[[0.429, 12.095, 9.619, 0.671], [0.47, 15.45, 9.25, 0.732], [1, 0]]
[[0.456, 13.786, 11.018, 0.761], [0.436, 14.179, 10.125, 0.748], [0, 1]]
[[0.439, 13.462, 10.718, 0.761], [0.431, 14.703, 10.0, 0.736], [0, 1]]
[[0.466, 12.915, 10.268, 0.738], [0.456, 14.432, 11.086, 0.761], [1, 0]]
[[0.433, 13.065, 9.935, 0.748], [0.461, 14.233, 12.633, 0.719], [1, 0]]
[[0.445, 14.067, 11.3, 0.711], [0.457, 13.783, 11.433, 0.729], [0, 1]]
[[0.446, 13.015, 10.328, 0.778], [0.444, 13.2, 11.2, 0.752], [1, 0]]
[[0.441, 14.462, 10.423, 0.741], [0.452, 14.833, 11.37, 0.746], [1, 0]]
[[0.321, 8.333, 7.0, 0.495], [0.311, 10.0, 6.333, 0.544], [0, 1]]
[[0.456, 12.203, 11.406, 0.738], [0.461, 13.672, 10.703, 0.76], [0, 1]]
[[0.394, 10.75, 8.625, 0.645], [0.402, 13.429, 7.0, 0.659], [0, 1]]
[[0.378, 12.167, 9.5, 0.652], [0.375, 11.5, 11.167, 0.589], [1, 0]]
[[0.45, 14.0, 9.769, 0.679], [0.443, 13.222, 12.259, 0.747], [0, 1]]
[[0.444, 13.368, 10.842, 0.729], [0.447, 13.111, 12.056, 0.712], [0, 1]]
[[0.451, 13.756, 11.756, 0.747], [0.476, 15.526, 10.474, 0.762], [1, 0]]
[[0.357, 10.0, 6.75, 0.485], [0.319, 8.333, 7.333, 0.541], [0, 1]]
[[0.426, 14.294, 12.059, 0.723], [0.392, 13.056, 10.889, 0.721], [1, 0]]
[[0.438, 14.708, 9.917, 0.744], [0.446, 14.0, 10.462, 0.764], [0, 1]]
[[0.444, 12.849, 11.733, 0.746], [0.455, 14.186, 11.488, 0.776], [0, 1]]
[[0.436, 14.1, 11.65, 0.732], [0.444, 13.318, 12.182, 0.725], [1, 0]]
[[0.323, 10.333, 8.0, 0.411], [0.257, 7.0, 5.0, 0.37], [0, 1]]
[[0.455, 14.169, 11.403, 0.775], [0.455, 14.397, 11.154, 0.758], [1, 0]]
[[0.45, 13.603, 10.658, 0.764], [0.447, 12.878, 11.581, 0.746], [0, 1]]
[[0.45, 13.243, 9.771, 0.741], [0.46, 12.388, 9.881, 0.738], [1, 0]]
[[0.451, 13.687, 11.701, 0.743], [0.463, 14.246, 10.58, 0.766], [0, 1]]
[[0.267, 12.5, 3.0, 0.42], [0.2, 10.0, 6.0, 0.289], [1, 0]]
[[0.444, 14.455, 10.418, 0.741], [0.438, 14.182, 10.2, 0.748], [0, 1]]
[[0.435, 13.831, 10.183, 0.765], [0.45, 14.261, 11.609, 0.766], [1, 0]]
[[0.436, 12.756, 10.356, 0.75], [0.453, 13.75, 10.705, 0.759], [1, 0]]
[[0.433, 13.833, 11.367, 0.721], [0.456, 13.226, 11.871, 0.733], [0, 1]]
[[0.437, 12.6, 9.1, 0.667], [0.425, 12.2, 10.4, 0.697], [0, 1]]
[[0.444, 14.256, 11.093, 0.755], [0.449, 14.818, 11.409, 0.747], [1, 0]]
[[0.454, 12.667, 11.194, 0.757], [0.449, 13.139, 9.889, 0.741], [0, 1]]
[[0.286, 9.333, 7.333, 0.492], [0.288, 12.333, 9.333, 0.49], [1, 0]]
[[0.461, 12.312, 10.188, 0.752], [0.466, 14.344, 12.148, 0.731], [1, 0]]
[[0.46, 14.432, 9.514, 0.736], [0.462, 12.288, 10.055, 0.734], [0, 1]]
[[0.408, 11.467, 11.867, 0.708], [0.441, 13.467, 12.2, 0.704], [0, 1]]
[[0.447, 14.47, 10.687, 0.741], [0.445, 13.229, 11.446, 0.738], [0, 1]]
[[0.453, 14.375, 9.607, 0.721], [0.457, 13.842, 10.965, 0.76], [1, 0]]
[[0.459, 12.357, 11.557, 0.738], [0.463, 12.319, 10.101, 0.736], [1, 0]]
[[0.443, 13.558, 10.769, 0.761], [0.447, 12.302, 10.547, 0.736], [0, 1]]
[[0.384, 11.857, 9.286, 0.662], [0.364, 12.0, 10.667, 0.636], [0, 1]]
[[0.462, 12.812, 10.536, 0.751], [0.446, 13.057, 11.2, 0.757], [1, 0]]
[[0.435, 13.675, 10.052, 0.762], [0.44, 12.377, 10.571, 0.743], [0, 1]]
[[0.452, 12.775, 9.775, 0.735], [0.452, 11.85, 10.375, 0.738], [1, 0]]
[[0.424, 10.556, 9.0, 0.649], [0.404, 13.7, 8.1, 0.699], [0, 1]]
[[0.447, 13.62, 11.803, 0.742], [0.434, 13.753, 10.178, 0.764], [0, 1]]
[[0.445, 14.057, 10.914, 0.721], [0.447, 13.75, 11.556, 0.735], [1, 0]]
[[0.452, 14.225, 11.028, 0.716], [0.458, 13.592, 11.69, 0.731], [0, 1]]
[[0.443, 14.154, 11.179, 0.726], [0.446, 13.195, 11.488, 0.738], [0, 1]]
[[0.319, 9.75, 7.75, 0.587], [0.371, 11.8, 7.0, 0.543], [1, 0]]
[[0.443, 12.787, 10.246, 0.775], [0.457, 12.803, 10.361, 0.73], [1, 0]]
[[0.446, 12.825, 11.675, 0.743], [0.456, 14.375, 11.175, 0.76], [1, 0]]
[[0.395, 12.2, 9.3, 0.73], [0.416, 14.8, 11.4, 0.691], [1, 0]]
[[0.437, 13.278, 10.556, 0.759], [0.449, 13.857, 11.543, 0.733], [0, 1]]
[[0.454, 11.904, 11.308, 0.737], [0.446, 12.333, 10.574, 0.736], [0, 1]]
[[0.384, 12.0, 10.538, 0.711], [0.412, 16.1, 9.4, 0.671], [0, 1]]
[[0.453, 14.326, 9.791, 0.71], [0.445, 14.311, 11.044, 0.723], [1, 0]]
[[0.462, 14.303, 12.818, 0.725], [0.463, 13.2, 11.914, 0.735], [1, 0]]
[[0.445, 12.42, 10.449, 0.743], [0.461, 12.409, 9.894, 0.737], [0, 1]]
[[0.425, 9.909, 9.636, 0.664], [0.437, 11.923, 10.308, 0.694], [0, 1]]
[[0.455, 14.275, 11.4, 0.775], [0.47, 13.075, 11.688, 0.765], [1, 0]]
[[0.448, 14.186, 11.0, 0.727], [0.461, 14.349, 10.581, 0.749], [0, 1]]
[[0.424, 12.0, 7.5, 0.683], [0.453, 14.091, 10.0, 0.668], [1, 0]]
[[0.46, 12.833, 10.121, 0.733], [0.448, 14.328, 11.531, 0.758], [0, 1]]
[[0.444, 12.793, 11.747, 0.748], [0.454, 14.149, 11.471, 0.774], [0, 1]]
[[0.449, 13.133, 9.933, 0.742], [0.463, 14.12, 10.427, 0.765], [1, 0]]
[[0.443, 12.75, 10.214, 0.767], [0.444, 13.404, 9.684, 0.725], [1, 0]]
[[0.461, 12.222, 10.111, 0.733], [0.462, 14.123, 10.444, 0.764], [1, 0]]
[[0.427, 12.368, 11.0, 0.727], [0.451, 14.294, 12.059, 0.713], [0, 1]]
[[0.452, 14.873, 11.309, 0.744], [0.449, 13.434, 11.377, 0.738], [0, 1]]
[[0.435, 14.575, 10.15, 0.737], [0.461, 14.171, 11.341, 0.735], [1, 0]]
[[0.454, 12.182, 11.236, 0.732], [0.474, 15.786, 10.268, 0.762], [0, 1]]
[[0.44, 13.467, 9.933, 0.712], [0.437, 14.698, 10.163, 0.738], [1, 0]]
[[0.423, 15.429, 10.107, 0.726], [0.438, 13.241, 11.517, 0.731], [1, 0]]
[[0.443, 12.92, 9.84, 0.709], [0.439, 14.478, 9.826, 0.74], [1, 0]]
[[0.451, 13.455, 11.418, 0.745], [0.435, 13.421, 11.649, 0.734], [1, 0]]
[[0.441, 12.612, 10.163, 0.756], [0.469, 13.792, 10.396, 0.73], [0, 1]]
[[0.449, 13.549, 10.634, 0.766], [0.452, 14.211, 11.465, 0.769], [0, 1]]
[[0.458, 12.899, 11.316, 0.751], [0.441, 12.443, 10.519, 0.738], [0, 1]]
[[0.317, 7.0, 5.0, 0.468], [0.26, 7.333, 10.333, 0.479], [1, 0]]
[[0.426, 14.2, 10.467, 0.724], [0.429, 13.154, 11.846, 0.689], [1, 0]]
[[0.443, 12.875, 12.25, 0.746], [0.464, 13.969, 11.531, 0.712], [1, 0]]
[[0.422, 13.545, 11.364, 0.666], [0.388, 13.818, 11.364, 0.62], [0, 1]]
[[0.45, 13.773, 11.667, 0.744], [0.465, 12.792, 10.247, 0.736], [1, 0]]
[[0.449, 13.952, 10.786, 0.753], [0.444, 13.366, 11.561, 0.738], [1, 0]]
[[0.456, 13.64, 10.78, 0.758], [0.436, 14.082, 10.327, 0.744], [0, 1]]
[[0.452, 14.25, 9.75, 0.687], [0.418, 13.75, 11.536, 0.739], [1, 0]]
[[0.424, 14.05, 11.05, 0.7], [0.434, 12.429, 11.095, 0.728], [0, 1]]
[[0.414, 13.882, 11.353, 0.731], [0.452, 14.333, 11.278, 0.706], [0, 1]]
[[0.467, 12.0, 9.5, 0.723], [0.444, 14.077, 11.077, 0.75], [1, 0]]
[[0.415, 14.958, 10.583, 0.723], [0.445, 14.4, 10.52, 0.73], [1, 0]]
[[0.424, 13.091, 9.591, 0.724], [0.442, 11.81, 11.762, 0.717], [0, 1]]
[[0.46, 12.486, 9.829, 0.735], [0.432, 13.826, 10.232, 0.764], [1, 0]]
[[0.436, 13.119, 11.333, 0.759], [0.464, 13.341, 11.932, 0.752], [0, 1]]
[[0.445, 12.867, 11.644, 0.74], [0.453, 12.739, 10.457, 0.749], [0, 1]]
[[0.452, 12.083, 11.354, 0.739], [0.446, 14.082, 11.265, 0.76], [0, 1]]
[[0.407, 13.333, 10.333, 0.705], [0.39, 15.214, 10.286, 0.666], [0, 1]]
[[0.456, 12.948, 11.325, 0.752], [0.466, 12.816, 10.316, 0.755], [0, 1]]
[[0.453, 13.716, 11.654, 0.748], [0.459, 12.148, 11.494, 0.741], [0, 1]]
[[0.428, 12.4, 10.95, 0.727], [0.461, 12.882, 10.0, 0.695], [0, 1]]
[[0.198, 4.5, 5.5, 0.397], [0.232, 4.5, 4.5, 0.416], [1, 0]]
[[0.456, 12.295, 11.23, 0.734], [0.451, 12.672, 11.426, 0.76], [1, 0]]
[[0.391, 9.4, 9.8, 0.583], [0.397, 10.667, 11.0, 0.678], [0, 1]]
[[0.448, 13.189, 9.946, 0.742], [0.453, 14.365, 11.284, 0.758], [1, 0]]
[[0.444, 14.188, 11.438, 0.697], [0.39, 12.765, 10.941, 0.722], [1, 0]]
[[0.452, 12.871, 10.774, 0.729], [0.438, 12.296, 10.259, 0.693], [1, 0]]
[[0.399, 13.0, 8.571, 0.651], [0.379, 12.286, 10.571, 0.645], [1, 0]]
[[0.436, 14.707, 10.22, 0.739], [0.447, 12.5, 10.524, 0.737], [1, 0]]
[[0.395, 9.5, 9.25, 0.541], [0.352, 10.0, 9.0, 0.557], [0, 1]]
[[0.449, 14.444, 9.63, 0.722], [0.462, 12.069, 10.241, 0.746], [1, 0]]
[[0.424, 13.673, 10.551, 0.75], [0.458, 12.796, 10.388, 0.748], [0, 1]]
[[0.444, 11.902, 10.146, 0.726], [0.463, 12.073, 9.732, 0.717], [0, 1]]
[[0.462, 12.362, 9.845, 0.737], [0.466, 13.097, 11.565, 0.754], [1, 0]]
[[0.447, 12.277, 10.511, 0.735], [0.447, 13.413, 11.413, 0.74], [1, 0]]
[[0.443, 14.571, 10.457, 0.739], [0.444, 12.366, 10.521, 0.742], [0, 1]]
[[0.458, 12.91, 11.282, 0.752], [0.456, 13.41, 11.615, 0.739], [0, 1]]
[[0.462, 12.194, 10.21, 0.748], [0.439, 13.593, 11.627, 0.735], [0, 1]]
[[0.462, 13.852, 11.444, 0.701], [0.437, 14.654, 9.538, 0.734], [1, 0]]
[[0.441, 12.409, 10.045, 0.698], [0.454, 14.409, 11.682, 0.708], [0, 1]]
[[0.459, 14.393, 12.321, 0.72], [0.446, 13.828, 10.483, 0.767], [1, 0]]
[[0.458, 12.889, 9.667, 0.743], [0.438, 13.365, 11.058, 0.76], [1, 0]]
[[0.429, 12.5, 9.625, 0.677], [0.446, 13.333, 11.917, 0.729], [0, 1]]
[[0.452, 14.4, 9.889, 0.712], [0.454, 12.283, 11.37, 0.737], [0, 1]]
[[0.445, 12.894, 11.706, 0.746], [0.455, 14.259, 11.541, 0.776], [1, 0]]
[[0.414, 13.75, 11.0, 0.688], [0.398, 14.471, 10.059, 0.688], [0, 1]]
[[0.462, 12.293, 9.671, 0.737], [0.452, 12.975, 10.062, 0.74], [0, 1]]
[[0.45, 13.781, 11.603, 0.744], [0.469, 13.653, 10.667, 0.743], [0, 1]]
[[0.46, 12.413, 9.813, 0.737], [0.456, 13.52, 11.747, 0.73], [1, 0]]
[[0.455, 14.379, 9.621, 0.724], [0.443, 13.271, 11.034, 0.755], [0, 1]]
[[0.448, 12.655, 11.534, 0.761], [0.464, 13.15, 11.65, 0.753], [0, 1]]
[[0.391, 13.5, 9.25, 0.619], [0.43, 13.0, 12.25, 0.648], [1, 0]]
[[0.446, 12.785, 11.633, 0.746], [0.462, 14.1, 10.425, 0.765], [0, 1]]
[[0.431, 12.167, 11.611, 0.721], [0.429, 11.611, 11.056, 0.724], [0, 1]]
[[0.432, 14.579, 10.0, 0.736], [0.465, 12.051, 9.513, 0.722], [1, 0]]
[[0.451, 13.07, 10.282, 0.774], [0.46, 12.904, 10.466, 0.736], [0, 1]]
[[0.444, 13.203, 11.172, 0.752], [0.467, 14.246, 12.108, 0.732], [0, 1]]
[[0.448, 14.111, 11.333, 0.717], [0.447, 14.371, 11.419, 0.756], [0, 1]]
[[0.419, 13.889, 11.556, 0.732], [0.434, 14.778, 9.741, 0.734], [0, 1]]
[[0.441, 13.242, 9.545, 0.691], [0.449, 14.971, 11.257, 0.736], [1, 0]]
[[0.416, 14.381, 11.429, 0.741], [0.412, 13.792, 11.458, 0.732], [1, 0]]
[[0.453, 12.988, 10.024, 0.739], [0.447, 14.381, 10.655, 0.741], [1, 0]]
[[0.459, 14.333, 9.242, 0.729], [0.46, 12.515, 9.853, 0.734], [0, 1]]
[[0.468, 13.857, 9.976, 0.72], [0.461, 14.317, 10.488, 0.748], [0, 1]]
[[0.429, 14.941, 10.029, 0.737], [0.429, 14.0, 11.647, 0.726], [1, 0]]
[[0.303, 11.25, 8.5, 0.55], [0.299, 11.0, 8.0, 0.521], [1, 0]]
[[0.451, 13.467, 11.65, 0.741], [0.436, 13.903, 10.258, 0.748], [0, 1]]
[[0.461, 12.597, 9.694, 0.739], [0.458, 13.783, 10.917, 0.758], [1, 0]]
[[0.462, 12.369, 9.702, 0.735], [0.444, 13.238, 11.393, 0.738], [1, 0]]
[[0.412, 14.524, 10.19, 0.717], [0.444, 13.739, 10.348, 0.76], [1, 0]]
[[0.422, 13.769, 11.769, 0.697], [0.393, 13.917, 11.25, 0.627], [1, 0]]
[[0.465, 14.195, 12.585, 0.725], [0.462, 13.419, 11.977, 0.751], [1, 0]]
[[0.452, 13.139, 10.611, 0.736], [0.459, 12.091, 9.515, 0.73], [1, 0]]
[[0.456, 14.215, 11.405, 0.776], [0.462, 14.165, 10.443, 0.766], [0, 1]]
[[0.411, 14.0, 11.143, 0.684], [0.438, 13.0, 10.733, 0.696], [1, 0]]
[[0.44, 13.587, 10.0, 0.714], [0.465, 14.341, 12.614, 0.728], [0, 1]]
[[0.468, 14.169, 12.141, 0.733], [0.478, 15.686, 10.343, 0.758], [1, 0]]
[[0.444, 12.343, 10.493, 0.741], [0.444, 13.53, 11.682, 0.738], [1, 0]]
[[0.357, 11.5, 6.25, 0.586], [0.342, 11.0, 8.5, 0.618], [1, 0]]
[[0.45, 14.159, 11.174, 0.716], [0.46, 12.855, 10.217, 0.737], [0, 1]]
[[0.456, 13.887, 11.453, 0.738], [0.447, 13.481, 11.404, 0.742], [1, 0]]
[[0.449, 14.369, 11.523, 0.76], [0.444, 13.152, 11.197, 0.753], [1, 0]]
[[0.462, 14.345, 12.379, 0.718], [0.466, 16.143, 9.393, 0.746], [1, 0]]
[[0.268, 7.0, 7.333, 0.569], [0.326, 13.0, 4.667, 0.492], [0, 1]]
[[0.44, 12.917, 11.208, 0.721], [0.439, 15.182, 11.0, 0.742], [1, 0]]
[[0.444, 12.66, 10.1, 0.759], [0.471, 16.061, 10.531, 0.758], [1, 0]]
[[0.449, 13.453, 11.321, 0.744], [0.463, 14.393, 10.464, 0.766], [1, 0]]
[[0.451, 13.682, 11.697, 0.746], [0.47, 13.618, 10.559, 0.74], [0, 1]]
[[0.442, 14.152, 11.283, 0.761], [0.43, 13.533, 11.844, 0.727], [0, 1]]
[[0.451, 12.78, 9.756, 0.737], [0.47, 16.568, 10.135, 0.76], [1, 0]]
[[0.429, 12.2, 11.067, 0.719], [0.418, 11.733, 10.867, 0.673], [0, 1]]
[[0.461, 14.411, 9.452, 0.735], [0.456, 13.5, 11.757, 0.729], [1, 0]]
[[0.359, 12.4, 7.8, 0.569], [0.281, 13.0, 8.5, 0.526], [1, 0]]
[[0.457, 13.575, 11.74, 0.73], [0.447, 12.903, 11.181, 0.757], [0, 1]]
[[0.419, 14.08, 11.48, 0.749], [0.458, 14.259, 11.963, 0.721], [0, 1]]
[[0.449, 12.788, 11.0, 0.726], [0.44, 13.097, 11.452, 0.729], [1, 0]]
[[0.452, 14.293, 10.0, 0.706], [0.444, 13.476, 11.405, 0.738], [0, 1]]
[[0.455, 12.962, 9.673, 0.743], [0.447, 12.451, 10.725, 0.735], [1, 0]]
[[0.435, 10.231, 10.077, 0.685], [0.43, 14.923, 8.538, 0.67], [1, 0]]
[[0.436, 14.0, 11.314, 0.719], [0.44, 13.459, 9.838, 0.698], [1, 0]]
[[0.454, 13.909, 11.509, 0.735], [0.473, 15.87, 10.222, 0.765], [0, 1]]
[[0.46, 12.764, 10.291, 0.745], [0.441, 13.393, 10.982, 0.751], [1, 0]]
[[0.429, 14.714, 10.029, 0.736], [0.448, 13.833, 10.444, 0.753], [0, 1]]
[[0.427, 12.143, 8.357, 0.705], [0.406, 12.909, 10.455, 0.697], [1, 0]]
[[0.412, 13.625, 10.688, 0.732], [0.468, 15.059, 9.118, 0.716], [0, 1]]
[[0.467, 12.174, 9.674, 0.726], [0.465, 14.283, 12.63, 0.731], [1, 0]]
[[0.424, 14.211, 10.842, 0.702], [0.445, 12.818, 11.091, 0.722], [0, 1]]
[[0.443, 12.367, 10.567, 0.741], [0.436, 13.932, 10.169, 0.748], [0, 1]]
[[0.44, 13.667, 10.8, 0.763], [0.438, 12.867, 9.367, 0.684], [0, 1]]
[[0.454, 12.726, 11.247, 0.757], [0.438, 13.944, 10.38, 0.743], [1, 0]]
[[0.45, 13.692, 10.885, 0.764], [0.466, 14.346, 12.346, 0.735], [1, 0]]
[[0.415, 13.091, 9.545, 0.662], [0.416, 11.6, 10.1, 0.679], [0, 1]]
[[0.45, 14.262, 10.952, 0.724], [0.434, 13.829, 11.61, 0.724], [1, 0]]
[[0.451, 13.195, 10.683, 0.745], [0.449, 13.8, 10.65, 0.754], [1, 0]]
[[0.422, 13.0, 11.444, 0.662], [0.431, 14.0, 11.364, 0.663], [1, 0]]
[[0.434, 12.345, 10.69, 0.737], [0.436, 12.643, 9.5, 0.679], [0, 1]]
[[0.421, 13.523, 10.591, 0.753], [0.445, 13.535, 11.326, 0.742], [1, 0]]
[[0.458, 12.804, 10.431, 0.749], [0.436, 13.367, 11.102, 0.758], [1, 0]]
[[0.456, 13.709, 10.927, 0.764], [0.445, 14.259, 11.315, 0.759], [0, 1]]
[[0.45, 13.426, 11.407, 0.743], [0.461, 12.768, 10.357, 0.746], [0, 1]]
[[0.459, 11.964, 9.679, 0.729], [0.442, 14.862, 9.414, 0.739], [1, 0]]
[[0.456, 11.833, 10.143, 0.733], [0.44, 13.341, 9.878, 0.708], [1, 0]]
[[0.423, 11.909, 10.364, 0.701], [0.408, 11.333, 10.417, 0.664], [1, 0]]
[[0.342, 10.6, 11.0, 0.548], [0.407, 11.8, 11.4, 0.588], [1, 0]]
[[0.419, 13.429, 8.0, 0.613], [0.366, 10.0, 11.875, 0.65], [0, 1]]
[[0.433, 13.704, 12.0, 0.73], [0.44, 13.179, 11.464, 0.736], [1, 0]]
[[0.391, 11.222, 7.667, 0.65], [0.407, 11.6, 8.4, 0.673], [1, 0]]
[[0.404, 13.312, 11.625, 0.653], [0.427, 15.294, 10.059, 0.7], [0, 1]]
[[0.442, 14.207, 10.483, 0.742], [0.421, 13.536, 11.679, 0.709], [1, 0]]
[[0.431, 13.111, 10.306, 0.747], [0.443, 13.176, 11.559, 0.74], [1, 0]]
[[0.448, 14.257, 10.143, 0.698], [0.455, 12.75, 11.333, 0.732], [0, 1]]
[[0.264, 9.333, 6.333, 0.498], [0.227, 6.5, 3.5, 0.379], [0, 1]]
[[0.432, 14.389, 11.5, 0.73], [0.421, 12.211, 10.737, 0.707], [1, 0]]
[[0.439, 15.077, 9.462, 0.7], [0.387, 12.214, 10.571, 0.716], [1, 0]]
[[0.441, 12.562, 10.188, 0.754], [0.458, 12.02, 10.24, 0.75], [0, 1]]
[[0.417, 11.714, 10.714, 0.679], [0.432, 13.429, 12.429, 0.691], [1, 0]]
[[0.442, 14.062, 8.812, 0.664], [0.44, 13.062, 10.812, 0.698], [1, 0]]
[[0.448, 13.431, 11.216, 0.741], [0.441, 14.569, 10.431, 0.745], [0, 1]]
[[0.429, 14.806, 10.0, 0.736], [0.459, 14.351, 12.649, 0.723], [1, 0]]
[[0.441, 12.382, 10.605, 0.741], [0.455, 13.547, 11.72, 0.738], [1, 0]]
[[0.46, 12.646, 9.754, 0.737], [0.436, 13.952, 10.19, 0.746], [0, 1]]
[[0.45, 12.923, 9.744, 0.732], [0.457, 14.054, 10.649, 0.75], [0, 1]]
[[0.462, 12.754, 10.344, 0.744], [0.46, 13.677, 10.806, 0.76], [1, 0]]
[[0.459, 12.944, 10.5, 0.735], [0.471, 13.606, 10.648, 0.742], [0, 1]]
[[0.466, 14.333, 12.079, 0.732], [0.44, 13.661, 11.839, 0.737], [1, 0]]
[[0.451, 12.791, 9.86, 0.738], [0.447, 14.175, 11.0, 0.725], [1, 0]]
[[0.418, 12.056, 10.889, 0.698], [0.449, 14.059, 11.353, 0.703], [0, 1]]
[[0.397, 11.571, 7.0, 0.63], [0.383, 12.0, 10.0, 0.668], [1, 0]]
[[0.462, 14.371, 12.857, 0.722], [0.466, 13.611, 10.222, 0.713], [0, 1]]
[[0.441, 14.027, 11.243, 0.722], [0.446, 13.289, 11.605, 0.732], [0, 1]]
[[0.25, 6.5, 4.0, 0.35], [0.278, 7.5, 4.0, 0.412], [0, 1]]
[[0.452, 12.3, 10.5, 0.731], [0.446, 13.98, 11.24, 0.761], [0, 1]]
[[0.388, 13.0, 11.0, 0.668], [0.324, 15.8, 9.0, 0.514], [0, 1]]
[[0.446, 14.196, 11.161, 0.714], [0.454, 14.089, 11.482, 0.737], [1, 0]]
[[0.462, 12.302, 10.175, 0.748], [0.451, 14.661, 11.419, 0.749], [1, 0]]
[[0.459, 13.679, 10.753, 0.764], [0.442, 12.519, 10.519, 0.741], [0, 1]]
[[0.419, 12.25, 8.0, 0.656], [0.375, 15.273, 9.909, 0.642], [1, 0]]
[[0.455, 12.25, 9.875, 0.715], [0.463, 16.077, 9.5, 0.748], [1, 0]]
[[0.45, 12.679, 11.446, 0.76], [0.435, 13.411, 11.679, 0.734], [0, 1]]
[[0.449, 13.603, 11.779, 0.744], [0.461, 12.479, 10.282, 0.748], [0, 1]]
[[0.461, 12.304, 9.75, 0.738], [0.446, 14.193, 11.404, 0.755], [1, 0]]
[[0.465, 14.0, 11.261, 0.702], [0.442, 15.4, 11.32, 0.73], [1, 0]]
[[0.459, 12.951, 11.22, 0.748], [0.444, 12.488, 10.451, 0.739], [0, 1]]
[[0.448, 12.918, 11.475, 0.739], [0.461, 14.417, 10.55, 0.765], [1, 0]]
[[0.381, 12.833, 8.333, 0.583], [0.356, 11.0, 10.8, 0.635], [1, 0]]
[[0.396, 12.875, 9.75, 0.633], [0.412, 14.0, 10.0, 0.641], [0, 1]]
[[0.45, 14.342, 9.947, 0.704], [0.433, 13.103, 11.462, 0.756], [1, 0]]
[[0.338, 15.571, 10.0, 0.633], [0.364, 12.143, 10.143, 0.55], [0, 1]]
[[0.454, 14.306, 9.694, 0.717], [0.436, 13.4, 11.04, 0.76], [1, 0]]
[[0.455, 12.739, 11.319, 0.757], [0.445, 13.058, 11.203, 0.756], [1, 0]]
[[0.452, 14.176, 8.647, 0.676], [0.44, 13.222, 10.833, 0.724], [1, 0]]
[[0.45, 13.211, 9.817, 0.742], [0.445, 12.4, 10.486, 0.742], [1, 0]]
[[0.447, 12.929, 10.679, 0.731], [0.444, 11.667, 10.875, 0.726], [0, 1]]
[[0.445, 11.421, 10.0, 0.711], [0.471, 13.048, 10.0, 0.714], [0, 1]]
[[0.439, 13.548, 10.968, 0.761], [0.427, 13.516, 11.29, 0.748], [1, 0]]
[[0.441, 13.469, 9.878, 0.714], [0.447, 13.426, 11.255, 0.738], [1, 0]]
[[0.457, 13.703, 11.719, 0.731], [0.447, 14.365, 11.492, 0.758], [0, 1]]
[[0.413, 14.727, 10.091, 0.713], [0.457, 12.286, 9.762, 0.71], [0, 1]]
[[0.425, 13.235, 9.588, 0.691], [0.41, 12.933, 10.467, 0.726], [1, 0]]
[[0.443, 12.807, 10.246, 0.771], [0.442, 12.241, 10.621, 0.739], [1, 0]]
[[0.42, 13.833, 9.167, 0.712], [0.434, 13.231, 11.462, 0.681], [0, 1]]
[[0.455, 12.896, 9.75, 0.735], [0.447, 14.854, 11.5, 0.747], [1, 0]]
[[0.446, 12.365, 10.673, 0.736], [0.43, 13.66, 11.68, 0.73], [0, 1]]
[[0.454, 14.49, 9.608, 0.721], [0.455, 12.444, 10.259, 0.73], [0, 1]]
[[0.464, 14.114, 11.4, 0.724], [0.463, 13.222, 12.028, 0.737], [0, 1]]
[[0.44, 13.846, 10.808, 0.755], [0.447, 13.926, 10.519, 0.765], [0, 1]]
[[0.451, 13.0, 10.333, 0.774], [0.451, 14.181, 11.125, 0.717], [1, 0]]
[[0.25, 5.0, 2.5, 0.295], [0.262, 5.0, 5.5, 0.35], [0, 1]]
[[0.45, 13.877, 10.877, 0.765], [0.47, 13.062, 11.642, 0.765], [0, 1]]
[[0.448, 13.842, 9.053, 0.672], [0.407, 14.611, 9.944, 0.7], [1, 0]]
[[0.449, 13.0, 10.365, 0.778], [0.48, 15.795, 10.301, 0.758], [1, 0]]
[[0.421, 13.459, 10.703, 0.751], [0.443, 14.027, 10.973, 0.744], [0, 1]]
[[0.445, 12.725, 10.039, 0.761], [0.449, 14.882, 11.549, 0.75], [0, 1]]
[[0.46, 12.198, 10.407, 0.744], [0.446, 12.802, 11.679, 0.745], [1, 0]]
[[0.422, 14.188, 8.875, 0.729], [0.442, 12.933, 10.267, 0.713], [1, 0]]
[[0.448, 12.794, 11.544, 0.746], [0.477, 15.836, 10.567, 0.754], [1, 0]]
[[0.448, 12.845, 11.362, 0.735], [0.465, 14.298, 12.351, 0.731], [1, 0]]
[[0.45, 12.586, 11.69, 0.726], [0.449, 13.6, 10.467, 0.761], [0, 1]]
[[0.435, 13.333, 8.5, 0.656], [0.395, 12.25, 10.75, 0.666], [0, 1]]
[[0.233, 11.667, 8.0, 0.451], [0.253, 9.333, 8.0, 0.539], [1, 0]]
[[0.461, 12.117, 10.25, 0.748], [0.443, 13.241, 11.052, 0.753], [1, 0]]
[[0.454, 12.667, 11.606, 0.725], [0.443, 13.853, 10.5, 0.746], [0, 1]]
[[0.425, 12.4, 10.55, 0.7], [0.438, 15.6, 10.95, 0.742], [1, 0]]
[[0.408, 10.8, 9.1, 0.666], [0.438, 14.1, 10.1, 0.668], [0, 1]]
[[0.474, 15.81, 10.362, 0.76], [0.463, 14.31, 10.517, 0.764], [0, 1]]
[[0.472, 16.366, 10.341, 0.757], [0.46, 14.286, 10.571, 0.75], [0, 1]]
[[0.43, 12.571, 11.214, 0.712], [0.423, 11.846, 9.308, 0.72], [1, 0]]
[[0.458, 12.356, 11.493, 0.742], [0.454, 12.757, 11.297, 0.756], [0, 1]]
[[0.313, 6.333, 8.667, 0.46], [0.211, 6.5, 4.0, 0.326], [0, 1]]
[[0.46, 12.118, 10.447, 0.746], [0.47, 12.988, 11.635, 0.765], [0, 1]]
[[0.434, 13.125, 8.25, 0.638], [0.425, 13.778, 9.556, 0.654], [0, 1]]
[[0.45, 12.947, 9.789, 0.732], [0.436, 14.088, 11.265, 0.723], [1, 0]]
[[0.43, 12.85, 9.3, 0.711], [0.403, 13.316, 10.842, 0.727], [1, 0]]
[[0.313, 7.0, 5.0, 0.515], [0.286, 8.0, 9.0, 0.448], [1, 0]]
[[0.441, 12.37, 10.589, 0.742], [0.445, 13.639, 11.583, 0.737], [1, 0]]
[[0.337, 12.25, 8.75, 0.591], [0.349, 11.75, 7.25, 0.604], [1, 0]]
[[0.432, 14.174, 10.957, 0.709], [0.456, 12.364, 9.955, 0.708], [0, 1]]
[[0.448, 14.87, 11.435, 0.748], [0.437, 14.233, 10.0, 0.748], [0, 1]]
[[0.441, 14.059, 10.118, 0.73], [0.436, 10.6, 10.4, 0.694], [0, 1]]
[[0.463, 12.875, 10.611, 0.753], [0.462, 14.189, 10.432, 0.767], [0, 1]]
[[0.457, 13.737, 10.816, 0.763], [0.478, 15.724, 10.421, 0.759], [0, 1]]
[[0.461, 12.151, 10.407, 0.746], [0.47, 12.977, 11.663, 0.763], [0, 1]]
[[0.461, 14.371, 9.329, 0.733], [0.45, 13.0, 10.271, 0.778], [1, 0]]
[[0.454, 12.838, 11.27, 0.728], [0.442, 13.421, 9.868, 0.699], [0, 1]]
[[0.446, 12.784, 11.784, 0.741], [0.439, 14.714, 10.571, 0.743], [1, 0]]
[[0.44, 14.62, 10.48, 0.745], [0.453, 12.308, 10.423, 0.731], [0, 1]]
[[0.448, 13.569, 10.694, 0.765], [0.45, 14.096, 11.096, 0.716], [0, 1]]
[[0.401, 11.6, 8.9, 0.673], [0.415, 15.0, 11.364, 0.699], [1, 0]]
[[0.443, 12.764, 10.182, 0.767], [0.463, 13.054, 11.75, 0.752], [1, 0]]
[[0.46, 13.545, 10.652, 0.763], [0.467, 14.134, 12.03, 0.733], [0, 1]]
[[0.432, 15.312, 9.938, 0.724], [0.437, 14.0, 11.867, 0.695], [0, 1]]
[[0.413, 14.0, 10.889, 0.731], [0.466, 13.0, 9.947, 0.703], [0, 1]]
[[0.443, 14.212, 10.576, 0.738], [0.462, 13.515, 10.333, 0.712], [1, 0]]
[[0.444, 15.476, 10.81, 0.738], [0.468, 13.05, 10.05, 0.706], [1, 0]]
[[0.442, 12.333, 10.649, 0.737], [0.465, 14.164, 12.291, 0.733], [1, 0]]
[[0.394, 11.2, 6.0, 0.609], [0.343, 9.25, 5.0, 0.538], [1, 0]]
[[0.422, 13.485, 10.97, 0.744], [0.449, 14.889, 11.278, 0.739], [1, 0]]
[[0.447, 14.469, 10.605, 0.739], [0.456, 13.309, 11.691, 0.737], [1, 0]]
[[0.446, 13.574, 10.82, 0.763], [0.456, 13.694, 11.726, 0.733], [0, 1]]
[[0.458, 12.294, 11.485, 0.739], [0.464, 12.716, 10.522, 0.751], [0, 1]]
[[0.451, 14.053, 11.579, 0.712], [0.444, 13.286, 12.286, 0.716], [0, 1]]
[[0.446, 12.818, 11.597, 0.744], [0.47, 13.654, 10.654, 0.743], [1, 0]]
[[0.265, 5.0, 4.0, 0.362], [0.267, 12.5, 3.0, 0.42], [0, 1]]
[[0.461, 12.143, 10.44, 0.745], [0.47, 13.071, 11.631, 0.764], [1, 0]]
[[0.446, 12.803, 11.632, 0.746], [0.459, 12.213, 11.52, 0.74], [0, 1]]
[[0.456, 14.317, 9.533, 0.724], [0.443, 14.333, 10.317, 0.744], [1, 0]]
[[0.206, 8.0, 8.5, 0.338], [0.224, 10.0, 7.5, 0.344], [0, 1]]
[[0.296, 11.333, 5.667, 0.562], [0.276, 6.667, 9.333, 0.524], [0, 1]]
[[0.299, 9.0, 7.333, 0.514], [0.342, 8.667, 9.333, 0.451], [0, 1]]
[[0.45, 14.364, 9.97, 0.697], [0.453, 13.143, 10.686, 0.731], [1, 0]]
[[0.457, 13.654, 10.827, 0.763], [0.457, 13.923, 11.385, 0.735], [0, 1]]
[[0.229, 7.5, 5.0, 0.431], [0.241, 6.5, 7.0, 0.384], [1, 0]]
[[0.441, 13.372, 10.953, 0.757], [0.465, 12.116, 9.581, 0.723], [1, 0]]
[[0.449, 14.244, 10.951, 0.727], [0.436, 13.073, 11.268, 0.759], [1, 0]]
[[0.392, 12.375, 9.625, 0.719], [0.395, 13.25, 10.875, 0.656], [1, 0]]
[[0.47, 13.108, 11.651, 0.764], [0.47, 13.699, 10.578, 0.745], [1, 0]]
[[0.413, 13.0, 10.25, 0.676], [0.411, 13.545, 8.455, 0.7], [1, 0]]
[[0.462, 12.763, 10.424, 0.747], [0.449, 14.203, 11.288, 0.756], [0, 1]]
[[0.457, 12.742, 10.339, 0.731], [0.461, 12.339, 9.864, 0.738], [0, 1]]
[[0.472, 15.836, 10.291, 0.763], [0.468, 14.145, 10.327, 0.742], [0, 1]]
[[0.453, 14.364, 9.955, 0.708], [0.44, 13.596, 9.915, 0.713], [0, 1]]
[[0.458, 13.864, 11.441, 0.73], [0.466, 13.966, 10.576, 0.741], [1, 0]]
[[0.417, 11.933, 8.867, 0.679], [0.431, 12.333, 11.0, 0.717], [1, 0]]
[[0.471, 13.037, 11.671, 0.764], [0.461, 13.952, 10.47, 0.763], [1, 0]]
[[0.445, 12.083, 10.583, 0.738], [0.468, 16.515, 9.848, 0.754], [1, 0]]
[[0.454, 12.913, 9.696, 0.735], [0.442, 14.111, 11.222, 0.756], [1, 0]]
[[0.445, 13.625, 10.821, 0.762], [0.456, 12.807, 10.316, 0.728], [0, 1]]
[[0.457, 13.622, 10.838, 0.761], [0.469, 13.684, 10.618, 0.742], [0, 1]]
[[0.455, 12.766, 10.468, 0.748], [0.448, 12.283, 10.587, 0.737], [1, 0]]
[[0.446, 14.263, 11.228, 0.714], [0.444, 14.429, 10.411, 0.741], [1, 0]]
[[0.452, 13.0, 10.316, 0.777], [0.466, 14.405, 12.304, 0.734], [1, 0]]
[[0.429, 13.655, 10.224, 0.757], [0.437, 13.466, 11.655, 0.734], [0, 1]]
[[0.411, 10.75, 9.75, 0.641], [0.418, 9.571, 9.0, 0.639], [0, 1]]
[[0.463, 14.118, 9.518, 0.741], [0.442, 12.588, 10.471, 0.738], [1, 0]]
[[0.453, 11.941, 11.275, 0.738], [0.466, 14.231, 12.462, 0.732], [1, 0]]
[[0.47, 13.253, 11.72, 0.76], [0.445, 13.44, 11.493, 0.74], [1, 0]]
[[0.446, 13.619, 10.746, 0.765], [0.449, 13.625, 11.656, 0.74], [0, 1]]
[[0.41, 11.222, 9.889, 0.676], [0.376, 12.333, 11.222, 0.595], [1, 0]]
[[0.462, 12.253, 10.405, 0.746], [0.451, 13.949, 11.228, 0.714], [1, 0]]
[[0.453, 14.347, 11.227, 0.759], [0.471, 13.284, 11.703, 0.759], [0, 1]]
[[0.449, 12.538, 11.423, 0.756], [0.452, 14.811, 11.396, 0.748], [1, 0]]
[[0.445, 12.845, 11.762, 0.744], [0.456, 14.238, 11.452, 0.776], [1, 0]]
[[0.445, 13.618, 10.836, 0.761], [0.43, 13.679, 10.393, 0.755], [0, 1]]
[[0.46, 12.636, 9.682, 0.738], [0.462, 12.387, 9.968, 0.735], [1, 0]]
[[0.371, 11.0, 8.2, 0.674], [0.367, 9.2, 6.4, 0.602], [1, 0]]
[[0.345, 7.5, 7.25, 0.606], [0.359, 10.25, 7.75, 0.572], [1, 0]]
[[0.443, 13.97, 10.303, 0.749], [0.431, 13.394, 11.364, 0.745], [0, 1]]
[[0.454, 14.562, 12.0, 0.71], [0.453, 13.125, 11.875, 0.705], [0, 1]]
[[0.278, 7.5, 4.0, 0.412], [0.155, 9.0, 7.0, 0.26], [1, 0]]
[[0.444, 14.053, 11.289, 0.725], [0.444, 12.026, 10.184, 0.72], [0, 1]]
[[0.446, 13.534, 10.862, 0.762], [0.461, 12.368, 9.842, 0.738], [1, 0]]
[[0.447, 12.739, 11.536, 0.746], [0.459, 13.478, 11.797, 0.731], [1, 0]]
[[0.3, 15.4, 8.4, 0.587], [0.329, 10.8, 11.6, 0.596], [1, 0]]
[[0.43, 14.286, 11.429, 0.724], [0.437, 14.821, 9.429, 0.739], [1, 0]]
[[0.445, 14.529, 10.382, 0.738], [0.451, 14.313, 11.418, 0.762], [1, 0]]
[[0.444, 14.167, 11.028, 0.724], [0.449, 12.222, 10.5, 0.74], [1, 0]]
[[0.444, 14.097, 10.419, 0.746], [0.459, 11.966, 9.517, 0.729], [0, 1]]
[[0.458, 13.814, 11.068, 0.758], [0.467, 14.233, 12.15, 0.73], [0, 1]]
[[0.421, 14.385, 9.846, 0.711], [0.423, 15.923, 11.0, 0.704], [1, 0]]
[[0.452, 12.8, 10.467, 0.748], [0.433, 14.214, 10.024, 0.745], [1, 0]]
[[0.35, 12.333, 6.333, 0.453], [0.306, 12.667, 7.333, 0.491], [1, 0]]
[[0.452, 14.377, 9.623, 0.721], [0.447, 12.772, 11.421, 0.734], [1, 0]]
[[0.455, 12.72, 11.333, 0.755], [0.453, 14.243, 11.365, 0.771], [0, 1]]
[[0.378, 10.0, 8.833, 0.654], [0.401, 13.333, 9.833, 0.615], [1, 0]]
[[0.421, 13.4, 10.771, 0.75], [0.437, 13.371, 9.914, 0.688], [1, 0]]
[[0.375, 13.714, 9.286, 0.608], [0.407, 13.4, 7.2, 0.586], [1, 0]]
[[0.438, 13.864, 11.773, 0.735], [0.442, 15.417, 11.167, 0.735], [1, 0]]
[[0.438, 12.717, 10.304, 0.752], [0.438, 14.205, 9.977, 0.752], [1, 0]]
[[0.448, 13.378, 11.244, 0.734], [0.446, 12.783, 11.717, 0.739], [0, 1]]
[[0.443, 12.881, 10.136, 0.773], [0.448, 12.898, 11.39, 0.737], [1, 0]]
[[0.467, 14.284, 12.257, 0.734], [0.439, 14.11, 10.411, 0.745], [0, 1]]
[[0.463, 12.36, 9.698, 0.736], [0.445, 13.07, 11.36, 0.741], [0, 1]]
[[0.432, 13.062, 10.0, 0.749], [0.451, 13.5, 10.438, 0.761], [1, 0]]
[[0.447, 13.646, 10.769, 0.765], [0.445, 13.179, 11.239, 0.754], [1, 0]]
[[0.399, 14.857, 9.714, 0.674], [0.374, 13.167, 7.5, 0.624], [1, 0]]
[[0.453, 14.386, 11.329, 0.758], [0.471, 13.609, 10.536, 0.743], [0, 1]]
[[0.445, 14.236, 11.382, 0.759], [0.453, 14.845, 11.431, 0.742], [1, 0]]
[[0.444, 13.667, 10.833, 0.762], [0.439, 14.17, 10.208, 0.746], [1, 0]]
[[0.447, 14.881, 11.667, 0.744], [0.465, 14.154, 12.538, 0.726], [0, 1]]
[[0.468, 13.697, 10.652, 0.743], [0.436, 14.0, 10.231, 0.748], [0, 1]]
[[0.462, 12.211, 10.421, 0.751], [0.457, 13.627, 10.773, 0.762], [1, 0]]
[[0.462, 12.345, 9.745, 0.738], [0.449, 13.5, 11.339, 0.741], [0, 1]]
[[0.446, 14.091, 10.727, 0.725], [0.408, 13.619, 11.0, 0.726], [1, 0]]
[[0.203, 6.0, 5.0, 0.393], [0.257, 6.0, 4.0, 0.4], [0, 1]]
[[0.467, 12.716, 10.309, 0.758], [0.445, 13.296, 11.481, 0.738], [0, 1]]
[[0.446, 12.0, 11.55, 0.721], [0.444, 14.095, 10.857, 0.721], [0, 1]]
[[0.461, 12.929, 10.257, 0.737], [0.478, 15.794, 10.5, 0.757], [0, 1]]
[[0.449, 13.509, 11.255, 0.741], [0.438, 14.148, 10.241, 0.747], [0, 1]]
[[0.451, 14.214, 11.071, 0.717], [0.436, 14.0, 10.269, 0.749], [1, 0]]
[[0.363, 15.778, 10.0, 0.62], [0.388, 10.111, 11.333, 0.662], [0, 1]]
[[0.43, 14.24, 11.24, 0.711], [0.446, 15.185, 11.481, 0.723], [1, 0]]
[[0.45, 14.0, 8.778, 0.672], [0.436, 11.882, 9.529, 0.714], [1, 0]]
[[0.459, 12.103, 11.526, 0.74], [0.446, 14.462, 10.667, 0.737], [0, 1]]
[[0.463, 14.116, 9.535, 0.741], [0.443, 12.628, 10.453, 0.739], [1, 0]]
[[0.441, 14.3, 10.75, 0.75], [0.467, 15.421, 9.368, 0.724], [1, 0]]
[[0.421, 15.259, 10.259, 0.729], [0.443, 14.179, 10.571, 0.739], [0, 1]]
[[0.446, 13.525, 10.864, 0.763], [0.47, 14.0, 10.483, 0.739], [0, 1]]
[[0.44, 12.424, 9.939, 0.714], [0.463, 13.629, 10.371, 0.712], [1, 0]]
[[0.447, 13.036, 9.893, 0.718], [0.436, 14.68, 9.44, 0.733], [1, 0]]
[[0.421, 14.214, 10.571, 0.721], [0.433, 12.643, 10.429, 0.711], [0, 1]]
[[0.438, 13.405, 10.757, 0.761], [0.465, 13.324, 11.892, 0.739], [0, 1]]
[[0.447, 12.821, 11.564, 0.744], [0.462, 12.156, 9.974, 0.737], [0, 1]]
[[0.462, 12.203, 10.063, 0.734], [0.471, 13.089, 11.684, 0.764], [0, 1]]
[[0.44, 13.385, 9.923, 0.702], [0.465, 14.132, 11.368, 0.73], [1, 0]]
[[0.465, 12.827, 10.259, 0.736], [0.471, 13.691, 10.679, 0.744], [0, 1]]
[[0.403, 13.8, 10.3, 0.645], [0.394, 10.7, 11.5, 0.684], [0, 1]]
[[0.431, 13.746, 10.269, 0.765], [0.436, 14.015, 10.288, 0.748], [0, 1]]
[[0.462, 12.301, 9.663, 0.735], [0.46, 12.12, 11.458, 0.74], [0, 1]]
[[0.451, 13.559, 11.593, 0.74], [0.437, 13.934, 10.197, 0.75], [0, 1]]
[[0.448, 13.525, 11.593, 0.743], [0.463, 14.322, 10.525, 0.764], [0, 1]]
[[0.214, 13.0, 6.0, 0.455], [0.257, 7.0, 5.0, 0.37], [0, 1]]
[[0.435, 12.833, 9.333, 0.674], [0.379, 15.333, 9.917, 0.647], [1, 0]]
[[0.461, 14.319, 9.304, 0.732], [0.45, 13.632, 10.662, 0.763], [1, 0]]
[[0.408, 14.25, 8.625, 0.688], [0.348, 16.333, 10.0, 0.554], [0, 1]]
[[0.185, 8.0, 5.0, 0.38], [0.25, 5.0, 2.5, 0.295], [0, 1]]
[[0.427, 12.462, 10.077, 0.71], [0.422, 12.083, 8.833, 0.712], [1, 0]]
[[0.453, 12.851, 9.787, 0.732], [0.448, 12.4, 10.556, 0.734], [1, 0]]
[[0.441, 13.429, 10.881, 0.757], [0.433, 14.4, 9.825, 0.743], [1, 0]]
[[0.447, 12.48, 11.42, 0.754], [0.453, 12.333, 10.51, 0.732], [1, 0]]
[[0.447, 12.838, 11.122, 0.757], [0.445, 13.548, 11.548, 0.739], [0, 1]]
[[0.376, 14.5, 10.0, 0.654], [0.374, 13.667, 11.5, 0.644], [0, 1]]
[[0.447, 12.919, 9.811, 0.73], [0.427, 15.0, 10.303, 0.735], [0, 1]]
[[0.436, 13.375, 11.062, 0.757], [0.447, 13.417, 11.188, 0.739], [0, 1]]
[[0.451, 13.393, 11.482, 0.743], [0.465, 14.241, 12.345, 0.731], [0, 1]]
[[0.433, 14.333, 11.333, 0.719], [0.447, 13.069, 12.138, 0.749], [1, 0]]
[[0.414, 13.3, 11.9, 0.659], [0.392, 12.364, 11.0, 0.715], [0, 1]]
[[0.461, 12.125, 10.409, 0.745], [0.469, 12.955, 11.648, 0.764], [0, 1]]
[[0.47, 13.264, 11.514, 0.76], [0.479, 15.775, 10.352, 0.758], [1, 0]]
[[0.459, 13.406, 11.844, 0.732], [0.468, 16.3, 9.733, 0.752], [0, 1]]
[[0.451, 13.638, 10.594, 0.765], [0.458, 13.648, 10.831, 0.761], [1, 0]]
[[0.425, 13.087, 9.696, 0.73], [0.444, 13.391, 11.913, 0.735], [1, 0]]
[[0.441, 14.818, 8.727, 0.702], [0.444, 14.111, 9.222, 0.66], [0, 1]]
[[0.426, 11.789, 11.368, 0.722], [0.409, 13.529, 11.647, 0.658], [0, 1]]
[[0.44, 14.158, 10.789, 0.747], [0.427, 13.85, 11.65, 0.709], [1, 0]]
[[0.422, 14.125, 12.188, 0.73], [0.462, 14.625, 9.438, 0.709], [1, 0]]
[[0.446, 12.865, 11.757, 0.758], [0.447, 13.361, 11.639, 0.734], [1, 0]]
[[0.451, 13.925, 11.175, 0.715], [0.457, 13.363, 11.7, 0.734], [0, 1]]
[[0.42, 13.143, 11.0, 0.684], [0.444, 14.167, 11.417, 0.697], [0, 1]]
[[0.459, 12.437, 9.817, 0.734], [0.444, 13.696, 11.623, 0.74], [1, 0]]
[[0.463, 12.877, 10.534, 0.754], [0.441, 12.373, 10.6, 0.743], [0, 1]]
[[0.391, 12.889, 11.0, 0.691], [0.384, 11.5, 10.083, 0.697], [1, 0]]
[[0.425, 15.094, 10.344, 0.736], [0.448, 11.906, 10.5, 0.73], [1, 0]]
[[0.454, 12.868, 11.329, 0.751], [0.446, 14.573, 10.64, 0.736], [0, 1]]
[[0.404, 11.182, 9.091, 0.681], [0.4, 10.909, 11.545, 0.686], [1, 0]]
[[0.464, 12.734, 10.304, 0.734], [0.45, 12.896, 11.156, 0.755], [0, 1]]
[[0.442, 13.683, 11.366, 0.728], [0.456, 11.884, 10.256, 0.738], [1, 0]]
[[0.446, 13.03, 10.364, 0.777], [0.453, 14.523, 11.415, 0.757], [1, 0]]
[[0.443, 13.35, 11.25, 0.729], [0.433, 14.263, 9.579, 0.744], [0, 1]]
[[0.449, 13.078, 11.531, 0.739], [0.444, 14.41, 10.279, 0.744], [0, 1]]
[[0.446, 12.827, 11.68, 0.747], [0.464, 12.776, 10.329, 0.735], [0, 1]]
[[0.461, 14.284, 9.224, 0.729], [0.453, 13.721, 11.735, 0.737], [1, 0]]
[[0.443, 12.375, 10.556, 0.742], [0.448, 12.986, 11.155, 0.756], [1, 0]]
[[0.459, 12.621, 9.655, 0.737], [0.445, 13.345, 9.621, 0.724], [0, 1]]
[[0.461, 12.297, 10.351, 0.748], [0.464, 12.84, 10.36, 0.734], [1, 0]]
[[0.456, 12.442, 11.442, 0.738], [0.437, 14.762, 10.214, 0.738], [1, 0]]
[[0.424, 12.958, 9.792, 0.732], [0.437, 11.636, 10.636, 0.717], [1, 0]]
[[0.451, 12.973, 10.288, 0.775], [0.46, 12.315, 10.329, 0.747], [0, 1]]
[[0.435, 12.711, 10.289, 0.75], [0.463, 13.579, 10.395, 0.716], [0, 1]]
[[0.435, 13.73, 10.122, 0.763], [0.47, 13.676, 10.622, 0.744], [1, 0]]
[[0.206, 8.0, 8.5, 0.338], [0.446, 12.855, 11.759, 0.745], [1, 0]]
[[0.445, 12.811, 9.981, 0.766], [0.462, 14.566, 10.358, 0.767], [0, 1]]
[[0.461, 12.778, 10.352, 0.747], [0.466, 14.093, 12.352, 0.734], [0, 1]]
[[0.198, 4.5, 5.5, 0.397], [0.265, 5.0, 4.0, 0.362], [1, 0]]
[[0.439, 12.276, 9.897, 0.696], [0.423, 13.586, 11.621, 0.71], [0, 1]]
[[0.459, 12.812, 10.25, 0.733], [0.463, 12.333, 9.817, 0.737], [0, 1]]
[[0.435, 12.062, 10.562, 0.738], [0.46, 11.963, 9.593, 0.73], [1, 0]]
[[0.449, 15.088, 11.324, 0.733], [0.464, 13.5, 10.125, 0.712], [0, 1]]
[[0.43, 13.536, 10.107, 0.739], [0.439, 13.926, 11.037, 0.755], [0, 1]]
[[0.418, 12.286, 9.5, 0.689], [0.424, 13.583, 11.833, 0.67], [1, 0]]
[[0.442, 13.333, 11.381, 0.729], [0.41, 14.35, 10.0, 0.711], [0, 1]]
[[0.425, 13.133, 10.733, 0.693], [0.417, 12.692, 10.154, 0.727], [1, 0]]
[[0.47, 13.828, 10.641, 0.738], [0.444, 13.484, 11.781, 0.74], [1, 0]]
[[0.388, 12.6, 11.2, 0.7], [0.368, 16.571, 10.143, 0.6], [0, 1]]
[[0.463, 12.865, 10.446, 0.755], [0.446, 14.554, 10.622, 0.735], [1, 0]]
[[0.429, 12.238, 10.476, 0.689], [0.46, 13.905, 11.143, 0.713], [1, 0]]
[[0.419, 13.625, 10.938, 0.738], [0.462, 14.375, 12.781, 0.725], [0, 1]]
[[0.453, 14.275, 9.925, 0.705], [0.439, 12.595, 10.024, 0.747], [0, 1]]
[[0.411, 13.867, 11.067, 0.686], [0.431, 11.75, 9.75, 0.718], [1, 0]]
[[0.453, 12.676, 11.268, 0.758], [0.444, 13.643, 11.586, 0.739], [0, 1]]
[[0.463, 14.278, 9.544, 0.739], [0.468, 12.785, 10.228, 0.757], [1, 0]]
[[0.441, 13.261, 11.826, 0.742], [0.434, 12.455, 11.182, 0.728], [0, 1]]
[[0.363, 11.333, 11.167, 0.626], [0.364, 11.167, 11.0, 0.627], [0, 1]]
[[0.451, 13.641, 11.531, 0.744], [0.452, 13.636, 11.727, 0.738], [0, 1]]
[[0.391, 11.571, 10.714, 0.614], [0.411, 10.571, 10.143, 0.701], [1, 0]]
[[0.464, 14.325, 9.55, 0.739], [0.451, 13.75, 11.7, 0.746], [0, 1]]
[[0.426, 13.68, 10.52, 0.754], [0.458, 12.86, 10.46, 0.748], [1, 0]]
[[0.365, 14.6, 10.4, 0.63], [0.362, 13.2, 6.8, 0.608], [1, 0]]
[[0.46, 14.385, 9.215, 0.729], [0.432, 13.742, 10.333, 0.762], [1, 0]]
[[0.448, 12.962, 9.769, 0.706], [0.414, 13.538, 11.538, 0.736], [1, 0]]
[[0.434, 13.692, 12.038, 0.73], [0.424, 13.69, 11.414, 0.745], [1, 0]]
[[0.445, 14.167, 11.312, 0.758], [0.471, 16.191, 10.447, 0.763], [1, 0]]
[[0.447, 14.121, 11.333, 0.718], [0.443, 12.303, 10.53, 0.74], [0, 1]]
[[0.468, 13.805, 10.024, 0.717], [0.433, 14.487, 9.769, 0.741], [1, 0]]
[[0.432, 13.893, 11.25, 0.716], [0.458, 11.923, 9.731, 0.721], [0, 1]]
[[0.443, 15.385, 11.423, 0.727], [0.47, 12.8, 10.12, 0.713], [1, 0]]
[[0.437, 12.675, 10.2, 0.755], [0.443, 14.175, 11.075, 0.752], [1, 0]]
[[0.438, 12.444, 8.944, 0.7], [0.428, 13.0, 9.333, 0.697], [1, 0]]
[[0.438, 13.485, 10.727, 0.758], [0.44, 12.267, 9.867, 0.699], [1, 0]]
[[0.421, 13.5, 10.684, 0.751], [0.451, 13.2, 10.7, 0.742], [1, 0]]
[[0.46, 12.493, 10.275, 0.749], [0.458, 13.567, 11.731, 0.732], [1, 0]]
[[0.41, 13.591, 11.0, 0.732], [0.416, 13.55, 12.2, 0.676], [1, 0]]
[[0.449, 12.536, 11.893, 0.723], [0.45, 15.067, 11.6, 0.727], [1, 0]]
[[0.46, 12.105, 11.535, 0.741], [0.442, 13.733, 10.547, 0.75], [0, 1]]
[[0.453, 14.409, 11.348, 0.759], [0.463, 14.462, 10.585, 0.765], [0, 1]]
[[0.463, 14.133, 9.566, 0.739], [0.442, 13.783, 10.446, 0.75], [0, 1]]
[[0.224, 10.0, 7.5, 0.344], [0.257, 6.0, 4.0, 0.4], [1, 0]]
[[0.47, 13.141, 11.679, 0.762], [0.44, 14.039, 10.558, 0.747], [0, 1]]
[[0.423, 13.632, 11.684, 0.703], [0.453, 14.389, 11.722, 0.708], [1, 0]]
[[0.43, 12.067, 8.333, 0.712], [0.44, 13.143, 10.143, 0.68], [1, 0]]
[[0.45, 12.924, 11.038, 0.757], [0.44, 13.949, 10.481, 0.747], [0, 1]]
[[0.445, 12.886, 11.545, 0.734], [0.45, 13.837, 10.721, 0.755], [1, 0]]
[[0.451, 12.977, 10.402, 0.779], [0.461, 12.161, 10.207, 0.733], [0, 1]]
[[0.461, 12.18, 10.23, 0.747], [0.462, 12.649, 10.333, 0.746], [1, 0]]
[[0.462, 12.471, 10.257, 0.75], [0.463, 12.742, 10.576, 0.752], [1, 0]]
[[0.452, 12.154, 11.731, 0.717], [0.467, 13.037, 10.148, 0.71], [1, 0]]
[[0.347, 12.6, 8.6, 0.627], [0.323, 10.25, 6.75, 0.581], [1, 0]]
[[0.449, 13.52, 11.22, 0.74], [0.442, 13.569, 9.784, 0.718], [1, 0]]
[[0.456, 14.328, 9.492, 0.723], [0.452, 12.742, 11.387, 0.761], [1, 0]]
[[0.446, 13.167, 11.429, 0.735], [0.44, 13.143, 9.881, 0.708], [1, 0]]
[[0.468, 13.2, 11.554, 0.754], [0.469, 13.919, 10.694, 0.739], [0, 1]]
[[0.463, 12.353, 9.647, 0.737], [0.444, 13.129, 11.412, 0.741], [1, 0]]
[[0.429, 12.13, 9.391, 0.677], [0.466, 12.739, 10.348, 0.714], [0, 1]]
[[0.44, 14.139, 11.194, 0.721], [0.443, 12.25, 9.972, 0.716], [0, 1]]
[[0.453, 14.462, 9.577, 0.723], [0.455, 13.852, 11.444, 0.736], [1, 0]]
[[0.446, 13.088, 10.0, 0.719], [0.451, 12.839, 11.71, 0.727], [1, 0]]
[[0.447, 12.75, 11.156, 0.726], [0.441, 13.233, 11.3, 0.73], [1, 0]]
[[0.439, 14.617, 10.404, 0.74], [0.456, 14.234, 11.426, 0.734], [1, 0]]
[[0.453, 12.841, 10.568, 0.745], [0.434, 14.22, 10.0, 0.745], [0, 1]]
[[0.458, 13.544, 11.765, 0.733], [0.453, 14.353, 11.338, 0.757], [1, 0]]
[[0.456, 14.265, 11.482, 0.776], [0.257, 4.5, 5.0, 0.276], [1, 0]]
[[0.383, 10.667, 8.333, 0.676], [0.384, 12.333, 7.667, 0.648], [0, 1]]
[[0.467, 12.227, 9.568, 0.723], [0.431, 13.523, 11.864, 0.727], [0, 1]]
[[0.448, 14.328, 11.344, 0.758], [0.461, 14.548, 10.645, 0.764], [0, 1]]
[[0.444, 12.029, 10.514, 0.736], [0.437, 13.781, 11.0, 0.72], [1, 0]]
[[0.439, 15.526, 10.684, 0.748], [0.454, 14.15, 11.35, 0.703], [0, 1]]
[[0.447, 14.138, 11.292, 0.717], [0.447, 13.227, 9.803, 0.738], [0, 1]]
[[0.458, 12.857, 10.302, 0.736], [0.467, 14.355, 12.129, 0.729], [0, 1]]
[[0.44, 12.338, 10.676, 0.741], [0.439, 14.0, 10.361, 0.746], [1, 0]]
[[0.338, 10.6, 7.8, 0.599], [0.37, 10.8, 10.4, 0.653], [1, 0]]
[[0.447, 12.924, 11.576, 0.743], [0.464, 12.825, 10.381, 0.747], [1, 0]]
[[0.4, 13.2, 10.6, 0.695], [0.441, 15.25, 9.083, 0.701], [0, 1]]
[[0.429, 13.704, 10.407, 0.754], [0.463, 12.415, 9.755, 0.733], [0, 1]]
[[0.463, 12.338, 9.941, 0.735], [0.478, 15.696, 10.391, 0.757], [1, 0]]
[[0.451, 14.383, 9.83, 0.715], [0.449, 13.562, 11.438, 0.736], [1, 0]]
[[0.445, 12.795, 11.727, 0.747], [0.453, 14.17, 11.5, 0.774], [1, 0]]
[[0.445, 14.162, 11.135, 0.725], [0.461, 14.289, 12.579, 0.722], [0, 1]]
[[0.447, 12.49, 11.51, 0.756], [0.43, 13.583, 11.729, 0.727], [1, 0]]
[[0.407, 11.357, 11.5, 0.711], [0.438, 12.143, 10.214, 0.704], [0, 1]]
[[0.445, 13.317, 9.65, 0.725], [0.457, 12.783, 10.283, 0.728], [0, 1]]
[[0.445, 13.52, 10.82, 0.759], [0.463, 14.26, 12.62, 0.731], [1, 0]]
[[0.443, 13.4, 12.16, 0.744], [0.462, 15.92, 9.4, 0.743], [1, 0]]
[[0.444, 12.25, 9.65, 0.692], [0.409, 13.389, 11.667, 0.666], [1, 0]]
[[0.452, 13.0, 10.188, 0.703], [0.403, 13.467, 11.067, 0.662], [1, 0]]
[[0.448, 12.065, 10.391, 0.728], [0.47, 16.311, 10.533, 0.765], [1, 0]]
[[0.451, 13.013, 10.359, 0.776], [0.455, 14.197, 11.342, 0.773], [0, 1]]
[[0.454, 13.771, 10.688, 0.757], [0.45, 14.9, 11.5, 0.749], [0, 1]]
[[0.439, 12.958, 11.0, 0.734], [0.463, 15.75, 9.542, 0.741], [1, 0]]
[[0.448, 14.143, 9.429, 0.665], [0.439, 14.35, 9.55, 0.744], [1, 0]]
[[0.376, 12.286, 9.286, 0.693], [0.389, 9.333, 9.667, 0.614], [1, 0]]
[[0.463, 12.828, 10.328, 0.748], [0.457, 13.636, 11.742, 0.729], [0, 1]]
[[0.417, 14.0, 11.609, 0.748], [0.431, 12.36, 9.52, 0.678], [0, 1]]
[[0.451, 14.731, 11.481, 0.748], [0.464, 14.216, 12.51, 0.732], [1, 0]]
[[0.439, 13.377, 11.094, 0.754], [0.436, 14.115, 10.308, 0.747], [0, 1]]
[[0.453, 13.732, 11.683, 0.746], [0.46, 13.659, 10.744, 0.765], [0, 1]]
[[0.46, 12.406, 9.969, 0.737], [0.453, 14.343, 11.343, 0.759], [1, 0]]
[[0.448, 14.113, 11.306, 0.716], [0.466, 13.125, 11.578, 0.755], [0, 1]]
[[0.442, 13.46, 9.8, 0.714], [0.436, 14.146, 10.25, 0.744], [1, 0]]
[[0.446, 11.935, 10.71, 0.725], [0.461, 12.226, 9.581, 0.735], [0, 1]]
[[0.449, 12.947, 10.382, 0.777], [0.466, 14.333, 12.267, 0.734], [1, 0]]
[[0.451, 12.559, 11.471, 0.726], [0.449, 11.879, 10.576, 0.731], [0, 1]]
[[0.433, 12.946, 10.351, 0.749], [0.465, 12.086, 9.343, 0.731], [1, 0]]
[[0.45, 14.04, 11.173, 0.718], [0.439, 14.014, 10.5, 0.746], [0, 1]]
[[0.44, 13.97, 10.939, 0.717], [0.441, 12.818, 12.212, 0.751], [1, 0]]
[[0.459, 12.137, 10.294, 0.752], [0.438, 14.75, 10.417, 0.743], [1, 0]]
[[0.42, 13.647, 10.941, 0.703], [0.408, 12.929, 10.0, 0.721], [0, 1]]
[[0.442, 12.488, 10.525, 0.739], [0.456, 13.35, 11.675, 0.738], [0, 1]]
[[0.445, 13.579, 11.632, 0.731], [0.433, 14.543, 9.571, 0.741], [1, 0]]
[[0.449, 14.757, 11.27, 0.741], [0.468, 16.6, 10.286, 0.756], [0, 1]]
[[0.459, 12.632, 9.667, 0.739], [0.444, 14.444, 10.407, 0.741], [0, 1]]
[[0.45, 13.571, 11.286, 0.739], [0.455, 13.694, 10.755, 0.757], [0, 1]]
[[0.443, 14.25, 11.091, 0.754], [0.465, 14.256, 12.581, 0.73], [0, 1]]
[[0.451, 14.182, 9.227, 0.667], [0.43, 15.048, 9.619, 0.724], [1, 0]]
[[0.456, 13.983, 11.569, 0.733], [0.449, 13.474, 11.281, 0.741], [0, 1]]
[[0.393, 12.857, 12.429, 0.669], [0.425, 12.429, 11.857, 0.624], [1, 0]]
[[0.439, 14.0, 11.826, 0.734], [0.469, 12.833, 10.25, 0.719], [0, 1]]
[[0.394, 11.0, 8.333, 0.6], [0.406, 9.857, 7.857, 0.641], [1, 0]]
[[0.463, 12.22, 10.098, 0.732], [0.456, 14.488, 11.024, 0.761], [1, 0]]
[[0.207, 6.5, 3.0, 0.391], [0.222, 7.0, 3.0, 0.423], [1, 0]]
[[0.448, 12.821, 11.482, 0.736], [0.472, 16.0, 10.245, 0.763], [1, 0]]
[[0.466, 14.354, 12.232, 0.734], [0.462, 14.049, 10.451, 0.765], [0, 1]]
[[0.448, 12.085, 10.362, 0.73], [0.429, 13.5, 11.87, 0.73], [0, 1]]
[[0.443, 13.727, 11.667, 0.729], [0.464, 13.909, 11.636, 0.715], [1, 0]]
[[0.424, 12.0, 8.154, 0.698], [0.407, 13.909, 9.909, 0.671], [0, 1]]
[[0.459, 12.296, 11.577, 0.739], [0.437, 13.9, 10.371, 0.743], [0, 1]]
[[0.46, 12.887, 10.394, 0.737], [0.463, 14.314, 10.586, 0.767], [0, 1]]
[[0.448, 14.375, 10.031, 0.693], [0.461, 13.382, 11.794, 0.736], [0, 1]]
[[0.207, 6.5, 3.0, 0.391], [0.283, 8.0, 3.5, 0.412], [1, 0]]
[[0.452, 12.2, 11.84, 0.72], [0.458, 14.192, 11.885, 0.721], [1, 0]]
[[0.451, 12.966, 10.443, 0.778], [0.46, 12.227, 10.193, 0.734], [1, 0]]
[[0.448, 13.868, 10.658, 0.755], [0.444, 14.026, 11.026, 0.746], [0, 1]]
[[0.415, 11.778, 9.389, 0.666], [0.427, 15.375, 9.625, 0.693], [1, 0]]
[[0.452, 13.759, 11.671, 0.748], [0.451, 13.051, 9.962, 0.742], [0, 1]]
[[0.451, 13.646, 11.708, 0.741], [0.469, 13.754, 10.708, 0.741], [0, 1]]
[[0.46, 12.361, 9.833, 0.735], [0.453, 13.62, 11.803, 0.736], [1, 0]]
[[0.417, 13.8, 11.1, 0.737], [0.448, 11.759, 10.897, 0.728], [0, 1]]
[[0.462, 12.356, 9.782, 0.737], [0.446, 13.046, 11.287, 0.741], [1, 0]]
[[0.443, 14.368, 10.368, 0.744], [0.467, 14.0, 10.534, 0.741], [0, 1]]
[[0.456, 12.271, 11.254, 0.733], [0.436, 13.9, 10.233, 0.749], [1, 0]]
[[0.448, 13.0, 9.897, 0.719], [0.431, 13.276, 9.966, 0.746], [0, 1]]
[[0.462, 12.128, 9.936, 0.736], [0.456, 13.43, 11.671, 0.733], [1, 0]]
[[0.431, 13.646, 10.415, 0.763], [0.453, 12.734, 11.453, 0.76], [1, 0]]
[[0.412, 11.625, 7.625, 0.614], [0.415, 13.571, 9.429, 0.637], [0, 1]]
[[0.461, 12.316, 9.709, 0.738], [0.466, 12.769, 10.244, 0.755], [1, 0]]
[[0.447, 13.219, 9.719, 0.734], [0.444, 13.242, 11.145, 0.754], [1, 0]]
[[0.471, 13.329, 11.586, 0.756], [0.47, 13.629, 10.643, 0.744], [1, 0]]
[[0.443, 12.794, 12.118, 0.752], [0.454, 13.857, 10.686, 0.75], [1, 0]]
[[0.448, 14.379, 9.724, 0.692], [0.438, 13.097, 9.387, 0.685], [1, 0]]
[[0.443, 13.528, 9.755, 0.719], [0.454, 12.264, 10.358, 0.733], [1, 0]]
[[0.444, 13.464, 9.714, 0.724], [0.449, 13.463, 11.37, 0.738], [1, 0]]
[[0.449, 13.614, 10.6, 0.766], [0.444, 13.704, 11.62, 0.738], [0, 1]]
[[0.453, 13.491, 11.456, 0.74], [0.457, 13.914, 10.966, 0.76], [0, 1]]
[[0.46, 12.036, 10.4, 0.749], [0.445, 14.288, 11.269, 0.76], [0, 1]]
[[0.462, 14.338, 9.265, 0.732], [0.458, 13.623, 10.884, 0.761], [1, 0]]
[[0.421, 13.429, 12.143, 0.712], [0.418, 14.067, 9.067, 0.719], [1, 0]]
[[0.45, 12.988, 10.373, 0.778], [0.462, 12.205, 10.108, 0.731], [1, 0]]
[[0.46, 12.08, 11.54, 0.743], [0.443, 13.747, 10.517, 0.751], [0, 1]]
[[0.448, 12.351, 10.595, 0.742], [0.466, 13.462, 10.205, 0.72], [0, 1]]
[[0.449, 12.904, 11.137, 0.758], [0.453, 13.548, 11.753, 0.736], [1, 0]]
[[0.42, 15.269, 10.423, 0.727], [0.468, 13.321, 10.036, 0.711], [0, 1]]
[[0.446, 12.769, 10.058, 0.763], [0.471, 16.059, 10.471, 0.764], [1, 0]]
[[0.434, 12.529, 10.882, 0.721], [0.394, 14.8, 10.6, 0.678], [0, 1]]
[[0.46, 12.714, 9.679, 0.74], [0.463, 14.436, 10.491, 0.766], [0, 1]]
[[0.44, 12.316, 9.263, 0.699], [0.445, 13.45, 12.0, 0.718], [1, 0]]
[[0.406, 14.211, 9.947, 0.706], [0.405, 13.55, 10.8, 0.721], [0, 1]]
[[0.447, 13.206, 9.746, 0.731], [0.473, 15.902, 10.41, 0.752], [1, 0]]
[[0.445, 14.37, 11.087, 0.722], [0.436, 13.356, 11.178, 0.758], [0, 1]]
[[0.46, 13.585, 10.615, 0.762], [0.461, 12.397, 10.016, 0.736], [0, 1]]
[[0.451, 13.012, 10.378, 0.779], [0.453, 13.915, 11.11, 0.716], [1, 0]]
[[0.446, 14.456, 10.646, 0.737], [0.464, 12.85, 10.3, 0.736], [1, 0]]
[[0.463, 14.377, 9.468, 0.734], [0.46, 12.346, 9.795, 0.737], [1, 0]]
[[0.449, 12.702, 11.491, 0.761], [0.474, 15.807, 10.211, 0.763], [1, 0]]
[[0.442, 13.519, 9.759, 0.721], [0.431, 13.769, 11.615, 0.732], [1, 0]]
[[0.438, 13.229, 10.629, 0.762], [0.442, 12.406, 9.812, 0.709], [0, 1]]
[[0.44, 12.372, 10.538, 0.74], [0.455, 14.416, 11.208, 0.757], [1, 0]]
[[0.443, 14.241, 10.552, 0.743], [0.454, 13.133, 11.833, 0.728], [1, 0]]
[[0.433, 12.346, 10.769, 0.737], [0.437, 14.826, 9.478, 0.724], [0, 1]]
[[0.442, 14.327, 11.204, 0.718], [0.43, 13.511, 11.766, 0.727], [1, 0]]
[[0.355, 12.0, 6.75, 0.618], [0.312, 10.25, 9.25, 0.539], [1, 0]]
[[0.451, 12.636, 11.364, 0.761], [0.462, 12.389, 9.778, 0.736], [1, 0]]
[[0.449, 13.591, 10.727, 0.765], [0.463, 14.25, 10.618, 0.766], [1, 0]]
[[0.446, 12.846, 10.277, 0.778], [0.442, 13.54, 11.746, 0.739], [1, 0]]
[[0.473, 16.513, 10.077, 0.761], [0.433, 14.395, 9.816, 0.743], [0, 1]]
[[0.447, 14.241, 11.362, 0.755], [0.451, 14.787, 11.41, 0.748], [1, 0]]
[[0.41, 14.0, 9.545, 0.711], [0.415, 13.818, 12.0, 0.675], [1, 0]]
[[0.455, 14.239, 11.5, 0.735], [0.469, 13.787, 10.34, 0.727], [0, 1]]
[[0.433, 11.737, 10.368, 0.713], [0.445, 13.2, 10.75, 0.744], [0, 1]]
[[0.447, 13.029, 9.971, 0.726], [0.452, 12.656, 11.656, 0.728], [1, 0]]
