[[0.445, 14.66, 11.979, 0.746], [0.432, 13.761, 10.761, 0.738], [0, 1]]
[[0.447, 12.544, 11.43, 0.76], [0.446, 14.544, 10.468, 0.754], [1, 0]]
[[0.461, 12.301, 11.12, 0.763], [0.452, 11.855, 10.434, 0.775], [0, 1]]
[[0.461, 14.11, 11.28, 0.733], [0.436, 14.268, 12.049, 0.751], [0, 1]]
[[0.429, 13.5, 9.5, 0.681], [0.415, 15.118, 10.471, 0.717], [0, 1]]
[[0.436, 13.464, 10.786, 0.737], [0.457, 12.13, 11.056, 0.769], [1, 0]]
[[0.467, 13.339, 11.536, 0.755], [0.446, 14.704, 10.093, 0.751], [1, 0]]
[[0.438, 15.25, 10.5, 0.748], [0.438, 14.161, 10.75, 0.753], [1, 0]]
[[0.442, 11.773, 11.493, 0.764], [0.452, 13.297, 11.284, 0.752], [1, 0]]
[[0.445, 11.707, 9.733, 0.756], [0.439, 13.041, 11.149, 0.734], [1, 0]]
[[0.429, 13.926, 10.444, 0.709], [0.451, 13.346, 10.808, 0.653], [0, 1]]
[[0.437, 13.101, 11.316, 0.736], [0.447, 13.825, 11.338, 0.741], [1, 0]]
[[0.416, 15.0, 10.188, 0.719], [0.419, 16.188, 10.875, 0.65], [1, 0]]
[[0.442, 15.0, 10.667, 0.716], [0.41, 11.0, 11.429, 0.688], [1, 0]]
[[0.439, 13.737, 10.789, 0.728], [0.414, 13.97, 10.091, 0.761], [1, 0]]
[[0.42, 14.361, 12.528, 0.726], [0.438, 14.771, 11.429, 0.737], [0, 1]]
[[0.427, 14.964, 10.679, 0.747], [0.438, 13.385, 10.962, 0.741], [0, 1]]
[[0.457, 13.321, 10.643, 0.724], [0.46, 11.845, 9.75, 0.796], [1, 0]]
[[0.447, 13.508, 11.302, 0.747], [0.443, 13.581, 9.435, 0.768], [1, 0]]
[[0.414, 14.923, 9.231, 0.711], [0.426, 13.214, 10.357, 0.718], [1, 0]]
[[0.456, 14.851, 10.743, 0.761], [0.448, 13.96, 11.36, 0.738], [1, 0]]
[[0.448, 14.0, 12.034, 0.71], [0.452, 13.397, 11.379, 0.695], [0, 1]]
[[0.44, 12.833, 11.967, 0.762], [0.458, 12.153, 10.983, 0.766], [1, 0]]
[[0.441, 13.817, 11.25, 0.732], [0.447, 13.458, 11.424, 0.742], [1, 0]]
[[0.429, 13.263, 9.684, 0.692], [0.442, 13.778, 9.778, 0.719], [1, 0]]
[[0.454, 14.28, 12.04, 0.724], [0.442, 13.32, 11.253, 0.722], [0, 1]]
[[0.461, 11.89, 9.756, 0.794], [0.449, 13.39, 9.646, 0.729], [1, 0]]
[[0.396, 13.636, 11.091, 0.745], [0.403, 15.273, 11.818, 0.626], [1, 0]]
[[0.447, 11.774, 10.355, 0.764], [0.431, 13.903, 10.516, 0.712], [0, 1]]
[[0.439, 15.083, 10.483, 0.746], [0.455, 11.69, 10.0, 0.787], [1, 0]]
[[0.408, 14.947, 9.316, 0.732], [0.42, 13.3, 10.6, 0.686], [1, 0]]
[[0.436, 12.117, 11.4, 0.745], [0.454, 14.333, 11.3, 0.76], [1, 0]]
[[0.438, 14.385, 10.154, 0.735], [0.453, 13.0, 11.462, 0.66], [0, 1]]
[[0.455, 14.165, 12.106, 0.722], [0.445, 11.918, 11.6, 0.764], [0, 1]]
[[0.194, 5.0, 6.0, 0.384], [0.22, 8.5, 2.5, 0.3], [1, 0]]
[[0.444, 13.468, 10.792, 0.755], [0.443, 11.816, 11.566, 0.763], [0, 1]]
[[0.324, 14.5, 8.25, 0.556], [0.334, 10.333, 5.333, 0.534], [1, 0]]
[[0.451, 13.114, 11.443, 0.7], [0.451, 13.3, 11.229, 0.75], [0, 1]]
[[0.415, 15.091, 8.636, 0.73], [0.392, 11.182, 11.455, 0.68], [1, 0]]
[[0.433, 13.0, 11.0, 0.755], [0.429, 13.875, 10.656, 0.71], [1, 0]]
[[0.427, 15.148, 10.593, 0.748], [0.431, 15.038, 11.385, 0.714], [1, 0]]
[[0.425, 13.619, 10.333, 0.715], [0.415, 14.476, 8.905, 0.738], [1, 0]]
[[0.446, 13.959, 11.378, 0.736], [0.448, 13.863, 11.479, 0.713], [0, 1]]
[[0.453, 11.905, 9.19, 0.712], [0.454, 14.714, 11.571, 0.726], [1, 0]]
[[0.438, 12.28, 11.3, 0.745], [0.44, 11.76, 11.5, 0.758], [0, 1]]
[[0.435, 15.2, 11.533, 0.722], [0.442, 14.897, 9.793, 0.749], [1, 0]]
[[0.287, 9.0, 7.333, 0.484], [0.233, 9.0, 4.5, 0.368], [1, 0]]
[[0.441, 13.071, 11.524, 0.762], [0.456, 13.909, 10.568, 0.729], [1, 0]]
[[0.445, 13.469, 10.776, 0.728], [0.441, 14.792, 12.188, 0.723], [1, 0]]
[[0.45, 12.214, 9.393, 0.719], [0.415, 14.852, 12.37, 0.726], [1, 0]]
[[0.459, 13.935, 10.522, 0.731], [0.454, 12.022, 9.978, 0.759], [0, 1]]
[[0.437, 11.649, 9.919, 0.761], [0.451, 13.222, 11.361, 0.661], [1, 0]]
[[0.438, 13.238, 11.0, 0.749], [0.415, 14.182, 9.045, 0.748], [1, 0]]
[[0.46, 14.677, 11.613, 0.73], [0.45, 11.733, 10.5, 0.765], [1, 0]]
[[0.414, 10.5, 8.625, 0.624], [0.381, 11.75, 9.5, 0.665], [1, 0]]
[[0.436, 14.25, 8.75, 0.649], [0.378, 14.333, 10.0, 0.626], [1, 0]]
[[0.451, 14.4, 11.26, 0.751], [0.449, 13.189, 10.717, 0.734], [1, 0]]
[[0.435, 11.056, 11.722, 0.717], [0.428, 14.389, 11.611, 0.724], [1, 0]]
[[0.44, 12.943, 11.714, 0.759], [0.437, 14.735, 11.265, 0.732], [1, 0]]
[[0.429, 13.471, 9.529, 0.679], [0.439, 10.706, 10.059, 0.739], [0, 1]]
[[0.419, 14.2, 9.6, 0.741], [0.441, 13.0, 10.958, 0.636], [0, 1]]
[[0.443, 13.391, 10.717, 0.721], [0.437, 11.689, 11.644, 0.758], [0, 1]]
[[0.448, 14.222, 11.111, 0.722], [0.444, 11.591, 10.023, 0.771], [0, 1]]
[[0.437, 14.173, 10.615, 0.746], [0.449, 11.569, 10.176, 0.763], [1, 0]]
[[0.407, 12.111, 9.0, 0.67], [0.404, 14.429, 9.143, 0.664], [1, 0]]
[[0.439, 14.476, 10.262, 0.734], [0.449, 14.902, 10.463, 0.756], [0, 1]]
[[0.436, 14.174, 10.826, 0.708], [0.444, 14.227, 9.136, 0.739], [0, 1]]
[[0.433, 14.107, 12.173, 0.749], [0.447, 14.307, 10.4, 0.757], [0, 1]]
[[0.456, 13.361, 10.663, 0.723], [0.446, 12.41, 11.554, 0.757], [1, 0]]
[[0.448, 11.5, 9.25, 0.713], [0.435, 10.75, 10.15, 0.761], [1, 0]]
[[0.457, 13.417, 10.556, 0.732], [0.453, 14.371, 12.029, 0.726], [1, 0]]
[[0.431, 15.717, 10.587, 0.752], [0.449, 14.205, 9.227, 0.696], [0, 1]]
[[0.441, 11.987, 11.354, 0.754], [0.458, 13.797, 11.228, 0.768], [1, 0]]
[[0.46, 13.745, 10.569, 0.731], [0.456, 12.08, 10.94, 0.767], [0, 1]]
[[0.479, 13.973, 11.107, 0.74], [0.452, 13.315, 11.342, 0.752], [0, 1]]
[[0.418, 13.667, 8.917, 0.7], [0.416, 13.818, 10.636, 0.66], [0, 1]]
[[0.436, 12.916, 11.398, 0.733], [0.241, 9.0, 7.5, 0.43], [1, 0]]
[[0.287, 11.0, 10.667, 0.435], [0.243, 9.0, 8.5, 0.256], [0, 1]]
[[0.451, 12.027, 10.356, 0.77], [0.455, 15.342, 11.534, 0.732], [0, 1]]
[[0.27, 10.333, 9.0, 0.5], [0.272, 11.333, 7.333, 0.303], [1, 0]]
[[0.439, 13.067, 11.28, 0.735], [0.457, 14.867, 10.653, 0.761], [0, 1]]
[[0.449, 14.525, 12.131, 0.725], [0.47, 13.217, 11.417, 0.759], [1, 0]]
[[0.419, 14.292, 9.417, 0.744], [0.429, 13.667, 10.292, 0.707], [1, 0]]
[[0.442, 13.311, 11.216, 0.721], [0.443, 11.824, 11.473, 0.763], [0, 1]]
[[0.446, 14.723, 9.872, 0.749], [0.434, 13.745, 9.617, 0.777], [1, 0]]
[[0.428, 15.097, 10.677, 0.743], [0.435, 11.5, 12.033, 0.749], [0, 1]]
[[0.441, 12.013, 11.442, 0.752], [0.438, 13.026, 11.289, 0.737], [0, 1]]
[[0.459, 14.192, 11.308, 0.731], [0.446, 14.474, 10.423, 0.755], [0, 1]]
[[0.375, 13.625, 7.875, 0.66], [0.373, 14.714, 12.0, 0.646], [1, 0]]
[[0.41, 14.308, 11.231, 0.727], [0.445, 14.75, 8.167, 0.691], [0, 1]]
[[0.446, 11.875, 9.667, 0.742], [0.44, 13.122, 11.673, 0.762], [1, 0]]
[[0.44, 13.308, 10.923, 0.734], [0.44, 13.938, 12.246, 0.757], [1, 0]]
[[0.4, 15.111, 8.222, 0.746], [0.391, 13.0, 11.0, 0.631], [0, 1]]
[[0.421, 14.52, 11.2, 0.704], [0.434, 13.864, 10.909, 0.726], [1, 0]]
[[0.407, 12.5, 8.429, 0.734], [0.418, 13.071, 11.214, 0.67], [0, 1]]
[[0.426, 14.365, 11.885, 0.737], [0.455, 12.176, 11.0, 0.768], [0, 1]]
[[0.438, 15.255, 10.529, 0.748], [0.452, 13.32, 11.72, 0.683], [1, 0]]
[[0.427, 14.434, 11.736, 0.734], [0.452, 13.906, 9.302, 0.71], [1, 0]]
[[0.439, 13.206, 11.015, 0.737], [0.445, 14.471, 10.574, 0.749], [0, 1]]
[[0.449, 12.296, 9.37, 0.723], [0.406, 14.37, 10.741, 0.759], [1, 0]]
[[0.44, 13.239, 10.955, 0.734], [0.455, 14.119, 11.343, 0.764], [1, 0]]
[[0.443, 13.276, 11.329, 0.721], [0.448, 13.855, 11.605, 0.713], [1, 0]]
[[0.437, 14.414, 11.621, 0.751], [0.459, 13.448, 11.448, 0.737], [1, 0]]
[[0.456, 12.063, 10.016, 0.791], [0.442, 13.844, 11.172, 0.735], [1, 0]]
[[0.46, 12.133, 11.147, 0.757], [0.45, 13.487, 9.592, 0.725], [1, 0]]
[[0.338, 11.0, 6.5, 0.593], [0.277, 9.667, 4.667, 0.534], [1, 0]]
[[0.455, 15.227, 11.613, 0.735], [0.476, 13.32, 11.32, 0.761], [0, 1]]
[[0.474, 14.182, 10.985, 0.74], [0.429, 14.231, 12.015, 0.74], [0, 1]]
[[0.44, 11.944, 11.444, 0.75], [0.446, 14.042, 11.5, 0.733], [0, 1]]
[[0.282, 10.667, 9.0, 0.414], [0.273, 12.0, 12.333, 0.489], [1, 0]]
[[0.451, 13.833, 10.611, 0.734], [0.442, 14.629, 10.457, 0.75], [0, 1]]
[[0.438, 14.488, 10.268, 0.738], [0.459, 12.952, 11.476, 0.741], [0, 1]]
[[0.426, 15.1, 10.667, 0.745], [0.436, 14.714, 11.286, 0.736], [0, 1]]
[[0.45, 11.872, 10.043, 0.762], [0.438, 11.771, 11.646, 0.758], [0, 1]]
[[0.438, 12.115, 11.346, 0.742], [0.435, 13.577, 10.885, 0.74], [0, 1]]
[[0.222, 7.5, 4.0, 0.416], [0.253, 9.5, 5.5, 0.381], [0, 1]]
[[0.455, 14.174, 12.093, 0.724], [0.444, 12.047, 11.547, 0.763], [1, 0]]
[[0.453, 15.456, 11.529, 0.732], [0.442, 11.809, 11.574, 0.759], [0, 1]]
[[0.445, 15.737, 11.93, 0.728], [0.44, 11.672, 11.621, 0.76], [0, 1]]
[[0.444, 14.557, 10.557, 0.75], [0.448, 13.734, 12.203, 0.754], [1, 0]]
[[0.443, 14.528, 11.056, 0.719], [0.443, 14.568, 9.216, 0.682], [1, 0]]
[[0.43, 13.841, 11.545, 0.726], [0.436, 14.463, 11.341, 0.74], [0, 1]]
[[0.441, 11.959, 11.521, 0.751], [0.443, 12.634, 11.563, 0.761], [1, 0]]
[[0.435, 14.477, 11.727, 0.747], [0.436, 13.953, 9.744, 0.773], [0, 1]]
[[0.444, 11.797, 9.73, 0.756], [0.451, 13.264, 11.319, 0.752], [1, 0]]
[[0.437, 14.042, 10.75, 0.713], [0.434, 13.522, 10.913, 0.734], [1, 0]]
[[0.45, 13.486, 9.554, 0.727], [0.447, 14.284, 10.432, 0.756], [0, 1]]
[[0.438, 11.615, 9.897, 0.764], [0.435, 11.425, 11.65, 0.762], [0, 1]]
[[0.401, 14.25, 10.25, 0.631], [0.372, 11.857, 9.286, 0.653], [0, 1]]
[[0.446, 13.811, 12.243, 0.754], [0.451, 13.108, 11.595, 0.699], [1, 0]]
[[0.46, 12.013, 9.718, 0.793], [0.444, 13.436, 10.782, 0.757], [0, 1]]
[[0.442, 14.7, 10.067, 0.747], [0.456, 13.312, 11.406, 0.731], [0, 1]]
[[0.438, 12.263, 11.439, 0.737], [0.446, 14.709, 10.182, 0.753], [0, 1]]
[[0.444, 13.455, 10.455, 0.726], [0.434, 11.364, 12.136, 0.74], [0, 1]]
[[0.457, 13.971, 11.279, 0.729], [0.459, 13.537, 9.657, 0.721], [0, 1]]
[[0.433, 14.526, 11.184, 0.705], [0.447, 14.472, 11.472, 0.702], [1, 0]]
[[0.45, 14.565, 12.032, 0.727], [0.443, 13.627, 9.424, 0.768], [1, 0]]
[[0.443, 11.867, 9.567, 0.746], [0.439, 13.885, 10.787, 0.754], [1, 0]]
[[0.463, 12.176, 11.082, 0.762], [0.451, 11.918, 10.506, 0.776], [1, 0]]
[[0.44, 13.167, 11.646, 0.765], [0.444, 14.68, 12.0, 0.722], [0, 1]]
[[0.452, 14.871, 10.806, 0.755], [0.443, 13.6, 9.367, 0.768], [0, 1]]
[[0.433, 11.487, 11.795, 0.76], [0.451, 13.027, 11.243, 0.659], [0, 1]]
[[0.423, 13.462, 12.154, 0.678], [0.403, 15.231, 12.0, 0.636], [1, 0]]
[[0.438, 10.571, 10.095, 0.758], [0.432, 16.238, 11.095, 0.664], [0, 1]]
[[0.379, 14.571, 8.714, 0.711], [0.367, 12.5, 11.167, 0.616], [1, 0]]
[[0.437, 13.049, 11.407, 0.733], [0.457, 15.268, 11.549, 0.729], [0, 1]]
[[0.438, 13.757, 10.919, 0.725], [0.44, 14.618, 10.647, 0.75], [0, 1]]
[[0.45, 12.031, 9.281, 0.728], [0.448, 13.281, 11.188, 0.659], [1, 0]]
[[0.424, 13.591, 10.227, 0.715], [0.432, 12.227, 9.318, 0.775], [0, 1]]
[[0.44, 13.718, 10.718, 0.728], [0.443, 15.611, 11.806, 0.705], [0, 1]]
[[0.452, 14.636, 11.409, 0.752], [0.453, 13.067, 11.533, 0.675], [1, 0]]
[[0.443, 12.754, 11.623, 0.76], [0.457, 13.507, 9.638, 0.721], [1, 0]]
[[0.449, 13.987, 11.372, 0.741], [0.457, 15.308, 11.564, 0.733], [1, 0]]
[[0.426, 14.75, 7.812, 0.643], [0.442, 14.062, 8.75, 0.705], [0, 1]]
[[0.45, 13.463, 11.254, 0.75], [0.442, 13.269, 9.522, 0.765], [1, 0]]
[[0.457, 12.188, 9.913, 0.79], [0.456, 13.529, 9.632, 0.724], [1, 0]]
[[0.418, 13.625, 10.875, 0.721], [0.393, 13.538, 10.231, 0.714], [1, 0]]
[[0.429, 14.368, 11.825, 0.737], [0.446, 11.983, 10.517, 0.767], [0, 1]]
[[0.45, 13.193, 10.947, 0.734], [0.453, 11.66, 9.943, 0.782], [0, 1]]
[[0.455, 13.269, 10.705, 0.728], [0.451, 12.987, 11.628, 0.7], [0, 1]]
[[0.438, 13.275, 11.043, 0.735], [0.461, 12.147, 11.162, 0.757], [0, 1]]
[[0.409, 12.267, 8.6, 0.747], [0.377, 15.154, 12.077, 0.67], [1, 0]]
[[0.458, 14.562, 11.75, 0.743], [0.456, 12.092, 10.077, 0.793], [1, 0]]
[[0.417, 15.25, 8.5, 0.73], [0.417, 13.833, 10.333, 0.671], [0, 1]]
[[0.451, 14.379, 12.045, 0.726], [0.439, 11.769, 11.538, 0.76], [1, 0]]
[[0.442, 12.848, 10.394, 0.717], [0.432, 13.5, 11.344, 0.729], [1, 0]]
[[0.478, 13.798, 11.107, 0.744], [0.437, 12.917, 11.417, 0.732], [1, 0]]
[[0.452, 14.347, 12.111, 0.725], [0.444, 14.31, 10.479, 0.752], [1, 0]]
[[0.443, 13.925, 11.313, 0.738], [0.448, 13.523, 11.338, 0.75], [0, 1]]
[[0.457, 13.343, 10.514, 0.73], [0.442, 13.42, 10.957, 0.72], [1, 0]]
[[0.422, 15.154, 10.385, 0.643], [0.385, 13.909, 10.636, 0.699], [0, 1]]
[[0.439, 12.55, 10.975, 0.736], [0.447, 14.325, 9.175, 0.691], [1, 0]]
[[0.46, 14.636, 11.591, 0.732], [0.446, 10.773, 10.364, 0.756], [0, 1]]
[[0.445, 11.939, 11.415, 0.766], [0.454, 12.976, 11.366, 0.748], [1, 0]]
[[0.437, 11.985, 11.537, 0.749], [0.453, 14.862, 10.769, 0.759], [0, 1]]
[[0.441, 11.725, 11.569, 0.758], [0.45, 14.058, 11.865, 0.708], [1, 0]]
[[0.424, 14.562, 12.146, 0.737], [0.435, 13.755, 11.061, 0.731], [1, 0]]
[[0.457, 14.241, 11.928, 0.722], [0.243, 9.0, 8.5, 0.256], [0, 1]]
[[0.435, 13.375, 10.938, 0.709], [0.442, 14.258, 9.097, 0.686], [1, 0]]
[[0.433, 15.605, 10.698, 0.739], [0.438, 15.302, 12.116, 0.724], [1, 0]]
[[0.443, 14.837, 12.209, 0.744], [0.447, 14.439, 11.098, 0.721], [1, 0]]
[[0.45, 12.318, 9.5, 0.714], [0.438, 14.273, 12.955, 0.712], [0, 1]]
[[0.44, 12.848, 11.545, 0.752], [0.428, 14.0, 11.441, 0.712], [1, 0]]
[[0.46, 14.594, 11.781, 0.73], [0.441, 14.433, 11.667, 0.747], [0, 1]]
[[0.482, 13.948, 11.104, 0.741], [0.452, 13.32, 11.267, 0.753], [1, 0]]
[[0.454, 13.417, 9.625, 0.723], [0.451, 13.181, 11.611, 0.699], [0, 1]]
[[0.371, 14.556, 10.667, 0.712], [0.407, 13.5, 10.75, 0.644], [1, 0]]
[[0.459, 13.627, 10.693, 0.738], [0.447, 13.84, 12.2, 0.75], [0, 1]]
[[0.439, 13.797, 10.75, 0.756], [0.448, 11.859, 10.625, 0.771], [0, 1]]
[[0.462, 13.55, 10.575, 0.745], [0.451, 13.4, 9.562, 0.726], [1, 0]]
[[0.451, 11.517, 10.552, 0.763], [0.404, 14.462, 10.654, 0.758], [1, 0]]
[[0.418, 12.364, 9.182, 0.66], [0.379, 13.9, 11.2, 0.736], [0, 1]]
[[0.367, 14.143, 9.0, 0.55], [0.396, 12.333, 9.833, 0.557], [1, 0]]
[[0.451, 14.065, 11.761, 0.712], [0.435, 14.024, 9.69, 0.77], [1, 0]]
[[0.436, 13.92, 10.92, 0.716], [0.428, 14.0, 10.385, 0.712], [0, 1]]
[[0.445, 15.65, 11.95, 0.709], [0.439, 13.425, 11.7, 0.732], [1, 0]]
[[0.402, 15.167, 12.0, 0.634], [0.401, 10.615, 11.462, 0.685], [0, 1]]
[[0.431, 13.286, 10.071, 0.703], [0.387, 13.917, 10.417, 0.707], [1, 0]]
[[0.44, 12.711, 10.895, 0.735], [0.437, 14.342, 10.132, 0.732], [1, 0]]
[[0.415, 13.786, 11.786, 0.738], [0.437, 14.786, 9.929, 0.721], [0, 1]]
[[0.459, 13.694, 11.271, 0.768], [0.457, 15.2, 11.624, 0.73], [1, 0]]
[[0.458, 14.16, 11.346, 0.733], [0.444, 13.506, 10.765, 0.756], [0, 1]]
[[0.451, 14.034, 10.517, 0.728], [0.435, 13.103, 11.103, 0.754], [0, 1]]
[[0.444, 13.583, 10.812, 0.728], [0.449, 14.0, 9.152, 0.697], [1, 0]]
[[0.434, 14.361, 10.306, 0.732], [0.426, 14.028, 11.5, 0.718], [1, 0]]
[[0.395, 10.75, 9.5, 0.665], [0.389, 13.75, 10.625, 0.64], [0, 1]]
[[0.439, 14.5, 12.692, 0.72], [0.45, 13.64, 10.68, 0.729], [1, 0]]
[[0.431, 15.308, 10.487, 0.737], [0.443, 14.861, 10.389, 0.756], [1, 0]]
[[0.422, 13.64, 10.72, 0.7], [0.431, 14.182, 11.773, 0.678], [1, 0]]
[[0.435, 14.488, 11.22, 0.705], [0.447, 14.238, 9.31, 0.695], [1, 0]]
[[0.452, 12.915, 11.695, 0.7], [0.446, 14.512, 10.585, 0.753], [0, 1]]
[[0.45, 11.694, 10.02, 0.782], [0.434, 13.625, 9.5, 0.779], [0, 1]]
[[0.457, 13.318, 10.6, 0.726], [0.46, 11.859, 9.824, 0.796], [1, 0]]
[[0.423, 14.152, 11.152, 0.739], [0.443, 14.323, 9.29, 0.735], [0, 1]]
[[0.426, 13.5, 10.538, 0.704], [0.446, 13.583, 10.583, 0.726], [0, 1]]
[[0.452, 14.958, 10.542, 0.751], [0.433, 13.7, 11.12, 0.729], [0, 1]]
[[0.23, 9.0, 6.0, 0.339], [0.231, 7.5, 6.5, 0.357], [1, 0]]
[[0.457, 14.767, 11.833, 0.741], [0.44, 14.083, 12.183, 0.757], [1, 0]]
[[0.395, 15.312, 12.75, 0.703], [0.434, 10.579, 10.474, 0.758], [0, 1]]
[[0.452, 14.917, 10.667, 0.754], [0.455, 13.881, 9.593, 0.714], [1, 0]]
[[0.443, 13.532, 10.787, 0.725], [0.445, 14.535, 9.721, 0.747], [1, 0]]
[[0.429, 11.875, 10.375, 0.664], [0.37, 13.222, 10.556, 0.706], [1, 0]]
[[0.46, 13.606, 10.704, 0.729], [0.454, 15.319, 11.514, 0.733], [0, 1]]
[[0.45, 14.2, 9.244, 0.698], [0.443, 14.591, 9.682, 0.746], [0, 1]]
[[0.473, 14.172, 11.0, 0.741], [0.471, 13.27, 11.317, 0.76], [1, 0]]
[[0.454, 14.297, 12.081, 0.724], [0.476, 13.37, 11.356, 0.764], [0, 1]]
[[0.446, 11.808, 9.615, 0.742], [0.443, 13.774, 11.038, 0.717], [1, 0]]
[[0.45, 12.625, 9.542, 0.716], [0.437, 16.625, 10.875, 0.683], [1, 0]]
[[0.455, 14.737, 11.842, 0.74], [0.436, 13.684, 11.316, 0.734], [1, 0]]
[[0.434, 13.806, 11.419, 0.726], [0.41, 14.267, 10.533, 0.767], [0, 1]]
[[0.461, 13.082, 11.673, 0.75], [0.45, 14.02, 11.9, 0.705], [1, 0]]
[[0.182, 9.0, 11.5, 0.355], [0.206, 8.5, 7.0, 0.416], [0, 1]]
[[0.321, 13.2, 12.4, 0.591], [0.327, 13.0, 10.0, 0.633], [0, 1]]
[[0.423, 14.0, 10.478, 0.724], [0.43, 14.636, 11.0, 0.692], [0, 1]]
[[0.451, 11.791, 9.767, 0.731], [0.452, 12.0, 10.818, 0.758], [0, 1]]
[[0.452, 13.265, 11.653, 0.68], [0.435, 13.761, 9.63, 0.775], [0, 1]]
[[0.345, 12.25, 9.25, 0.596], [0.381, 14.167, 9.5, 0.614], [1, 0]]
[[0.414, 14.5, 11.143, 0.724], [0.402, 15.6, 9.0, 0.708], [0, 1]]
[[0.42, 14.8, 10.4, 0.684], [0.421, 11.0, 9.4, 0.688], [0, 1]]
[[0.435, 13.604, 10.811, 0.741], [0.449, 15.077, 10.808, 0.753], [1, 0]]
[[0.415, 14.759, 12.655, 0.718], [0.449, 13.267, 11.167, 0.657], [1, 0]]
[[0.436, 13.441, 10.912, 0.716], [0.417, 14.667, 12.567, 0.718], [1, 0]]
[[0.462, 11.9, 9.762, 0.794], [0.443, 13.425, 10.775, 0.758], [1, 0]]
[[0.451, 14.056, 11.87, 0.708], [0.439, 13.941, 11.922, 0.752], [1, 0]]
[[0.451, 14.434, 11.208, 0.754], [0.442, 13.269, 11.481, 0.739], [1, 0]]
[[0.412, 14.7, 9.0, 0.736], [0.424, 13.667, 11.056, 0.648], [0, 1]]
[[0.441, 11.561, 9.805, 0.767], [0.438, 14.658, 11.237, 0.738], [1, 0]]
[[0.423, 13.188, 10.938, 0.682], [0.444, 14.429, 8.357, 0.698], [1, 0]]
[[0.459, 14.769, 11.577, 0.734], [0.417, 14.692, 11.192, 0.709], [1, 0]]
[[0.425, 13.083, 11.75, 0.678], [0.409, 13.692, 11.615, 0.735], [1, 0]]
[[0.44, 14.531, 10.375, 0.748], [0.435, 14.059, 10.647, 0.705], [0, 1]]
[[0.432, 11.375, 12.083, 0.734], [0.423, 14.304, 11.261, 0.73], [1, 0]]
[[0.432, 13.6, 10.9, 0.738], [0.44, 13.939, 11.02, 0.715], [1, 0]]
[[0.436, 13.091, 11.416, 0.738], [0.448, 13.974, 11.364, 0.739], [1, 0]]
[[0.373, 9.167, 9.667, 0.627], [0.368, 13.0, 6.5, 0.659], [1, 0]]
[[0.448, 14.326, 11.07, 0.728], [0.46, 13.0, 11.558, 0.744], [0, 1]]
[[0.446, 11.845, 9.621, 0.747], [0.452, 14.067, 11.017, 0.729], [1, 0]]
[[0.425, 13.682, 10.864, 0.71], [0.417, 15.286, 10.667, 0.736], [0, 1]]
[[0.451, 14.049, 11.279, 0.728], [0.44, 14.984, 10.541, 0.748], [0, 1]]
[[0.434, 15.114, 12.114, 0.719], [0.442, 15.971, 11.5, 0.705], [0, 1]]
[[0.456, 13.4, 11.533, 0.733], [0.41, 14.5, 10.464, 0.764], [1, 0]]
[[0.253, 9.5, 5.5, 0.381], [0.182, 7.5, 8.0, 0.3], [1, 0]]
[[0.444, 13.21, 11.111, 0.724], [0.45, 13.383, 9.63, 0.726], [1, 0]]
[[0.451, 13.067, 10.817, 0.733], [0.44, 14.103, 10.586, 0.754], [1, 0]]
[[0.433, 13.967, 10.333, 0.713], [0.441, 14.379, 9.103, 0.682], [1, 0]]
[[0.462, 14.515, 11.606, 0.728], [0.443, 14.345, 9.345, 0.739], [0, 1]]
[[0.446, 14.75, 9.979, 0.751], [0.441, 13.388, 11.51, 0.737], [1, 0]]
[[0.37, 12.286, 9.143, 0.707], [0.424, 13.333, 7.167, 0.604], [0, 1]]
[[0.208, 9.5, 7.0, 0.296], [0.231, 7.5, 6.5, 0.357], [0, 1]]
[[0.446, 11.959, 9.796, 0.74], [0.453, 13.353, 11.686, 0.684], [1, 0]]
[[0.419, 13.167, 10.667, 0.71], [0.416, 12.444, 10.778, 0.683], [1, 0]]
[[0.441, 13.941, 11.098, 0.718], [0.443, 15.941, 11.902, 0.719], [0, 1]]
[[0.446, 11.962, 9.604, 0.742], [0.448, 14.055, 11.836, 0.708], [1, 0]]
[[0.447, 14.094, 11.019, 0.728], [0.433, 13.7, 9.6, 0.777], [0, 1]]
[[0.447, 11.982, 9.607, 0.748], [0.438, 14.286, 12.161, 0.756], [1, 0]]
[[0.471, 14.436, 11.055, 0.734], [0.453, 14.574, 11.87, 0.742], [1, 0]]
[[0.428, 14.727, 10.545, 0.745], [0.442, 14.6, 11.5, 0.701], [0, 1]]
[[0.443, 13.133, 10.467, 0.709], [0.436, 13.931, 11.103, 0.736], [1, 0]]
[[0.475, 14.138, 10.969, 0.741], [0.447, 15.651, 11.81, 0.728], [1, 0]]
[[0.433, 14.893, 11.607, 0.714], [0.447, 14.214, 10.607, 0.725], [1, 0]]
[[0.447, 14.017, 12.051, 0.711], [0.447, 14.793, 10.121, 0.749], [0, 1]]
[[0.431, 12.286, 9.143, 0.682], [0.43, 14.462, 9.923, 0.708], [1, 0]]
[[0.462, 12.261, 11.159, 0.757], [0.444, 14.3, 10.543, 0.752], [1, 0]]
[[0.437, 11.954, 11.492, 0.748], [0.444, 13.431, 10.877, 0.722], [0, 1]]
[[0.427, 14.789, 11.105, 0.688], [0.443, 13.944, 8.889, 0.718], [0, 1]]
[[0.428, 14.875, 10.531, 0.745], [0.435, 11.581, 11.968, 0.751], [0, 1]]
[[0.359, 14.0, 10.8, 0.59], [0.357, 9.75, 10.75, 0.511], [1, 0]]
[[0.442, 14.85, 12.3, 0.738], [0.439, 13.474, 11.474, 0.734], [1, 0]]
[[0.434, 14.636, 10.455, 0.708], [0.4, 13.273, 10.727, 0.673], [0, 1]]
[[0.401, 13.583, 8.5, 0.704], [0.428, 10.727, 9.364, 0.7], [0, 1]]
[[0.416, 12.636, 9.364, 0.68], [0.399, 12.636, 9.364, 0.704], [1, 0]]
[[0.471, 14.483, 11.103, 0.74], [0.445, 13.482, 11.339, 0.736], [0, 1]]
[[0.445, 12.349, 11.419, 0.757], [0.443, 13.233, 11.244, 0.722], [1, 0]]
[[0.433, 14.343, 10.314, 0.733], [0.449, 14.382, 11.441, 0.703], [0, 1]]
[[0.384, 11.556, 9.111, 0.701], [0.395, 14.714, 9.857, 0.655], [0, 1]]
[[0.437, 12.032, 11.349, 0.748], [0.453, 14.048, 11.238, 0.728], [1, 0]]
[[0.445, 12.345, 11.356, 0.757], [0.443, 13.287, 11.322, 0.722], [0, 1]]
[[0.377, 12.75, 8.625, 0.731], [0.404, 12.333, 9.556, 0.701], [0, 1]]
[[0.415, 14.444, 10.333, 0.664], [0.419, 12.909, 10.182, 0.707], [0, 1]]
[[0.427, 14.189, 10.919, 0.741], [0.449, 13.2, 11.514, 0.664], [1, 0]]
[[0.457, 13.397, 10.534, 0.729], [0.444, 13.814, 12.314, 0.755], [0, 1]]
[[0.337, 7.75, 9.0, 0.531], [0.318, 12.5, 9.0, 0.558], [0, 1]]
[[0.432, 14.739, 11.174, 0.697], [0.434, 13.619, 10.619, 0.72], [1, 0]]
[[0.458, 14.8, 11.733, 0.728], [0.441, 14.25, 9.0, 0.687], [0, 1]]
[[0.432, 14.056, 12.333, 0.695], [0.423, 13.571, 10.857, 0.706], [0, 1]]
[[0.439, 14.4, 12.5, 0.708], [0.432, 14.1, 8.75, 0.656], [1, 0]]
[[0.434, 14.92, 11.36, 0.709], [0.428, 13.84, 10.2, 0.712], [1, 0]]
[[0.456, 13.5, 9.629, 0.722], [0.448, 13.871, 11.643, 0.71], [0, 1]]
[[0.446, 12.476, 11.5, 0.76], [0.443, 14.476, 10.854, 0.745], [1, 0]]
[[0.425, 15.423, 10.731, 0.747], [0.446, 13.28, 10.88, 0.65], [1, 0]]
[[0.436, 14.235, 10.627, 0.745], [0.451, 14.02, 11.863, 0.707], [1, 0]]
[[0.453, 13.242, 10.576, 0.732], [0.442, 13.938, 12.219, 0.756], [1, 0]]
[[0.449, 12.053, 9.816, 0.732], [0.435, 14.525, 11.225, 0.704], [0, 1]]
[[0.458, 13.805, 11.286, 0.767], [0.451, 12.117, 10.506, 0.772], [1, 0]]
[[0.374, 15.5, 8.75, 0.66], [0.413, 14.571, 8.429, 0.628], [0, 1]]
[[0.443, 12.048, 9.556, 0.749], [0.471, 13.266, 11.328, 0.761], [0, 1]]
[[0.441, 11.769, 11.673, 0.76], [0.438, 13.98, 11.88, 0.751], [1, 0]]
[[0.435, 11.724, 9.448, 0.762], [0.425, 14.5, 11.071, 0.712], [0, 1]]
[[0.442, 13.035, 11.877, 0.766], [0.456, 12.107, 10.982, 0.764], [1, 0]]
[[0.367, 15.857, 9.0, 0.647], [0.378, 15.25, 9.875, 0.605], [0, 1]]
[[0.44, 13.111, 11.583, 0.759], [0.439, 14.111, 9.806, 0.732], [1, 0]]
[[0.447, 14.757, 11.459, 0.752], [0.45, 13.921, 10.763, 0.73], [1, 0]]
[[0.434, 11.533, 9.767, 0.766], [0.458, 13.571, 11.464, 0.74], [0, 1]]
[[0.45, 14.963, 10.815, 0.75], [0.439, 14.075, 11.962, 0.753], [1, 0]]
[[0.306, 12.667, 6.333, 0.413], [0.207, 9.0, 5.5, 0.4], [0, 1]]
[[0.439, 14.516, 12.903, 0.731], [0.443, 16.233, 11.467, 0.697], [0, 1]]
[[0.444, 13.524, 10.72, 0.756], [0.45, 13.829, 11.646, 0.72], [1, 0]]
[[0.45, 14.804, 10.652, 0.749], [0.455, 12.021, 10.83, 0.763], [1, 0]]
[[0.436, 13.545, 10.764, 0.74], [0.452, 13.852, 9.352, 0.708], [1, 0]]
[[0.446, 12.02, 9.74, 0.739], [0.446, 14.735, 9.98, 0.75], [0, 1]]
[[0.433, 15.125, 11.688, 0.728], [0.43, 14.0, 11.094, 0.71], [1, 0]]
[[0.445, 12.746, 11.746, 0.761], [0.442, 13.765, 12.338, 0.754], [0, 1]]
[[0.414, 13.286, 12.643, 0.656], [0.445, 14.615, 8.231, 0.698], [0, 1]]
[[0.451, 14.358, 12.045, 0.728], [0.43, 14.227, 12.076, 0.742], [1, 0]]
[[0.45, 12.027, 10.0, 0.759], [0.426, 13.946, 11.595, 0.723], [1, 0]]
[[0.323, 11.5, 6.5, 0.615], [0.283, 9.333, 7.333, 0.486], [0, 1]]
[[0.32, 13.0, 7.75, 0.431], [0.309, 10.0, 9.667, 0.427], [0, 1]]
[[0.46, 14.792, 11.583, 0.731], [0.458, 13.833, 11.083, 0.728], [0, 1]]
[[0.446, 14.635, 12.038, 0.723], [0.433, 13.612, 9.51, 0.78], [1, 0]]
[[0.436, 14.32, 8.68, 0.673], [0.432, 13.5, 11.0, 0.735], [1, 0]]
[[0.425, 13.889, 11.0, 0.72], [0.44, 16.577, 11.231, 0.685], [0, 1]]
[[0.452, 13.203, 10.703, 0.734], [0.442, 12.803, 11.869, 0.763], [1, 0]]
[[0.438, 12.571, 10.857, 0.764], [0.458, 13.235, 11.265, 0.733], [1, 0]]
[[0.428, 14.583, 11.883, 0.738], [0.444, 13.525, 10.803, 0.722], [0, 1]]
[[0.437, 14.935, 12.261, 0.724], [0.449, 14.067, 11.844, 0.707], [1, 0]]
[[0.427, 13.222, 9.556, 0.683], [0.448, 11.474, 9.421, 0.705], [0, 1]]
[[0.19, 7.0, 9.0, 0.295], [0.233, 9.0, 4.5, 0.368], [0, 1]]
[[0.451, 13.068, 10.864, 0.735], [0.45, 14.929, 10.75, 0.747], [1, 0]]
[[0.449, 14.536, 12.071, 0.716], [0.452, 13.473, 11.545, 0.693], [1, 0]]
[[0.444, 12.639, 11.625, 0.762], [0.446, 13.973, 11.452, 0.735], [1, 0]]
[[0.44, 14.524, 12.667, 0.711], [0.431, 14.857, 10.952, 0.74], [0, 1]]
[[0.378, 9.167, 9.333, 0.618], [0.359, 12.2, 10.4, 0.618], [1, 0]]
[[0.449, 14.205, 11.068, 0.728], [0.431, 15.644, 10.644, 0.748], [1, 0]]
[[0.412, 15.105, 10.737, 0.722], [0.404, 14.375, 9.688, 0.743], [1, 0]]
[[0.445, 14.696, 10.179, 0.749], [0.439, 13.745, 9.491, 0.775], [1, 0]]
[[0.456, 14.324, 12.162, 0.748], [0.451, 12.041, 10.338, 0.771], [1, 0]]
[[0.439, 12.422, 11.222, 0.739], [0.438, 14.357, 11.31, 0.743], [1, 0]]
[[0.422, 14.471, 12.294, 0.726], [0.448, 13.265, 11.559, 0.664], [0, 1]]
[[0.419, 13.812, 9.688, 0.704], [0.396, 13.857, 10.071, 0.731], [1, 0]]
[[0.267, 8.333, 7.667, 0.467], [0.228, 7.5, 7.0, 0.403], [0, 1]]
[[0.441, 14.694, 12.163, 0.724], [0.438, 14.326, 11.783, 0.749], [0, 1]]
[[0.446, 12.577, 11.462, 0.761], [0.433, 14.13, 12.26, 0.751], [1, 0]]
[[0.435, 12.22, 11.475, 0.742], [0.438, 13.732, 9.464, 0.773], [1, 0]]
[[0.48, 13.987, 11.063, 0.742], [0.462, 12.372, 11.128, 0.756], [1, 0]]
[[0.44, 12.59, 10.949, 0.733], [0.44, 14.237, 9.737, 0.731], [0, 1]]
[[0.475, 14.206, 11.029, 0.739], [0.447, 14.523, 10.431, 0.751], [1, 0]]
[[0.447, 14.582, 12.036, 0.715], [0.443, 13.283, 11.528, 0.738], [0, 1]]
[[0.425, 14.1, 11.333, 0.714], [0.443, 14.464, 9.179, 0.738], [0, 1]]
[[0.306, 13.4, 10.8, 0.637], [0.356, 12.5, 8.667, 0.682], [0, 1]]
[[0.453, 14.373, 11.271, 0.759], [0.453, 14.0, 9.491, 0.711], [1, 0]]
[[0.399, 15.429, 9.143, 0.706], [0.403, 14.143, 11.0, 0.675], [1, 0]]
[[0.454, 14.288, 12.096, 0.724], [0.431, 14.125, 12.153, 0.748], [1, 0]]
[[0.438, 15.172, 10.397, 0.748], [0.453, 11.554, 10.071, 0.786], [0, 1]]
[[0.426, 13.5, 11.2, 0.677], [0.404, 13.818, 12.091, 0.631], [1, 0]]
[[0.457, 14.435, 11.913, 0.742], [0.438, 13.257, 11.171, 0.734], [0, 1]]
[[0.461, 12.153, 11.097, 0.755], [0.448, 14.288, 10.274, 0.756], [0, 1]]
[[0.436, 14.917, 11.25, 0.704], [0.439, 14.826, 9.435, 0.754], [0, 1]]
[[0.437, 14.151, 10.717, 0.748], [0.441, 13.275, 11.471, 0.738], [1, 0]]
[[0.433, 15.596, 10.723, 0.75], [0.438, 11.717, 11.63, 0.759], [0, 1]]
[[0.417, 13.636, 11.636, 0.68], [0.44, 15.0, 8.364, 0.685], [0, 1]]
[[0.441, 14.656, 11.0, 0.712], [0.443, 14.576, 9.182, 0.684], [1, 0]]
[[0.312, 8.333, 5.0, 0.497], [0.237, 7.0, 3.0, 0.375], [1, 0]]
[[0.457, 14.689, 11.934, 0.74], [0.449, 13.984, 11.806, 0.711], [0, 1]]
[[0.429, 13.848, 11.303, 0.712], [0.456, 13.242, 11.364, 0.73], [0, 1]]
[[0.446, 14.342, 11.105, 0.715], [0.46, 12.947, 11.342, 0.74], [0, 1]]
[[0.432, 11.962, 9.346, 0.762], [0.442, 14.348, 9.13, 0.739], [0, 1]]
[[0.451, 14.052, 11.0, 0.731], [0.444, 13.621, 10.793, 0.723], [1, 0]]
[[0.451, 14.431, 11.255, 0.752], [0.452, 13.922, 9.098, 0.706], [1, 0]]
[[0.457, 13.629, 9.613, 0.714], [0.441, 13.984, 12.286, 0.757], [0, 1]]
[[0.446, 14.312, 11.146, 0.725], [0.439, 14.787, 12.255, 0.721], [0, 1]]
[[0.44, 12.977, 11.614, 0.762], [0.444, 11.622, 10.222, 0.773], [1, 0]]
[[0.344, 13.6, 11.0, 0.544], [0.347, 13.0, 12.2, 0.556], [1, 0]]
[[0.439, 14.31, 11.0, 0.727], [0.416, 14.714, 12.321, 0.717], [0, 1]]
[[0.424, 13.167, 10.5, 0.675], [0.429, 10.5, 10.143, 0.716], [1, 0]]
[[0.454, 13.119, 11.333, 0.67], [0.443, 14.325, 9.725, 0.735], [0, 1]]
[[0.432, 12.0, 8.9, 0.772], [0.451, 13.8, 10.4, 0.709], [0, 1]]
[[0.425, 15.217, 10.391, 0.743], [0.41, 14.571, 12.238, 0.726], [1, 0]]
[[0.424, 14.147, 11.059, 0.74], [0.438, 13.611, 10.889, 0.721], [1, 0]]
[[0.409, 14.7, 12.15, 0.714], [0.419, 14.261, 10.783, 0.705], [1, 0]]
[[0.441, 13.569, 10.875, 0.756], [0.452, 13.169, 11.394, 0.7], [1, 0]]
[[0.454, 14.391, 11.971, 0.727], [0.453, 15.42, 11.522, 0.731], [1, 0]]
[[0.45, 11.822, 9.778, 0.74], [0.431, 13.761, 11.304, 0.731], [0, 1]]
[[0.409, 15.25, 8.688, 0.709], [0.438, 14.467, 9.8, 0.724], [0, 1]]
[[0.456, 14.707, 11.845, 0.74], [0.449, 14.467, 12.117, 0.72], [1, 0]]
[[0.45, 12.187, 10.387, 0.772], [0.445, 13.2, 9.6, 0.768], [1, 0]]
[[0.425, 13.435, 10.783, 0.712], [0.425, 14.714, 11.238, 0.725], [0, 1]]
[[0.456, 13.31, 10.535, 0.729], [0.443, 12.75, 11.735, 0.761], [0, 1]]
[[0.426, 15.208, 10.458, 0.748], [0.43, 12.08, 9.56, 0.77], [0, 1]]
[[0.348, 13.857, 11.286, 0.685], [0.373, 13.571, 11.143, 0.648], [1, 0]]
[[0.457, 13.303, 10.526, 0.729], [0.461, 12.122, 11.189, 0.759], [0, 1]]
[[0.443, 13.143, 11.911, 0.764], [0.448, 14.018, 12.07, 0.71], [1, 0]]
[[0.456, 13.918, 11.411, 0.762], [0.448, 13.931, 11.556, 0.712], [0, 1]]
[[0.469, 14.4, 11.2, 0.732], [0.447, 14.513, 11.0, 0.717], [1, 0]]
[[0.438, 12.413, 11.196, 0.737], [0.439, 14.044, 11.089, 0.712], [0, 1]]
[[0.455, 12.102, 10.878, 0.765], [0.463, 13.22, 11.6, 0.751], [1, 0]]
[[0.443, 11.866, 9.761, 0.747], [0.451, 14.294, 11.956, 0.73], [0, 1]]
[[0.449, 13.824, 12.106, 0.753], [0.446, 14.412, 10.659, 0.753], [0, 1]]
[[0.449, 11.943, 9.514, 0.732], [0.438, 11.486, 11.649, 0.754], [0, 1]]
[[0.398, 13.545, 10.455, 0.695], [0.376, 13.6, 9.7, 0.718], [1, 0]]
[[0.453, 14.397, 12.115, 0.748], [0.462, 12.247, 11.117, 0.758], [0, 1]]
[[0.439, 12.39, 11.0, 0.738], [0.442, 13.488, 10.884, 0.723], [0, 1]]
[[0.366, 13.5, 8.5, 0.514], [0.377, 13.714, 10.714, 0.671], [0, 1]]
[[0.402, 14.895, 12.211, 0.709], [0.443, 14.0, 9.05, 0.724], [0, 1]]
[[0.407, 14.364, 11.909, 0.7], [0.416, 15.417, 9.083, 0.699], [1, 0]]
[[0.448, 14.688, 11.438, 0.751], [0.434, 15.059, 11.882, 0.722], [1, 0]]
[[0.206, 8.5, 7.0, 0.416], [0.231, 5.5, 7.5, 0.304], [1, 0]]
[[0.438, 12.062, 9.625, 0.694], [0.43, 14.933, 8.8, 0.736], [0, 1]]
[[0.458, 13.833, 11.244, 0.767], [0.458, 15.013, 10.744, 0.762], [1, 0]]
[[0.432, 12.333, 8.905, 0.775], [0.448, 14.263, 8.842, 0.724], [0, 1]]
[[0.478, 13.753, 11.082, 0.743], [0.437, 12.918, 11.424, 0.732], [1, 0]]
[[0.443, 11.897, 9.765, 0.749], [0.445, 14.448, 10.567, 0.751], [0, 1]]
[[0.442, 13.391, 10.75, 0.736], [0.437, 13.769, 10.831, 0.755], [1, 0]]
[[0.457, 13.276, 10.609, 0.726], [0.46, 11.931, 9.897, 0.796], [1, 0]]
[[0.459, 13.667, 10.708, 0.733], [0.456, 14.819, 10.806, 0.761], [0, 1]]
[[0.453, 12.067, 10.956, 0.761], [0.442, 15.822, 11.689, 0.711], [1, 0]]
[[0.459, 13.881, 10.866, 0.726], [0.448, 13.868, 11.691, 0.708], [1, 0]]
[[0.444, 12.033, 9.607, 0.747], [0.44, 14.984, 10.492, 0.745], [1, 0]]
[[0.434, 13.167, 11.033, 0.754], [0.441, 14.393, 11.464, 0.695], [1, 0]]
[[0.449, 14.055, 11.055, 0.732], [0.44, 11.836, 11.564, 0.762], [1, 0]]
[[0.457, 14.069, 11.347, 0.729], [0.456, 13.333, 10.64, 0.73], [0, 1]]
[[0.444, 12.031, 9.562, 0.75], [0.447, 15.641, 11.797, 0.729], [1, 0]]
[[0.438, 15.044, 12.156, 0.723], [0.454, 13.093, 11.395, 0.669], [0, 1]]
[[0.449, 15.048, 10.524, 0.75], [0.428, 13.974, 9.949, 0.766], [0, 1]]
[[0.436, 14.966, 11.448, 0.716], [0.44, 14.4, 9.167, 0.684], [1, 0]]
[[0.39, 13.222, 10.889, 0.643], [0.397, 15.0, 9.556, 0.612], [0, 1]]
[[0.449, 14.947, 10.719, 0.749], [0.454, 14.036, 9.464, 0.709], [0, 1]]
[[0.402, 14.444, 10.889, 0.673], [0.384, 11.4, 11.9, 0.669], [1, 0]]
[[0.459, 12.974, 11.256, 0.742], [0.421, 13.971, 9.943, 0.762], [0, 1]]
[[0.449, 14.818, 11.242, 0.752], [0.43, 15.028, 10.611, 0.736], [1, 0]]
[[0.459, 14.714, 11.643, 0.734], [0.434, 14.417, 11.5, 0.683], [0, 1]]
[[0.443, 13.456, 10.785, 0.759], [0.445, 13.253, 11.19, 0.725], [0, 1]]
[[0.443, 14.746, 10.563, 0.747], [0.431, 14.143, 12.014, 0.743], [1, 0]]
[[0.473, 14.175, 11.016, 0.742], [0.447, 13.443, 11.328, 0.742], [1, 0]]
[[0.456, 13.287, 10.637, 0.724], [0.454, 13.075, 11.3, 0.751], [0, 1]]
[[0.458, 14.078, 11.351, 0.731], [0.443, 14.577, 10.59, 0.749], [0, 1]]
[[0.451, 13.145, 10.871, 0.733], [0.451, 13.3, 11.4, 0.697], [1, 0]]
[[0.428, 11.848, 10.242, 0.757], [0.436, 12.938, 10.75, 0.758], [1, 0]]
[[0.447, 14.648, 12.056, 0.718], [0.46, 13.868, 10.604, 0.729], [1, 0]]
[[0.295, 10.333, 7.0, 0.453], [0.326, 12.667, 7.333, 0.517], [1, 0]]
[[0.449, 13.828, 12.057, 0.754], [0.445, 14.31, 10.69, 0.753], [1, 0]]
[[0.441, 13.113, 11.962, 0.767], [0.434, 13.745, 9.549, 0.777], [1, 0]]
[[0.446, 14.778, 11.956, 0.745], [0.438, 14.512, 10.558, 0.734], [1, 0]]
[[0.437, 14.526, 9.263, 0.746], [0.401, 14.368, 9.842, 0.751], [0, 1]]
[[0.443, 14.512, 10.625, 0.746], [0.456, 14.287, 11.85, 0.725], [1, 0]]
[[0.436, 12.179, 11.464, 0.739], [0.435, 13.764, 11.218, 0.735], [0, 1]]
[[0.447, 13.882, 10.588, 0.728], [0.443, 14.457, 9.143, 0.679], [1, 0]]
[[0.454, 11.61, 10.136, 0.789], [0.448, 13.95, 11.95, 0.714], [0, 1]]
[[0.435, 14.912, 12.912, 0.734], [0.45, 11.818, 10.394, 0.766], [0, 1]]
[[0.437, 13.136, 11.409, 0.752], [0.434, 13.6, 10.55, 0.724], [1, 0]]
[[0.441, 13.714, 10.524, 0.72], [0.426, 14.5, 11.4, 0.731], [0, 1]]
[[0.448, 12.029, 9.588, 0.731], [0.44, 14.722, 12.722, 0.733], [0, 1]]
[[0.454, 14.316, 12.145, 0.75], [0.45, 12.171, 10.474, 0.774], [0, 1]]
[[0.4, 13.077, 8.692, 0.721], [0.43, 14.5, 10.25, 0.7], [1, 0]]
[[0.342, 7.667, 6.0, 0.503], [0.264, 7.333, 7.333, 0.478], [0, 1]]
[[0.452, 12.038, 10.418, 0.773], [0.448, 13.899, 11.354, 0.741], [1, 0]]
[[0.444, 14.636, 10.879, 0.715], [0.439, 12.906, 11.594, 0.751], [0, 1]]
[[0.441, 12.742, 11.903, 0.765], [0.454, 11.919, 10.081, 0.789], [1, 0]]
[[0.47, 14.372, 11.233, 0.735], [0.427, 14.0, 9.816, 0.763], [1, 0]]
[[0.447, 14.333, 11.119, 0.723], [0.452, 12.146, 10.756, 0.756], [0, 1]]
[[0.454, 14.405, 12.063, 0.75], [0.459, 15.025, 10.823, 0.762], [1, 0]]
[[0.429, 13.167, 10.958, 0.739], [0.442, 11.0, 10.76, 0.752], [0, 1]]
[[0.442, 14.738, 12.31, 0.74], [0.424, 14.513, 12.436, 0.726], [1, 0]]
[[0.413, 14.591, 12.227, 0.732], [0.44, 13.13, 11.13, 0.644], [1, 0]]
[[0.449, 12.034, 9.414, 0.721], [0.43, 11.774, 9.935, 0.764], [0, 1]]
[[0.457, 12.152, 10.045, 0.794], [0.449, 15.515, 11.697, 0.73], [0, 1]]
[[0.445, 12.714, 11.557, 0.76], [0.442, 11.786, 11.557, 0.761], [1, 0]]
[[0.377, 15.417, 12.25, 0.676], [0.407, 14.0, 12.0, 0.626], [0, 1]]
[[0.456, 12.114, 9.9, 0.791], [0.443, 13.352, 11.028, 0.721], [0, 1]]
[[0.429, 13.765, 12.353, 0.695], [0.414, 13.737, 10.789, 0.688], [1, 0]]
[[0.461, 15.049, 10.691, 0.76], [0.461, 12.469, 11.111, 0.759], [1, 0]]
[[0.458, 13.662, 10.784, 0.735], [0.445, 13.203, 9.662, 0.768], [0, 1]]
[[0.441, 13.0, 11.5, 0.766], [0.452, 12.049, 10.171, 0.76], [1, 0]]
[[0.448, 12.435, 9.435, 0.717], [0.431, 14.545, 10.955, 0.739], [0, 1]]
[[0.45, 14.49, 11.327, 0.749], [0.439, 14.255, 11.745, 0.753], [0, 1]]
[[0.438, 13.167, 11.417, 0.745], [0.439, 14.708, 9.458, 0.759], [1, 0]]
[[0.46, 12.167, 11.182, 0.757], [0.44, 11.716, 11.537, 0.759], [0, 1]]
[[0.452, 11.89, 10.402, 0.775], [0.445, 13.72, 11.28, 0.741], [0, 1]]
[[0.437, 11.694, 11.548, 0.759], [0.448, 14.7, 10.15, 0.75], [0, 1]]
[[0.438, 14.607, 12.75, 0.726], [0.424, 14.714, 10.5, 0.737], [0, 1]]
[[0.446, 14.619, 9.643, 0.743], [0.441, 13.395, 11.465, 0.739], [1, 0]]
[[0.423, 13.667, 10.722, 0.725], [0.424, 14.25, 11.875, 0.713], [1, 0]]
[[0.441, 11.987, 11.507, 0.75], [0.447, 13.892, 11.635, 0.713], [0, 1]]
[[0.437, 12.081, 11.387, 0.748], [0.469, 13.23, 11.361, 0.761], [0, 1]]
[[0.449, 14.932, 10.591, 0.752], [0.431, 13.867, 11.422, 0.73], [1, 0]]
[[0.42, 13.846, 12.308, 0.707], [0.422, 13.25, 10.583, 0.707], [1, 0]]
[[0.437, 13.429, 10.857, 0.716], [0.429, 14.188, 10.531, 0.736], [0, 1]]
[[0.456, 13.338, 10.623, 0.727], [0.445, 13.295, 11.179, 0.725], [1, 0]]
[[0.446, 11.63, 10.5, 0.764], [0.466, 13.222, 11.611, 0.755], [0, 1]]
[[0.408, 12.7, 10.1, 0.696], [0.398, 13.3, 10.6, 0.656], [1, 0]]
[[0.45, 11.971, 10.114, 0.762], [0.436, 13.265, 11.382, 0.731], [1, 0]]
[[0.451, 11.882, 10.235, 0.763], [0.443, 14.5, 9.059, 0.685], [1, 0]]
[[0.46, 12.932, 11.795, 0.742], [0.442, 13.429, 11.524, 0.739], [0, 1]]
[[0.454, 14.238, 11.397, 0.761], [0.442, 13.639, 9.443, 0.767], [1, 0]]
[[0.44, 13.125, 11.181, 0.734], [0.455, 14.704, 10.817, 0.761], [1, 0]]
[[0.46, 12.027, 9.68, 0.794], [0.447, 13.853, 11.6, 0.713], [1, 0]]
[[0.447, 11.735, 9.518, 0.751], [0.48, 13.819, 11.024, 0.746], [1, 0]]
[[0.443, 15.827, 11.942, 0.722], [0.452, 13.904, 9.231, 0.708], [1, 0]]
[[0.438, 15.245, 10.528, 0.749], [0.446, 14.6, 9.94, 0.751], [0, 1]]
[[0.448, 11.521, 10.146, 0.781], [0.453, 13.854, 9.042, 0.701], [1, 0]]
[[0.444, 14.556, 9.139, 0.68], [0.438, 13.229, 11.514, 0.732], [0, 1]]
[[0.427, 14.167, 10.861, 0.743], [0.441, 13.088, 11.588, 0.754], [1, 0]]
[[0.381, 12.143, 9.714, 0.604], [0.403, 11.286, 9.429, 0.697], [1, 0]]
[[0.43, 13.259, 10.481, 0.706], [0.444, 11.185, 10.852, 0.76], [0, 1]]
[[0.438, 13.742, 10.742, 0.755], [0.444, 13.485, 10.879, 0.722], [1, 0]]
[[0.37, 11.857, 9.286, 0.667], [0.366, 13.333, 10.167, 0.599], [1, 0]]
[[0.424, 13.6, 12.6, 0.692], [0.429, 15.062, 9.062, 0.741], [1, 0]]
[[0.442, 11.957, 9.754, 0.752], [0.431, 14.101, 12.0, 0.742], [1, 0]]
[[0.437, 12.151, 11.377, 0.737], [0.447, 11.604, 10.321, 0.765], [0, 1]]
[[0.404, 13.2, 7.4, 0.57], [0.361, 12.25, 6.75, 0.542], [0, 1]]
[[0.395, 10.143, 8.857, 0.61], [0.396, 10.143, 8.571, 0.678], [1, 0]]
[[0.432, 13.694, 10.776, 0.74], [0.441, 13.354, 11.646, 0.735], [1, 0]]
[[0.449, 12.027, 9.676, 0.732], [0.433, 14.974, 12.205, 0.724], [1, 0]]
[[0.419, 12.429, 9.714, 0.647], [0.384, 11.667, 10.667, 0.66], [0, 1]]
[[0.424, 12.833, 10.556, 0.695], [0.413, 13.529, 10.882, 0.687], [1, 0]]
[[0.437, 12.157, 11.392, 0.746], [0.439, 15.231, 10.462, 0.748], [0, 1]]
[[0.461, 13.769, 10.538, 0.729], [0.45, 15.039, 10.745, 0.753], [1, 0]]
[[0.436, 13.485, 10.727, 0.712], [0.442, 14.31, 11.483, 0.696], [1, 0]]
[[0.434, 13.29, 10.677, 0.705], [0.447, 13.241, 11.138, 0.655], [1, 0]]
[[0.437, 12.182, 11.418, 0.737], [0.435, 13.722, 11.148, 0.734], [1, 0]]
[[0.44, 12.806, 11.516, 0.753], [0.44, 11.667, 11.697, 0.755], [0, 1]]
[[0.41, 13.154, 11.077, 0.673], [0.421, 12.7, 10.9, 0.685], [1, 0]]
[[0.446, 14.938, 11.125, 0.717], [0.416, 14.0, 11.929, 0.641], [0, 1]]
[[0.441, 14.484, 11.613, 0.747], [0.44, 14.4, 9.367, 0.74], [0, 1]]
[[0.462, 13.628, 10.538, 0.741], [0.452, 13.221, 11.247, 0.75], [1, 0]]
[[0.436, 11.5, 11.789, 0.76], [0.447, 14.514, 11.514, 0.701], [1, 0]]
[[0.443, 13.533, 10.813, 0.755], [0.475, 13.365, 11.365, 0.763], [0, 1]]
[[0.427, 13.885, 10.385, 0.72], [0.427, 13.179, 10.714, 0.705], [0, 1]]
[[0.445, 11.716, 9.568, 0.751], [0.458, 13.732, 11.22, 0.766], [0, 1]]
[[0.441, 14.4, 11.033, 0.72], [0.429, 14.29, 10.581, 0.738], [0, 1]]
[[0.45, 13.18, 10.82, 0.732], [0.45, 14.424, 11.932, 0.722], [0, 1]]
[[0.421, 13.571, 9.071, 0.701], [0.408, 14.308, 8.077, 0.619], [0, 1]]
[[0.436, 15.238, 12.214, 0.725], [0.442, 11.595, 9.833, 0.768], [1, 0]]
[[0.442, 14.754, 10.609, 0.747], [0.448, 13.884, 11.652, 0.709], [1, 0]]
[[0.46, 14.017, 10.655, 0.729], [0.468, 13.19, 11.517, 0.76], [0, 1]]
[[0.442, 13.55, 10.3, 0.719], [0.429, 13.238, 10.81, 0.739], [0, 1]]
[[0.453, 14.364, 12.091, 0.748], [0.462, 13.688, 10.584, 0.739], [1, 0]]
[[0.422, 14.25, 11.125, 0.704], [0.441, 13.182, 11.045, 0.639], [1, 0]]
[[0.456, 14.603, 11.762, 0.743], [0.452, 13.308, 10.6, 0.733], [1, 0]]
[[0.459, 13.833, 10.648, 0.729], [0.436, 13.83, 11.17, 0.734], [0, 1]]
[[0.441, 13.634, 10.805, 0.723], [0.421, 14.351, 12.459, 0.729], [1, 0]]
[[0.431, 13.604, 10.792, 0.74], [0.447, 14.245, 11.122, 0.722], [1, 0]]
[[0.455, 14.412, 11.975, 0.75], [0.456, 15.275, 11.637, 0.731], [0, 1]]
[[0.455, 14.092, 11.354, 0.729], [0.442, 12.812, 11.875, 0.763], [0, 1]]
[[0.468, 14.308, 11.308, 0.733], [0.44, 13.65, 10.775, 0.728], [1, 0]]
[[0.442, 11.805, 11.494, 0.764], [0.451, 13.462, 9.513, 0.726], [1, 0]]
[[0.428, 13.84, 10.36, 0.715], [0.441, 11.308, 10.962, 0.754], [0, 1]]
[[0.471, 14.24, 11.06, 0.729], [0.455, 12.167, 10.792, 0.762], [1, 0]]
[[0.442, 11.817, 11.507, 0.762], [0.476, 13.352, 11.127, 0.764], [1, 0]]
[[0.449, 11.833, 9.833, 0.729], [0.448, 14.163, 9.279, 0.692], [1, 0]]
[[0.416, 14.786, 9.643, 0.717], [0.427, 10.692, 10.0, 0.726], [1, 0]]
[[0.418, 12.833, 9.083, 0.678], [0.405, 13.545, 12.455, 0.631], [0, 1]]
[[0.438, 12.0, 11.438, 0.749], [0.453, 13.094, 11.438, 0.697], [1, 0]]
[[0.458, 12.096, 9.767, 0.793], [0.451, 13.11, 11.603, 0.699], [1, 0]]
[[0.438, 12.13, 11.389, 0.739], [0.45, 14.925, 10.792, 0.75], [0, 1]]
[[0.44, 13.98, 11.02, 0.715], [0.439, 14.208, 11.812, 0.753], [1, 0]]
[[0.426, 13.821, 11.036, 0.725], [0.415, 15.0, 12.385, 0.727], [1, 0]]
[[0.477, 13.361, 11.208, 0.764], [0.446, 14.403, 10.389, 0.754], [0, 1]]
[[0.451, 13.835, 11.544, 0.716], [0.453, 13.192, 11.295, 0.751], [1, 0]]
[[0.432, 13.767, 10.907, 0.731], [0.43, 13.814, 11.535, 0.724], [1, 0]]
[[0.437, 12.067, 9.333, 0.701], [0.411, 13.733, 10.6, 0.685], [1, 0]]
[[0.481, 13.817, 11.037, 0.745], [0.437, 13.012, 11.354, 0.734], [1, 0]]
[[0.38, 15.545, 12.364, 0.666], [0.425, 15.333, 10.25, 0.648], [0, 1]]
[[0.44, 13.873, 10.698, 0.757], [0.459, 12.145, 11.0, 0.764], [0, 1]]
[[0.427, 14.316, 11.474, 0.727], [0.434, 13.722, 10.722, 0.718], [1, 0]]
[[0.461, 11.889, 9.728, 0.794], [0.444, 11.914, 11.432, 0.765], [0, 1]]
[[0.444, 12.917, 10.639, 0.729], [0.439, 14.73, 12.757, 0.736], [1, 0]]
[[0.415, 13.118, 11.588, 0.757], [0.419, 15.125, 11.5, 0.677], [0, 1]]
[[0.427, 15.32, 10.56, 0.746], [0.438, 14.125, 8.583, 0.67], [1, 0]]
[[0.432, 14.127, 12.113, 0.747], [0.443, 13.831, 12.31, 0.755], [1, 0]]
[[0.448, 13.753, 12.259, 0.753], [0.446, 14.519, 10.556, 0.753], [0, 1]]
[[0.444, 15.077, 10.308, 0.709], [0.381, 15.083, 9.333, 0.714], [1, 0]]
[[0.443, 11.753, 9.795, 0.754], [0.443, 13.125, 9.694, 0.766], [1, 0]]
[[0.439, 14.172, 12.224, 0.756], [0.451, 13.373, 11.407, 0.696], [1, 0]]
[[0.443, 12.829, 10.6, 0.724], [0.466, 14.333, 11.444, 0.729], [1, 0]]
[[0.448, 14.0, 11.355, 0.74], [0.444, 13.211, 9.697, 0.767], [0, 1]]
[[0.475, 14.087, 11.087, 0.74], [0.439, 13.761, 10.881, 0.755], [0, 1]]
[[0.44, 13.548, 10.857, 0.727], [0.448, 14.538, 11.718, 0.7], [0, 1]]
[[0.457, 14.07, 11.394, 0.728], [0.445, 13.792, 12.25, 0.755], [0, 1]]
[[0.443, 12.015, 9.538, 0.744], [0.46, 12.141, 11.0, 0.76], [0, 1]]
[[0.436, 14.545, 9.409, 0.758], [0.443, 14.286, 9.048, 0.733], [0, 1]]
[[0.432, 13.787, 10.787, 0.74], [0.434, 15.521, 10.667, 0.749], [1, 0]]
[[0.448, 11.805, 9.54, 0.748], [0.479, 13.253, 11.069, 0.761], [0, 1]]
[[0.407, 12.3, 9.6, 0.682], [0.415, 10.667, 8.889, 0.687], [0, 1]]
[[0.363, 13.833, 11.333, 0.58], [0.38, 12.714, 7.429, 0.665], [0, 1]]
[[0.463, 13.57, 10.494, 0.744], [0.479, 13.316, 11.203, 0.762], [0, 1]]
[[0.436, 14.567, 12.967, 0.726], [0.435, 13.964, 11.286, 0.733], [1, 0]]
[[0.433, 15.643, 10.571, 0.742], [0.446, 14.975, 10.5, 0.753], [0, 1]]
[[0.441, 13.08, 11.66, 0.763], [0.445, 15.92, 11.8, 0.72], [0, 1]]
[[0.426, 14.422, 12.067, 0.736], [0.44, 13.356, 11.644, 0.737], [1, 0]]
[[0.438, 13.162, 11.514, 0.762], [0.439, 14.108, 9.838, 0.732], [1, 0]]
[[0.46, 12.054, 9.716, 0.794], [0.462, 12.137, 11.055, 0.759], [0, 1]]
[[0.351, 8.4, 9.6, 0.575], [0.383, 11.5, 9.833, 0.693], [1, 0]]
[[0.447, 14.974, 10.436, 0.753], [0.436, 11.439, 11.488, 0.763], [1, 0]]
[[0.457, 14.868, 10.658, 0.762], [0.444, 13.26, 9.844, 0.764], [1, 0]]
[[0.44, 12.932, 11.915, 0.761], [0.428, 14.525, 11.864, 0.737], [1, 0]]
[[0.471, 14.39, 11.102, 0.741], [0.439, 11.627, 11.61, 0.76], [1, 0]]
[[0.436, 12.759, 11.759, 0.752], [0.428, 14.433, 10.567, 0.739], [0, 1]]
[[0.451, 11.731, 9.962, 0.78], [0.437, 14.13, 10.574, 0.752], [1, 0]]
[[0.443, 12.788, 11.758, 0.761], [0.443, 13.379, 9.485, 0.765], [1, 0]]
[[0.455, 14.328, 11.344, 0.764], [0.453, 14.875, 10.859, 0.757], [0, 1]]
[[0.442, 13.397, 10.81, 0.739], [0.458, 12.127, 11.063, 0.758], [1, 0]]
[[0.4, 11.0, 11.417, 0.681], [0.408, 13.75, 12.083, 0.626], [1, 0]]
[[0.471, 14.311, 11.033, 0.741], [0.46, 14.017, 10.633, 0.727], [1, 0]]
[[0.434, 14.429, 11.571, 0.748], [0.449, 13.286, 11.107, 0.649], [1, 0]]
[[0.44, 11.974, 11.372, 0.753], [0.444, 11.782, 9.654, 0.754], [0, 1]]
[[0.445, 11.825, 10.526, 0.765], [0.445, 13.291, 11.382, 0.734], [1, 0]]
[[0.422, 13.968, 10.968, 0.734], [0.428, 11.875, 10.188, 0.757], [1, 0]]
[[0.442, 13.259, 10.296, 0.709], [0.433, 11.679, 9.429, 0.76], [1, 0]]
[[0.419, 15.182, 10.545, 0.736], [0.427, 13.696, 10.261, 0.7], [0, 1]]
[[0.446, 14.886, 11.571, 0.751], [0.442, 12.444, 10.778, 0.763], [1, 0]]
[[0.439, 11.486, 11.714, 0.752], [0.442, 14.061, 9.242, 0.738], [0, 1]]
[[0.443, 14.506, 10.741, 0.747], [0.45, 13.79, 11.63, 0.718], [0, 1]]
[[0.451, 13.155, 10.914, 0.736], [0.45, 14.439, 12.035, 0.716], [1, 0]]
[[0.438, 10.688, 10.0, 0.727], [0.427, 13.5, 10.5, 0.717], [1, 0]]
[[0.445, 12.5, 11.5, 0.761], [0.444, 11.9, 11.438, 0.765], [0, 1]]
[[0.452, 14.404, 11.192, 0.754], [0.451, 14.075, 11.868, 0.708], [1, 0]]
[[0.44, 11.973, 11.581, 0.753], [0.456, 14.431, 12.083, 0.746], [0, 1]]
[[0.45, 14.562, 11.417, 0.752], [0.437, 14.245, 10.612, 0.746], [1, 0]]
[[0.445, 11.762, 9.575, 0.753], [0.446, 13.815, 11.272, 0.74], [1, 0]]
[[0.44, 14.803, 10.667, 0.746], [0.452, 11.925, 10.522, 0.77], [0, 1]]
[[0.383, 12.8, 7.6, 0.612], [0.382, 11.4, 8.6, 0.659], [0, 1]]
[[0.435, 12.818, 10.636, 0.763], [0.411, 14.065, 10.258, 0.764], [1, 0]]
[[0.444, 13.722, 10.111, 0.702], [0.422, 13.706, 11.059, 0.642], [1, 0]]
[[0.367, 14.0, 10.667, 0.638], [0.35, 12.8, 10.4, 0.604], [0, 1]]
[[0.446, 14.761, 11.978, 0.747], [0.453, 13.114, 11.477, 0.67], [1, 0]]
[[0.461, 12.092, 11.172, 0.765], [0.451, 11.828, 10.483, 0.776], [1, 0]]
[[0.444, 14.486, 10.473, 0.75], [0.442, 13.486, 10.838, 0.755], [1, 0]]
[[0.431, 13.08, 10.72, 0.744], [0.456, 13.72, 11.16, 0.732], [1, 0]]
[[0.417, 14.05, 10.55, 0.693], [0.402, 14.333, 9.611, 0.753], [1, 0]]
[[0.434, 15.105, 12.289, 0.724], [0.422, 14.486, 12.486, 0.725], [0, 1]]
[[0.448, 14.457, 11.4, 0.705], [0.444, 13.971, 9.235, 0.737], [1, 0]]
[[0.437, 13.026, 11.605, 0.76], [0.453, 12.921, 11.263, 0.66], [0, 1]]
[[0.453, 14.81, 10.857, 0.756], [0.447, 13.452, 11.29, 0.744], [0, 1]]
[[0.456, 14.269, 11.949, 0.727], [0.449, 13.769, 12.103, 0.753], [0, 1]]
[[0.452, 14.8, 11.356, 0.75], [0.438, 11.83, 11.617, 0.759], [0, 1]]
[[0.444, 13.0, 10.387, 0.712], [0.433, 15.194, 11.548, 0.725], [1, 0]]
[[0.447, 11.877, 9.579, 0.748], [0.445, 11.966, 10.492, 0.769], [1, 0]]
[[0.455, 14.016, 11.234, 0.729], [0.452, 14.5, 12.0, 0.726], [0, 1]]
[[0.437, 14.333, 12.917, 0.724], [0.431, 14.783, 11.217, 0.74], [1, 0]]
[[0.432, 13.174, 10.696, 0.735], [0.435, 16.609, 11.13, 0.676], [0, 1]]
[[0.45, 14.927, 10.782, 0.749], [0.448, 14.143, 11.893, 0.709], [1, 0]]
[[0.445, 15.69, 11.81, 0.713], [0.437, 14.5, 11.4, 0.739], [1, 0]]
[[0.447, 11.429, 10.714, 0.763], [0.456, 13.815, 11.519, 0.74], [1, 0]]
[[0.443, 15.553, 12.026, 0.707], [0.44, 14.722, 11.333, 0.738], [0, 1]]
[[0.459, 13.726, 11.262, 0.768], [0.457, 15.214, 11.583, 0.729], [1, 0]]
[[0.447, 14.137, 11.02, 0.723], [0.451, 11.735, 10.082, 0.762], [0, 1]]
[[0.445, 14.4, 11.175, 0.716], [0.438, 14.703, 11.297, 0.74], [1, 0]]
[[0.455, 14.8, 11.6, 0.723], [0.434, 14.389, 9.278, 0.746], [0, 1]]
[[0.445, 12.357, 11.5, 0.757], [0.443, 13.155, 11.167, 0.725], [0, 1]]
[[0.453, 12.0, 10.028, 0.761], [0.438, 11.389, 11.778, 0.754], [1, 0]]
[[0.438, 12.357, 11.071, 0.74], [0.438, 14.487, 11.308, 0.739], [1, 0]]
[[0.445, 11.772, 9.608, 0.755], [0.478, 13.312, 11.175, 0.762], [0, 1]]
[[0.457, 14.162, 11.425, 0.729], [0.446, 14.525, 10.475, 0.754], [0, 1]]
[[0.457, 12.149, 9.985, 0.791], [0.453, 14.97, 10.791, 0.76], [0, 1]]
[[0.458, 12.131, 11.033, 0.762], [0.441, 14.0, 12.311, 0.757], [1, 0]]
[[0.48, 13.887, 11.012, 0.744], [0.452, 11.988, 10.4, 0.775], [0, 1]]
[[0.461, 13.632, 10.592, 0.738], [0.451, 13.079, 11.671, 0.7], [1, 0]]
[[0.458, 13.696, 10.826, 0.729], [0.451, 13.116, 11.449, 0.699], [1, 0]]
[[0.431, 13.182, 10.727, 0.731], [0.416, 14.136, 10.955, 0.704], [1, 0]]
[[0.439, 13.887, 10.71, 0.756], [0.46, 13.968, 10.661, 0.729], [0, 1]]
[[0.457, 13.986, 11.3, 0.729], [0.455, 13.465, 9.606, 0.724], [0, 1]]
[[0.437, 13.12, 11.48, 0.746], [0.414, 14.875, 12.0, 0.729], [0, 1]]
[[0.444, 14.471, 10.971, 0.717], [0.444, 14.455, 11.545, 0.702], [1, 0]]
[[0.442, 13.894, 11.288, 0.737], [0.446, 14.562, 10.406, 0.749], [0, 1]]
[[0.453, 14.623, 11.943, 0.743], [0.464, 13.264, 11.679, 0.754], [1, 0]]
[[0.453, 11.935, 10.022, 0.761], [0.443, 14.556, 9.711, 0.749], [0, 1]]
[[0.44, 13.137, 11.123, 0.734], [0.451, 13.282, 11.352, 0.75], [1, 0]]
[[0.433, 13.632, 10.579, 0.692], [0.418, 14.095, 10.571, 0.7], [0, 1]]
[[0.441, 13.078, 11.745, 0.765], [0.463, 13.154, 11.596, 0.753], [0, 1]]
[[0.438, 12.913, 11.522, 0.751], [0.437, 13.913, 8.565, 0.664], [1, 0]]
[[0.448, 11.903, 9.29, 0.721], [0.441, 16.125, 11.312, 0.701], [0, 1]]
[[0.447, 14.429, 12.061, 0.748], [0.45, 14.021, 11.729, 0.709], [1, 0]]
[[0.431, 16.211, 10.842, 0.653], [0.423, 14.824, 8.0, 0.646], [1, 0]]
[[0.438, 15.159, 12.114, 0.724], [0.436, 11.636, 11.568, 0.757], [0, 1]]
[[0.453, 13.34, 11.604, 0.69], [0.447, 14.608, 9.941, 0.752], [0, 1]]
[[0.419, 15.5, 10.571, 0.641], [0.417, 13.091, 10.455, 0.702], [1, 0]]
[[0.447, 13.848, 10.606, 0.725], [0.444, 14.312, 9.219, 0.739], [0, 1]]
[[0.454, 14.582, 11.8, 0.741], [0.447, 14.604, 10.132, 0.75], [1, 0]]
[[0.441, 16.0, 11.394, 0.701], [0.436, 13.394, 11.273, 0.729], [1, 0]]
[[0.407, 15.1, 11.3, 0.695], [0.378, 15.0, 11.8, 0.672], [1, 0]]
[[0.458, 12.07, 10.877, 0.766], [0.468, 13.271, 11.407, 0.761], [1, 0]]
[[0.441, 14.815, 9.444, 0.753], [0.44, 16.536, 11.214, 0.694], [0, 1]]
[[0.432, 13.286, 10.714, 0.689], [0.422, 13.933, 12.267, 0.712], [0, 1]]
[[0.443, 14.771, 10.543, 0.746], [0.45, 13.362, 11.275, 0.748], [1, 0]]
[[0.43, 14.209, 12.015, 0.742], [0.461, 12.149, 11.194, 0.757], [0, 1]]
[[0.43, 12.0, 9.5, 0.777], [0.441, 10.75, 10.708, 0.75], [1, 0]]
[[0.436, 13.909, 10.727, 0.705], [0.421, 13.625, 10.75, 0.708], [1, 0]]
[[0.436, 14.244, 10.667, 0.738], [0.441, 13.341, 11.523, 0.737], [0, 1]]
[[0.434, 13.593, 10.778, 0.741], [0.442, 13.741, 10.981, 0.717], [1, 0]]
[[0.479, 13.986, 11.081, 0.739], [0.444, 13.178, 9.658, 0.768], [1, 0]]
[[0.341, 14.8, 9.2, 0.605], [0.339, 13.4, 9.8, 0.665], [0, 1]]
[[0.372, 13.556, 9.667, 0.709], [0.419, 14.5, 8.625, 0.638], [0, 1]]
[[0.386, 13.25, 11.125, 0.631], [0.404, 14.625, 10.75, 0.661], [1, 0]]
[[0.442, 14.949, 12.462, 0.737], [0.431, 15.275, 10.625, 0.733], [1, 0]]
[[0.448, 13.775, 12.312, 0.751], [0.452, 12.901, 11.728, 0.7], [1, 0]]
[[0.371, 9.4, 9.2, 0.583], [0.352, 11.25, 8.75, 0.514], [1, 0]]
[[0.451, 12.057, 10.386, 0.768], [0.443, 14.377, 10.594, 0.751], [0, 1]]
[[0.349, 10.8, 9.2, 0.561], [0.367, 10.75, 10.0, 0.491], [0, 1]]
[[0.45, 12.52, 9.4, 0.719], [0.456, 13.731, 11.231, 0.735], [0, 1]]
[[0.44, 13.517, 10.75, 0.735], [0.443, 15.65, 12.15, 0.728], [1, 0]]
[[0.232, 8.5, 7.5, 0.304], [0.241, 5.0, 5.0, 0.441], [0, 1]]
[[0.461, 12.053, 9.724, 0.794], [0.448, 13.829, 12.171, 0.753], [0, 1]]
[[0.443, 13.956, 11.412, 0.737], [0.451, 15.493, 11.642, 0.732], [0, 1]]
[[0.418, 14.613, 12.452, 0.718], [0.444, 14.419, 11.677, 0.7], [1, 0]]
[[0.369, 14.167, 7.333, 0.705], [0.376, 12.714, 10.286, 0.626], [0, 1]]
[[0.431, 13.0, 10.125, 0.698], [0.413, 14.214, 8.0, 0.632], [1, 0]]
[[0.445, 14.074, 10.593, 0.729], [0.433, 11.259, 12.0, 0.745], [0, 1]]
[[0.43, 11.741, 9.407, 0.758], [0.403, 14.64, 10.44, 0.763], [1, 0]]
[[0.436, 14.812, 13.094, 0.733], [0.442, 16.226, 11.355, 0.699], [1, 0]]
[[0.446, 13.42, 10.76, 0.73], [0.436, 15.51, 10.551, 0.748], [1, 0]]
[[0.363, 13.833, 10.0, 0.623], [0.419, 13.2, 7.4, 0.563], [0, 1]]
[[0.418, 15.059, 11.353, 0.686], [0.409, 15.235, 8.765, 0.715], [0, 1]]
[[0.443, 15.627, 12.153, 0.729], [0.438, 13.684, 9.474, 0.772], [1, 0]]
[[0.443, 11.927, 11.354, 0.752], [0.462, 13.5, 10.817, 0.742], [1, 0]]
[[0.441, 11.737, 11.526, 0.76], [0.468, 13.263, 11.526, 0.756], [1, 0]]
[[0.425, 13.45, 10.15, 0.708], [0.442, 13.632, 9.947, 0.716], [1, 0]]
[[0.45, 14.07, 10.982, 0.731], [0.445, 15.821, 11.946, 0.725], [1, 0]]
[[0.424, 13.765, 10.412, 0.722], [0.421, 13.462, 10.154, 0.717], [0, 1]]
[[0.436, 14.44, 12.92, 0.721], [0.435, 11.28, 12.08, 0.737], [0, 1]]
[[0.438, 13.435, 10.391, 0.698], [0.437, 14.304, 13.0, 0.721], [1, 0]]
[[0.441, 13.725, 10.812, 0.757], [0.443, 13.754, 12.362, 0.755], [1, 0]]
[[0.445, 14.667, 12.039, 0.72], [0.451, 13.84, 9.14, 0.704], [1, 0]]
[[0.446, 11.941, 9.667, 0.739], [0.45, 11.725, 9.98, 0.779], [1, 0]]
[[0.45, 14.483, 11.966, 0.72], [0.453, 14.018, 9.491, 0.708], [1, 0]]
[[0.408, 14.0, 11.6, 0.642], [0.445, 13.867, 8.533, 0.699], [0, 1]]
[[0.457, 14.041, 11.392, 0.732], [0.451, 13.12, 11.6, 0.699], [1, 0]]
[[0.457, 14.456, 11.941, 0.741], [0.443, 13.235, 9.588, 0.764], [1, 0]]
[[0.438, 13.957, 11.191, 0.714], [0.434, 13.822, 9.622, 0.772], [1, 0]]
[[0.441, 12.012, 11.425, 0.752], [0.46, 15.037, 10.762, 0.763], [0, 1]]
[[0.448, 11.872, 9.553, 0.74], [0.438, 15.46, 10.54, 0.748], [1, 0]]
[[0.438, 13.885, 10.885, 0.719], [0.441, 14.885, 9.423, 0.759], [0, 1]]
[[0.45, 14.966, 10.759, 0.751], [0.439, 14.246, 12.228, 0.755], [0, 1]]
[[0.43, 13.143, 8.929, 0.676], [0.422, 15.286, 9.0, 0.724], [1, 0]]
[[0.472, 14.258, 10.968, 0.744], [0.446, 11.903, 10.613, 0.771], [1, 0]]
[[0.431, 14.068, 12.192, 0.747], [0.445, 13.781, 12.205, 0.754], [0, 1]]
[[0.459, 13.794, 10.838, 0.727], [0.449, 13.397, 11.235, 0.749], [0, 1]]
[[0.45, 11.974, 10.026, 0.76], [0.417, 13.824, 9.912, 0.761], [1, 0]]
[[0.436, 15.148, 10.463, 0.752], [0.44, 11.792, 11.623, 0.759], [0, 1]]
[[0.413, 13.833, 7.667, 0.617], [0.376, 13.0, 9.0, 0.61], [1, 0]]
[[0.44, 13.303, 10.894, 0.734], [0.449, 13.894, 11.667, 0.707], [1, 0]]
[[0.471, 14.2, 11.178, 0.73], [0.432, 13.778, 10.778, 0.736], [1, 0]]
[[0.447, 12.359, 10.718, 0.761], [0.427, 13.923, 11.564, 0.726], [1, 0]]
[[0.444, 14.841, 12.091, 0.742], [0.439, 13.366, 11.732, 0.732], [0, 1]]
[[0.433, 14.079, 12.197, 0.749], [0.444, 13.325, 11.247, 0.723], [1, 0]]
[[0.237, 7.0, 3.0, 0.375], [0.457, 15.253, 11.494, 0.73], [0, 1]]
[[0.435, 14.333, 11.37, 0.749], [0.433, 15.074, 11.519, 0.715], [1, 0]]
[[0.449, 13.791, 12.105, 0.752], [0.446, 14.36, 10.64, 0.755], [1, 0]]
[[0.443, 13.455, 10.75, 0.724], [0.436, 11.488, 11.395, 0.76], [1, 0]]
[[0.458, 13.982, 10.714, 0.729], [0.445, 11.804, 10.536, 0.764], [0, 1]]
[[0.442, 15.766, 11.702, 0.716], [0.449, 14.02, 11.898, 0.706], [1, 0]]
[[0.44, 13.298, 11.723, 0.739], [0.435, 13.955, 9.659, 0.772], [1, 0]]
[[0.453, 14.864, 10.803, 0.758], [0.476, 13.269, 11.224, 0.759], [0, 1]]
[[0.472, 14.375, 11.054, 0.737], [0.436, 13.811, 9.66, 0.775], [0, 1]]
[[0.443, 11.975, 11.358, 0.752], [0.452, 11.938, 10.383, 0.775], [1, 0]]
[[0.449, 11.805, 9.902, 0.727], [0.45, 14.902, 11.341, 0.754], [1, 0]]
[[0.434, 13.608, 10.98, 0.738], [0.438, 14.102, 11.898, 0.754], [1, 0]]
[[0.228, 7.5, 7.0, 0.403], [0.24, 7.5, 5.0, 0.334], [0, 1]]
[[0.451, 13.825, 11.637, 0.719], [0.45, 12.925, 11.8, 0.7], [0, 1]]
[[0.441, 13.435, 10.823, 0.735], [0.447, 11.794, 10.571, 0.769], [1, 0]]
[[0.449, 14.074, 10.981, 0.731], [0.456, 12.096, 10.981, 0.769], [0, 1]]
[[0.454, 14.571, 11.786, 0.741], [0.439, 14.185, 12.074, 0.755], [0, 1]]
[[0.452, 11.976, 10.19, 0.762], [0.45, 14.116, 11.674, 0.71], [1, 0]]
[[0.456, 14.486, 12.014, 0.743], [0.456, 13.845, 11.352, 0.764], [1, 0]]
[[0.452, 14.492, 12.015, 0.727], [0.445, 14.635, 10.413, 0.75], [0, 1]]
[[0.43, 14.829, 10.543, 0.739], [0.434, 14.613, 11.0, 0.74], [1, 0]]
[[0.43, 12.0, 10.778, 0.675], [0.397, 14.0, 8.273, 0.693], [1, 0]]
[[0.348, 12.0, 8.8, 0.649], [0.324, 12.0, 8.75, 0.548], [1, 0]]
[[0.301, 11.333, 5.333, 0.484], [0.288, 10.667, 8.667, 0.43], [0, 1]]
[[0.443, 11.886, 9.743, 0.753], [0.454, 14.87, 10.797, 0.76], [1, 0]]
[[0.443, 11.936, 11.436, 0.764], [0.45, 12.937, 11.785, 0.7], [0, 1]]
[[0.431, 13.2, 10.7, 0.704], [0.447, 14.654, 9.0, 0.738], [0, 1]]
[[0.466, 14.405, 11.297, 0.731], [0.43, 15.297, 10.514, 0.733], [1, 0]]
[[0.434, 14.25, 12.1, 0.752], [0.444, 13.238, 11.2, 0.724], [1, 0]]
[[0.43, 13.111, 11.185, 0.747], [0.42, 14.556, 11.296, 0.705], [1, 0]]
[[0.436, 14.75, 11.042, 0.741], [0.404, 14.625, 10.417, 0.759], [1, 0]]
[[0.442, 15.771, 11.829, 0.705], [0.46, 13.143, 11.286, 0.739], [0, 1]]
[[0.446, 11.763, 9.737, 0.754], [0.455, 14.307, 12.147, 0.749], [1, 0]]
[[0.456, 14.277, 11.308, 0.764], [0.456, 12.031, 10.047, 0.792], [1, 0]]
[[0.424, 14.667, 11.167, 0.743], [0.425, 13.5, 10.5, 0.703], [0, 1]]
[[0.434, 11.385, 12.0, 0.743], [0.444, 14.375, 9.167, 0.734], [1, 0]]
[[0.458, 14.19, 11.354, 0.73], [0.461, 11.937, 9.696, 0.794], [0, 1]]
[[0.428, 14.397, 12.0, 0.739], [0.448, 14.787, 10.18, 0.752], [0, 1]]
[[0.449, 11.74, 9.98, 0.781], [0.442, 13.34, 11.44, 0.738], [1, 0]]
[[0.455, 13.206, 10.603, 0.733], [0.458, 13.569, 9.523, 0.722], [1, 0]]
[[0.442, 12.794, 10.618, 0.72], [0.419, 14.469, 12.5, 0.723], [1, 0]]
[[0.471, 14.283, 10.962, 0.73], [0.425, 14.431, 11.922, 0.737], [1, 0]]
[[0.471, 14.25, 11.033, 0.743], [0.458, 12.103, 10.897, 0.765], [0, 1]]
[[0.444, 14.667, 10.528, 0.747], [0.462, 12.286, 11.157, 0.756], [0, 1]]
[[0.402, 12.444, 9.556, 0.677], [0.394, 14.556, 10.444, 0.624], [1, 0]]
[[0.463, 13.531, 10.741, 0.744], [0.453, 13.0, 11.37, 0.749], [0, 1]]
[[0.433, 13.571, 10.857, 0.705], [0.438, 14.857, 9.333, 0.749], [0, 1]]
[[0.443, 14.543, 11.171, 0.718], [0.434, 15.139, 12.028, 0.722], [1, 0]]
[[0.423, 13.933, 10.933, 0.729], [0.452, 13.867, 10.5, 0.729], [1, 0]]
[[0.452, 14.258, 11.371, 0.762], [0.452, 14.934, 10.721, 0.756], [1, 0]]
[[0.44, 14.938, 10.688, 0.745], [0.444, 13.5, 10.922, 0.722], [0, 1]]
[[0.44, 11.675, 9.95, 0.767], [0.447, 15.105, 10.263, 0.756], [1, 0]]
[[0.46, 13.72, 10.6, 0.728], [0.451, 11.62, 10.08, 0.762], [0, 1]]
[[0.378, 15.143, 12.857, 0.671], [0.418, 14.0, 12.214, 0.704], [1, 0]]
[[0.432, 14.471, 10.412, 0.736], [0.436, 14.812, 11.094, 0.739], [1, 0]]
[[0.449, 13.984, 11.869, 0.711], [0.448, 13.417, 11.383, 0.743], [1, 0]]
[[0.443, 12.811, 10.784, 0.734], [0.438, 11.553, 9.842, 0.761], [0, 1]]
[[0.435, 14.423, 11.423, 0.745], [0.429, 13.893, 10.5, 0.707], [0, 1]]
[[0.433, 14.636, 10.364, 0.69], [0.396, 14.231, 11.231, 0.674], [1, 0]]
[[0.452, 14.386, 11.368, 0.756], [0.436, 13.714, 11.214, 0.733], [1, 0]]
[[0.435, 15.22, 12.366, 0.723], [0.443, 14.282, 9.744, 0.732], [0, 1]]
[[0.454, 14.737, 11.632, 0.718], [0.429, 14.667, 8.056, 0.639], [1, 0]]
[[0.453, 11.95, 10.15, 0.757], [0.428, 13.902, 11.585, 0.726], [1, 0]]
[[0.47, 14.352, 11.037, 0.731], [0.434, 13.712, 11.212, 0.735], [1, 0]]
[[0.392, 14.083, 10.667, 0.664], [0.398, 13.6, 12.4, 0.628], [0, 1]]
[[0.417, 14.267, 11.133, 0.731], [0.412, 13.438, 10.75, 0.683], [1, 0]]
[[0.448, 11.8, 9.518, 0.75], [0.478, 13.341, 11.118, 0.76], [1, 0]]
[[0.439, 14.143, 10.893, 0.721], [0.443, 16.517, 11.207, 0.695], [0, 1]]
[[0.428, 14.586, 10.345, 0.736], [0.434, 11.483, 11.862, 0.748], [0, 1]]
[[0.452, 14.068, 11.085, 0.73], [0.441, 14.0, 10.712, 0.752], [0, 1]]
[[0.446, 11.889, 9.5, 0.7], [0.433, 13.467, 10.467, 0.718], [1, 0]]
[[0.438, 12.277, 11.149, 0.739], [0.452, 13.149, 11.596, 0.678], [1, 0]]
[[0.439, 12.8, 11.533, 0.751], [0.44, 14.406, 9.125, 0.683], [1, 0]]
[[0.442, 11.836, 11.479, 0.762], [0.453, 13.411, 9.603, 0.725], [1, 0]]
[[0.442, 13.644, 10.864, 0.724], [0.447, 14.772, 10.088, 0.748], [0, 1]]
[[0.441, 14.756, 12.244, 0.739], [0.432, 15.488, 10.683, 0.738], [0, 1]]
[[0.456, 14.214, 12.024, 0.723], [0.443, 11.893, 11.571, 0.764], [1, 0]]
[[0.437, 14.517, 12.966, 0.723], [0.433, 14.0, 10.31, 0.713], [1, 0]]
[[0.455, 14.212, 11.364, 0.764], [0.461, 12.2, 11.092, 0.758], [0, 1]]
[[0.45, 12.069, 10.278, 0.769], [0.444, 13.197, 9.704, 0.765], [1, 0]]
[[0.444, 13.468, 10.919, 0.722], [0.451, 13.177, 11.516, 0.697], [1, 0]]
[[0.21, 6.0, 5.5, 0.3], [0.23, 9.0, 6.0, 0.339], [1, 0]]
[[0.416, 14.435, 9.217, 0.746], [0.402, 14.19, 10.0, 0.75], [0, 1]]
[[0.447, 14.22, 11.0, 0.721], [0.461, 13.796, 10.612, 0.731], [1, 0]]
[[0.438, 13.044, 11.578, 0.762], [0.447, 11.522, 10.152, 0.775], [0, 1]]
[[0.423, 13.0, 11.0, 0.738], [0.43, 11.158, 11.842, 0.725], [0, 1]]
[[0.433, 14.174, 11.522, 0.68], [0.425, 14.542, 11.167, 0.724], [0, 1]]
[[0.439, 11.735, 11.51, 0.76], [0.453, 13.755, 9.061, 0.702], [1, 0]]
[[0.448, 11.798, 9.548, 0.75], [0.478, 13.369, 11.179, 0.761], [1, 0]]
[[0.459, 13.698, 9.556, 0.716], [0.443, 13.556, 9.444, 0.766], [0, 1]]
[[0.439, 13.508, 10.729, 0.733], [0.458, 14.0, 10.695, 0.728], [1, 0]]
[[0.457, 15.241, 11.544, 0.732], [0.445, 13.203, 9.899, 0.764], [1, 0]]
[[0.344, 13.333, 12.833, 0.603], [0.339, 11.6, 8.2, 0.602], [1, 0]]
[[0.426, 14.341, 12.182, 0.734], [0.458, 12.913, 12.043, 0.744], [0, 1]]
[[0.333, 11.0, 6.25, 0.627], [0.364, 9.75, 7.5, 0.574], [0, 1]]
[[0.443, 11.605, 9.977, 0.768], [0.446, 14.415, 9.585, 0.741], [1, 0]]
[[0.435, 14.6, 11.28, 0.744], [0.416, 14.739, 12.0, 0.731], [1, 0]]
[[0.383, 12.5, 7.0, 0.532], [0.358, 12.25, 9.5, 0.575], [1, 0]]
[[0.469, 14.238, 11.333, 0.737], [0.422, 13.972, 9.833, 0.762], [1, 0]]
[[0.318, 7.0, 7.0, 0.464], [0.357, 10.0, 6.333, 0.546], [0, 1]]
[[0.421, 13.294, 10.647, 0.684], [0.421, 11.0, 11.533, 0.691], [0, 1]]
[[0.462, 12.14, 11.116, 0.765], [0.45, 11.86, 10.547, 0.776], [0, 1]]
[[0.457, 12.1, 11.0, 0.764], [0.45, 13.197, 11.459, 0.697], [1, 0]]
[[0.344, 9.5, 9.0, 0.552], [0.286, 12.75, 11.5, 0.585], [1, 0]]
[[0.457, 13.326, 10.593, 0.726], [0.46, 11.86, 9.86, 0.797], [0, 1]]
[[0.428, 13.0, 8.846, 0.683], [0.393, 15.0, 9.154, 0.709], [0, 1]]
[[0.422, 14.286, 8.286, 0.622], [0.396, 14.714, 10.0, 0.622], [1, 0]]
[[0.425, 13.917, 10.458, 0.705], [0.431, 11.261, 12.13, 0.734], [1, 0]]
[[0.457, 13.855, 10.673, 0.729], [0.434, 13.769, 9.558, 0.777], [0, 1]]
[[0.448, 14.971, 11.441, 0.752], [0.45, 13.886, 10.514, 0.729], [1, 0]]
[[0.437, 14.9, 9.15, 0.755], [0.433, 16.591, 11.136, 0.67], [0, 1]]
[[0.43, 14.525, 11.869, 0.738], [0.46, 13.967, 10.689, 0.728], [1, 0]]
[[0.45, 14.915, 10.78, 0.753], [0.446, 11.9, 10.567, 0.771], [0, 1]]
[[0.447, 13.269, 10.769, 0.732], [0.437, 14.28, 10.6, 0.748], [1, 0]]
[[0.457, 13.853, 11.333, 0.764], [0.444, 12.581, 11.595, 0.762], [1, 0]]
[[0.383, 10.714, 9.429, 0.646], [0.387, 11.6, 9.8, 0.557], [1, 0]]
[[0.409, 14.0, 10.333, 0.695], [0.436, 14.8, 8.0, 0.675], [1, 0]]
[[0.438, 14.153, 12.22, 0.756], [0.447, 14.763, 10.153, 0.75], [0, 1]]
[[0.426, 13.053, 10.316, 0.692], [0.443, 13.882, 9.824, 0.707], [0, 1]]
[[0.43, 13.625, 12.375, 0.691], [0.42, 13.722, 9.611, 0.703], [1, 0]]
[[0.438, 15.136, 10.475, 0.745], [0.428, 14.431, 11.845, 0.737], [0, 1]]
[[0.457, 13.741, 11.21, 0.766], [0.462, 12.438, 11.113, 0.759], [1, 0]]
[[0.438, 14.0, 9.765, 0.722], [0.43, 13.688, 10.375, 0.715], [1, 0]]
[[0.444, 14.48, 10.52, 0.752], [0.45, 13.587, 9.56, 0.726], [1, 0]]
[[0.461, 12.378, 11.085, 0.761], [0.446, 13.159, 9.829, 0.763], [1, 0]]
[[0.447, 14.213, 11.234, 0.723], [0.435, 14.239, 10.696, 0.738], [0, 1]]
[[0.431, 12.846, 10.846, 0.682], [0.41, 15.143, 12.0, 0.656], [0, 1]]
[[0.437, 14.292, 10.562, 0.744], [0.437, 14.4, 11.8, 0.75], [0, 1]]
[[0.422, 14.421, 12.447, 0.729], [0.447, 14.385, 9.128, 0.688], [1, 0]]
[[0.424, 14.375, 12.35, 0.73], [0.436, 11.5, 11.405, 0.76], [1, 0]]
[[0.455, 14.346, 11.951, 0.75], [0.446, 13.123, 9.889, 0.763], [1, 0]]
[[0.425, 14.842, 11.158, 0.739], [0.437, 13.529, 10.176, 0.714], [1, 0]]
[[0.442, 11.789, 9.831, 0.756], [0.451, 12.028, 10.282, 0.769], [1, 0]]
[[0.431, 14.162, 12.015, 0.741], [0.439, 13.794, 10.838, 0.756], [1, 0]]
[[0.444, 15.705, 12.033, 0.729], [0.47, 13.194, 11.323, 0.759], [1, 0]]
[[0.445, 15.0, 11.412, 0.716], [0.419, 14.933, 11.8, 0.665], [1, 0]]
[[0.396, 14.778, 12.5, 0.701], [0.431, 11.05, 12.1, 0.731], [1, 0]]
[[0.312, 10.25, 8.5, 0.56], [0.304, 9.667, 9.0, 0.491], [1, 0]]
[[0.315, 12.0, 9.75, 0.5], [0.326, 10.75, 8.0, 0.624], [0, 1]]
[[0.381, 14.556, 11.778, 0.671], [0.376, 12.9, 10.8, 0.694], [1, 0]]
[[0.4, 12.167, 9.5, 0.641], [0.403, 9.667, 7.667, 0.632], [0, 1]]
[[0.44, 13.741, 11.241, 0.733], [0.443, 15.741, 12.052, 0.73], [0, 1]]
[[0.398, 13.667, 9.0, 0.632], [0.359, 12.0, 10.6, 0.569], [1, 0]]
[[0.451, 12.103, 10.5, 0.773], [0.478, 13.282, 11.231, 0.762], [1, 0]]
[[0.403, 12.25, 9.125, 0.637], [0.373, 13.429, 10.857, 0.608], [1, 0]]
[[0.448, 13.821, 11.628, 0.716], [0.446, 14.364, 10.377, 0.754], [0, 1]]
[[0.429, 13.2, 9.133, 0.678], [0.428, 12.941, 10.118, 0.688], [0, 1]]
[[0.453, 13.951, 10.756, 0.726], [0.449, 14.39, 11.707, 0.707], [0, 1]]
[[0.457, 12.099, 9.901, 0.792], [0.454, 15.338, 11.493, 0.733], [0, 1]]
[[0.461, 12.039, 9.688, 0.794], [0.449, 13.831, 11.584, 0.715], [0, 1]]
[[0.459, 14.158, 11.329, 0.731], [0.443, 14.571, 10.61, 0.75], [0, 1]]
[[0.429, 13.214, 12.143, 0.68], [0.434, 13.733, 10.4, 0.712], [1, 0]]
[[0.42, 14.933, 9.867, 0.712], [0.419, 13.267, 11.133, 0.676], [0, 1]]
[[0.425, 13.8, 9.733, 0.702], [0.415, 15.667, 10.8, 0.65], [1, 0]]
[[0.46, 14.704, 11.741, 0.732], [0.431, 14.76, 11.28, 0.724], [0, 1]]
[[0.445, 12.481, 11.58, 0.761], [0.456, 14.296, 11.827, 0.725], [1, 0]]
[[0.435, 15.061, 12.97, 0.735], [0.423, 14.188, 11.094, 0.738], [1, 0]]
[[0.394, 14.3, 10.5, 0.635], [0.383, 14.556, 9.222, 0.592], [1, 0]]
[[0.437, 15.127, 10.509, 0.75], [0.442, 13.727, 10.927, 0.72], [0, 1]]
[[0.456, 14.23, 12.057, 0.724], [0.444, 12.069, 11.586, 0.764], [0, 1]]
[[0.473, 14.191, 11.064, 0.732], [0.454, 13.196, 11.478, 0.675], [1, 0]]
[[0.455, 12.159, 10.091, 0.762], [0.442, 15.75, 11.773, 0.709], [1, 0]]
[[0.451, 14.674, 11.435, 0.753], [0.449, 11.383, 10.128, 0.776], [1, 0]]
[[0.454, 13.239, 10.537, 0.734], [0.443, 13.422, 9.391, 0.765], [1, 0]]
[[0.466, 14.316, 11.447, 0.729], [0.457, 13.081, 11.405, 0.738], [1, 0]]
[[0.424, 14.133, 7.867, 0.643], [0.417, 13.6, 12.467, 0.662], [1, 0]]
[[0.416, 11.9, 9.1, 0.655], [0.396, 15.8, 11.4, 0.639], [0, 1]]
[[0.19, 7.0, 9.0, 0.295], [0.219, 5.0, 4.5, 0.371], [0, 1]]
[[0.429, 14.794, 10.441, 0.742], [0.447, 13.938, 10.656, 0.724], [0, 1]]
[[0.458, 13.747, 11.241, 0.767], [0.222, 7.5, 4.0, 0.416], [1, 0]]
[[0.437, 12.241, 11.431, 0.74], [0.453, 14.345, 11.276, 0.758], [0, 1]]
[[0.389, 15.467, 13.267, 0.686], [0.422, 13.75, 12.188, 0.654], [1, 0]]
[[0.44, 13.154, 11.513, 0.765], [0.453, 13.025, 11.425, 0.664], [1, 0]]
[[0.434, 13.2, 10.533, 0.696], [0.412, 13.875, 11.375, 0.637], [0, 1]]
[[0.232, 8.5, 7.5, 0.304], [0.194, 5.0, 6.0, 0.384], [0, 1]]
[[0.453, 13.974, 10.667, 0.727], [0.435, 14.513, 11.231, 0.704], [0, 1]]
[[0.363, 11.667, 9.0, 0.613], [0.341, 13.167, 9.333, 0.697], [1, 0]]
[[0.359, 11.25, 8.5, 0.597], [0.311, 10.5, 8.5, 0.545], [1, 0]]
[[0.437, 14.36, 11.4, 0.684], [0.449, 13.481, 11.222, 0.649], [1, 0]]
[[0.441, 13.172, 10.345, 0.709], [0.423, 14.207, 11.345, 0.712], [1, 0]]
[[0.429, 14.281, 11.969, 0.74], [0.439, 11.734, 11.578, 0.761], [0, 1]]
[[0.454, 11.684, 10.018, 0.786], [0.446, 13.351, 11.368, 0.738], [1, 0]]
[[0.303, 13.0, 10.5, 0.517], [0.287, 12.75, 12.5, 0.572], [1, 0]]
[[0.445, 11.72, 9.573, 0.752], [0.461, 15.012, 10.61, 0.761], [1, 0]]
[[0.408, 15.5, 8.7, 0.746], [0.398, 13.778, 12.0, 0.622], [1, 0]]
[[0.38, 12.2, 9.4, 0.596], [0.364, 12.0, 7.8, 0.6], [0, 1]]
[[0.44, 13.787, 11.328, 0.734], [0.438, 11.754, 11.59, 0.76], [0, 1]]
[[0.457, 14.53, 11.909, 0.743], [0.46, 13.909, 10.758, 0.729], [1, 0]]
[[0.427, 14.714, 11.0, 0.693], [0.429, 13.5, 11.4, 0.634], [1, 0]]
[[0.449, 12.462, 9.5, 0.722], [0.449, 13.769, 10.577, 0.732], [0, 1]]
[[0.42, 13.923, 8.769, 0.706], [0.428, 10.667, 9.667, 0.711], [0, 1]]
[[0.42, 14.889, 11.278, 0.688], [0.423, 14.412, 11.647, 0.711], [0, 1]]
[[0.412, 15.111, 8.944, 0.728], [0.435, 10.882, 11.882, 0.706], [0, 1]]
[[0.445, 11.765, 9.294, 0.698], [0.417, 13.438, 11.5, 0.758], [1, 0]]
[[0.462, 12.979, 11.872, 0.746], [0.436, 14.465, 11.651, 0.745], [1, 0]]
[[0.441, 13.13, 11.926, 0.768], [0.452, 13.296, 11.593, 0.692], [0, 1]]
[[0.415, 12.062, 8.625, 0.749], [0.435, 14.0, 9.75, 0.723], [1, 0]]
[[0.457, 14.961, 10.727, 0.761], [0.456, 15.325, 11.61, 0.733], [1, 0]]
[[0.412, 11.222, 9.222, 0.632], [0.41, 15.2, 9.8, 0.637], [0, 1]]
[[0.442, 11.778, 9.833, 0.755], [0.458, 13.351, 10.446, 0.73], [1, 0]]
[[0.4, 13.833, 11.083, 0.74], [0.408, 13.583, 12.75, 0.645], [1, 0]]
[[0.313, 8.333, 7.667, 0.459], [0.305, 10.333, 7.667, 0.446], [1, 0]]
[[0.437, 12.432, 11.205, 0.741], [0.431, 13.818, 10.886, 0.732], [0, 1]]
[[0.447, 14.579, 11.395, 0.753], [0.427, 13.895, 11.658, 0.723], [1, 0]]
[[0.446, 14.244, 9.195, 0.693], [0.451, 13.073, 11.341, 0.667], [0, 1]]
[[0.449, 14.686, 11.98, 0.746], [0.452, 15.12, 10.72, 0.75], [1, 0]]
[[0.182, 7.5, 8.0, 0.3], [0.239, 8.0, 2.5, 0.425], [1, 0]]
[[0.43, 14.403, 12.016, 0.737], [0.443, 13.444, 10.968, 0.723], [1, 0]]
[[0.447, 14.973, 10.378, 0.757], [0.452, 11.897, 10.077, 0.76], [1, 0]]
[[0.433, 11.286, 12.143, 0.739], [0.422, 14.25, 11.9, 0.681], [1, 0]]
[[0.182, 9.0, 11.5, 0.355], [0.239, 8.0, 2.5, 0.425], [1, 0]]
[[0.447, 11.909, 9.582, 0.748], [0.456, 12.036, 10.982, 0.768], [1, 0]]
[[0.42, 14.576, 12.364, 0.726], [0.438, 14.545, 10.606, 0.747], [1, 0]]
[[0.455, 14.247, 11.961, 0.727], [0.449, 13.805, 12.169, 0.753], [1, 0]]
[[0.444, 14.13, 11.391, 0.733], [0.475, 13.333, 11.188, 0.76], [0, 1]]
[[0.477, 13.733, 11.105, 0.741], [0.438, 12.872, 11.477, 0.732], [0, 1]]
[[0.441, 14.923, 10.6, 0.746], [0.442, 13.815, 11.2, 0.737], [1, 0]]
[[0.472, 14.509, 11.035, 0.74], [0.44, 14.145, 12.055, 0.757], [1, 0]]
[[0.43, 14.394, 10.424, 0.739], [0.444, 14.344, 11.625, 0.699], [1, 0]]
[[0.445, 14.479, 12.146, 0.746], [0.454, 11.935, 10.913, 0.764], [1, 0]]
[[0.436, 14.211, 12.211, 0.708], [0.436, 13.889, 10.222, 0.687], [1, 0]]
[[0.423, 14.25, 11.5, 0.73], [0.421, 16.294, 11.0, 0.65], [1, 0]]
[[0.458, 13.721, 11.314, 0.768], [0.457, 15.116, 11.547, 0.728], [1, 0]]
[[0.458, 13.594, 9.531, 0.718], [0.451, 13.03, 11.424, 0.696], [0, 1]]
[[0.409, 14.25, 11.417, 0.715], [0.416, 13.273, 10.636, 0.672], [0, 1]]
[[0.416, 14.9, 10.65, 0.732], [0.446, 13.895, 10.316, 0.71], [0, 1]]
[[0.44, 11.971, 11.449, 0.749], [0.475, 13.265, 11.221, 0.76], [0, 1]]
[[0.355, 14.833, 9.333, 0.613], [0.364, 13.5, 12.5, 0.566], [0, 1]]
[[0.44, 14.556, 12.667, 0.722], [0.434, 13.48, 10.92, 0.738], [1, 0]]
[[0.44, 14.0, 10.852, 0.713], [0.439, 14.462, 11.538, 0.684], [1, 0]]
[[0.477, 13.713, 11.092, 0.742], [0.437, 12.839, 11.471, 0.731], [1, 0]]
[[0.457, 14.0, 10.667, 0.728], [0.444, 13.719, 10.772, 0.72], [0, 1]]
[[0.396, 14.417, 8.25, 0.62], [0.418, 14.083, 12.0, 0.699], [0, 1]]
[[0.442, 13.127, 11.945, 0.764], [0.442, 13.625, 10.786, 0.72], [0, 1]]
[[0.45, 13.268, 10.839, 0.734], [0.441, 11.833, 11.519, 0.76], [1, 0]]
[[0.433, 13.25, 9.95, 0.684], [0.433, 14.421, 8.316, 0.645], [1, 0]]
[[0.477, 14.028, 10.875, 0.738], [0.445, 14.099, 11.563, 0.733], [1, 0]]
[[0.438, 13.0, 11.338, 0.733], [0.478, 13.333, 11.173, 0.762], [1, 0]]
[[0.453, 11.704, 9.981, 0.783], [0.452, 13.518, 11.429, 0.694], [0, 1]]
[[0.454, 13.95, 10.775, 0.722], [0.427, 13.85, 11.65, 0.723], [1, 0]]
[[0.414, 13.667, 11.867, 0.756], [0.434, 10.6, 9.867, 0.721], [1, 0]]
[[0.459, 14.862, 11.655, 0.73], [0.431, 13.172, 10.793, 0.707], [1, 0]]
[[0.447, 12.623, 11.519, 0.763], [0.45, 13.468, 9.558, 0.724], [1, 0]]
[[0.421, 13.684, 9.789, 0.712], [0.43, 14.471, 9.176, 0.745], [0, 1]]
[[0.457, 13.333, 10.507, 0.731], [0.441, 14.776, 10.642, 0.744], [1, 0]]
[[0.426, 14.256, 12.372, 0.73], [0.448, 14.068, 11.727, 0.707], [0, 1]]
[[0.412, 15.056, 10.556, 0.719], [0.414, 13.889, 10.722, 0.689], [0, 1]]
[[0.43, 14.65, 11.15, 0.692], [0.424, 13.474, 11.263, 0.639], [1, 0]]
[[0.442, 13.836, 12.313, 0.753], [0.451, 13.03, 11.433, 0.697], [1, 0]]
[[0.45, 14.071, 11.018, 0.731], [0.442, 11.732, 11.643, 0.762], [0, 1]]
[[0.438, 14.45, 10.4, 0.736], [0.423, 13.865, 9.838, 0.764], [0, 1]]
[[0.392, 14.2, 8.7, 0.59], [0.428, 14.889, 8.222, 0.672], [0, 1]]
[[0.434, 13.75, 11.062, 0.728], [0.451, 13.125, 11.75, 0.68], [1, 0]]
[[0.434, 14.154, 12.218, 0.752], [0.451, 13.43, 9.481, 0.727], [0, 1]]
[[0.426, 14.389, 11.907, 0.735], [0.437, 14.145, 10.655, 0.752], [0, 1]]
[[0.439, 12.902, 11.439, 0.764], [0.438, 14.262, 11.262, 0.708], [0, 1]]
[[0.451, 12.3, 10.6, 0.758], [0.448, 14.45, 11.75, 0.704], [1, 0]]
[[0.456, 13.346, 10.642, 0.724], [0.434, 14.272, 12.049, 0.752], [1, 0]]
[[0.457, 13.775, 11.275, 0.766], [0.446, 13.137, 9.863, 0.763], [1, 0]]
[[0.394, 13.444, 11.889, 0.631], [0.401, 13.875, 11.375, 0.669], [0, 1]]
[[0.201, 8.5, 7.0, 0.451], [0.446, 14.494, 10.602, 0.753], [0, 1]]
[[0.456, 15.25, 11.579, 0.732], [0.476, 13.355, 11.25, 0.761], [1, 0]]
[[0.443, 13.583, 10.833, 0.724], [0.445, 13.345, 11.448, 0.74], [1, 0]]
[[0.481, 13.934, 11.145, 0.741], [0.444, 12.613, 11.56, 0.763], [1, 0]]
[[0.438, 11.879, 11.515, 0.749], [0.447, 13.484, 11.281, 0.749], [1, 0]]
[[0.431, 14.075, 10.925, 0.739], [0.434, 15.025, 12.225, 0.726], [0, 1]]
[[0.478, 13.377, 11.208, 0.761], [0.451, 13.211, 11.316, 0.75], [1, 0]]
[[0.441, 12.014, 11.4, 0.749], [0.445, 13.232, 9.594, 0.765], [1, 0]]
[[0.476, 14.114, 10.971, 0.738], [0.456, 12.221, 9.985, 0.791], [1, 0]]
[[0.442, 13.909, 12.227, 0.756], [0.443, 13.431, 9.385, 0.765], [1, 0]]
[[0.449, 14.889, 11.833, 0.718], [0.424, 14.588, 11.353, 0.736], [1, 0]]
[[0.386, 13.125, 10.125, 0.655], [0.365, 13.429, 10.143, 0.682], [1, 0]]
[[0.442, 13.562, 10.25, 0.679], [0.427, 11.062, 11.75, 0.703], [0, 1]]
[[0.461, 13.922, 10.688, 0.729], [0.473, 13.231, 11.277, 0.762], [0, 1]]
[[0.308, 9.667, 9.0, 0.531], [0.241, 9.0, 7.5, 0.43], [0, 1]]
[[0.339, 12.0, 9.4, 0.627], [0.384, 10.2, 7.6, 0.652], [0, 1]]
[[0.44, 14.893, 9.679, 0.753], [0.444, 14.852, 9.0, 0.737], [0, 1]]
[[0.449, 14.889, 10.644, 0.751], [0.45, 14.0, 11.66, 0.709], [1, 0]]
[[0.47, 14.255, 11.157, 0.727], [0.442, 15.918, 11.918, 0.716], [1, 0]]
[[0.345, 12.5, 7.75, 0.501], [0.317, 13.333, 8.333, 0.56], [0, 1]]
[[0.437, 14.6, 10.2, 0.695], [0.381, 13.778, 8.111, 0.675], [1, 0]]
[[0.461, 11.904, 9.771, 0.794], [0.198, 8.0, 9.5, 0.365], [0, 1]]
[[0.441, 12.013, 11.513, 0.75], [0.458, 13.855, 11.289, 0.766], [0, 1]]
[[0.341, 14.333, 11.167, 0.671], [0.369, 14.571, 9.286, 0.614], [0, 1]]
[[0.444, 14.562, 10.521, 0.749], [0.443, 13.521, 10.836, 0.755], [0, 1]]
[[0.437, 13.154, 11.654, 0.748], [0.435, 14.556, 11.148, 0.731], [0, 1]]
[[0.423, 14.268, 12.512, 0.731], [0.454, 13.976, 10.714, 0.728], [0, 1]]
[[0.437, 13.545, 10.364, 0.695], [0.461, 14.826, 11.348, 0.735], [1, 0]]
[[0.443, 12.754, 11.8, 0.762], [0.443, 13.537, 10.985, 0.723], [1, 0]]
[[0.448, 11.925, 9.925, 0.728], [0.45, 14.31, 11.714, 0.707], [1, 0]]
[[0.448, 11.891, 9.652, 0.74], [0.46, 13.062, 11.75, 0.748], [1, 0]]
[[0.45, 13.968, 11.762, 0.71], [0.441, 14.016, 12.306, 0.757], [1, 0]]
[[0.456, 13.291, 10.696, 0.726], [0.433, 14.215, 12.139, 0.753], [1, 0]]
[[0.441, 14.735, 10.603, 0.746], [0.45, 13.103, 11.515, 0.697], [1, 0]]
[[0.419, 12.118, 8.529, 0.756], [0.42, 13.278, 10.5, 0.691], [1, 0]]
[[0.45, 11.894, 10.561, 0.772], [0.45, 13.938, 11.631, 0.709], [1, 0]]
[[0.447, 13.294, 10.804, 0.731], [0.45, 11.792, 10.042, 0.761], [0, 1]]
[[0.447, 14.861, 11.5, 0.753], [0.443, 14.486, 11.216, 0.717], [1, 0]]
[[0.454, 11.618, 10.055, 0.783], [0.451, 13.439, 11.368, 0.697], [1, 0]]
[[0.444, 15.514, 11.811, 0.707], [0.449, 14.447, 11.658, 0.7], [0, 1]]
[[0.449, 14.62, 11.9, 0.747], [0.425, 14.48, 12.06, 0.739], [0, 1]]
[[0.379, 14.143, 11.286, 0.596], [0.403, 12.125, 9.625, 0.694], [0, 1]]
[[0.455, 14.28, 11.976, 0.75], [0.478, 13.341, 11.207, 0.761], [0, 1]]
[[0.316, 9.667, 6.0, 0.52], [0.231, 5.5, 7.5, 0.304], [1, 0]]
[[0.446, 14.585, 12.0, 0.719], [0.447, 11.615, 10.192, 0.763], [1, 0]]
[[0.442, 13.179, 10.286, 0.71], [0.44, 16.444, 11.185, 0.688], [1, 0]]
[[0.441, 14.256, 11.07, 0.711], [0.46, 12.844, 11.911, 0.743], [0, 1]]
[[0.437, 13.509, 10.737, 0.733], [0.429, 14.357, 11.893, 0.736], [1, 0]]
[[0.228, 9.5, 8.0, 0.416], [0.208, 9.5, 7.0, 0.296], [0, 1]]
[[0.449, 11.767, 9.512, 0.748], [0.479, 13.314, 11.058, 0.761], [1, 0]]
[[0.238, 12.667, 12.333, 0.494], [0.24, 7.5, 5.0, 0.334], [0, 1]]
[[0.457, 14.448, 11.97, 0.742], [0.455, 14.926, 10.779, 0.76], [0, 1]]
[[0.456, 14.0, 11.269, 0.731], [0.445, 14.485, 10.606, 0.749], [0, 1]]
[[0.455, 14.303, 12.053, 0.725], [0.444, 13.487, 10.803, 0.756], [1, 0]]
[[0.373, 12.667, 9.833, 0.596], [0.342, 13.2, 7.6, 0.459], [1, 0]]
[[0.437, 11.762, 11.524, 0.76], [0.452, 13.159, 11.46, 0.697], [1, 0]]
[[0.433, 12.964, 11.107, 0.751], [0.436, 13.667, 11.0, 0.735], [1, 0]]
[[0.445, 11.818, 9.675, 0.754], [0.481, 13.923, 11.103, 0.743], [0, 1]]
[[0.412, 15.12, 12.08, 0.727], [0.444, 14.68, 9.12, 0.736], [0, 1]]
[[0.453, 11.77, 10.082, 0.787], [0.456, 13.8, 9.567, 0.712], [1, 0]]
[[0.453, 12.023, 10.884, 0.758], [0.429, 13.925, 9.875, 0.77], [1, 0]]
[[0.443, 13.471, 10.985, 0.719], [0.449, 13.836, 11.701, 0.707], [1, 0]]
[[0.451, 14.574, 11.447, 0.753], [0.44, 13.043, 11.574, 0.763], [1, 0]]
[[0.452, 13.175, 10.73, 0.732], [0.454, 11.633, 10.167, 0.788], [1, 0]]
[[0.432, 13.929, 10.905, 0.734], [0.428, 13.929, 11.619, 0.722], [1, 0]]
[[0.426, 14.85, 11.2, 0.739], [0.433, 16.15, 10.85, 0.653], [1, 0]]
[[0.476, 14.0, 10.915, 0.737], [0.454, 13.957, 11.391, 0.761], [0, 1]]
[[0.435, 13.05, 11.2, 0.752], [0.452, 13.667, 10.571, 0.713], [0, 1]]
[[0.443, 13.157, 11.181, 0.724], [0.444, 11.892, 11.494, 0.765], [0, 1]]
[[0.425, 13.931, 10.931, 0.724], [0.433, 11.357, 11.964, 0.746], [0, 1]]
[[0.438, 14.022, 11.152, 0.715], [0.433, 13.83, 11.234, 0.73], [0, 1]]
[[0.411, 14.0, 10.154, 0.699], [0.423, 13.692, 10.231, 0.719], [1, 0]]
[[0.43, 14.205, 10.897, 0.739], [0.445, 12.368, 10.658, 0.762], [0, 1]]
[[0.374, 11.875, 9.125, 0.7], [0.374, 14.286, 12.286, 0.607], [1, 0]]
[[0.451, 14.524, 12.0, 0.726], [0.441, 13.905, 11.175, 0.733], [1, 0]]
[[0.432, 14.324, 11.081, 0.704], [0.436, 14.879, 11.182, 0.738], [0, 1]]
[[0.417, 14.818, 10.545, 0.632], [0.397, 14.1, 12.5, 0.631], [1, 0]]
[[0.456, 12.151, 10.981, 0.769], [0.446, 11.727, 10.491, 0.766], [1, 0]]
[[0.462, 13.968, 10.667, 0.728], [0.447, 14.758, 10.194, 0.751], [0, 1]]
[[0.432, 15.659, 10.659, 0.743], [0.424, 14.214, 12.452, 0.731], [0, 1]]
[[0.446, 12.405, 10.649, 0.758], [0.444, 14.526, 9.105, 0.685], [1, 0]]
[[0.445, 13.0, 10.25, 0.714], [0.464, 14.382, 11.647, 0.729], [0, 1]]
[[0.437, 12.049, 11.443, 0.747], [0.457, 14.712, 11.847, 0.74], [0, 1]]
[[0.437, 14.364, 10.614, 0.735], [0.443, 15.744, 11.814, 0.709], [0, 1]]
[[0.453, 14.345, 11.327, 0.757], [0.468, 13.145, 11.527, 0.757], [1, 0]]
[[0.44, 13.308, 10.308, 0.706], [0.43, 13.077, 11.0, 0.743], [1, 0]]
[[0.39, 12.3, 9.2, 0.706], [0.398, 14.125, 10.5, 0.655], [0, 1]]
[[0.424, 13.222, 11.222, 0.749], [0.42, 12.0, 8.611, 0.764], [1, 0]]
[[0.208, 10.0, 3.5, 0.342], [0.21, 6.0, 5.5, 0.3], [0, 1]]
[[0.401, 13.333, 11.333, 0.63], [0.416, 14.0, 11.6, 0.68], [1, 0]]
[[0.43, 14.158, 10.974, 0.74], [0.438, 13.167, 11.389, 0.729], [1, 0]]
[[0.437, 15.14, 10.386, 0.746], [0.438, 14.175, 10.719, 0.755], [0, 1]]
[[0.462, 12.443, 11.089, 0.757], [0.454, 13.089, 11.291, 0.75], [1, 0]]
[[0.447, 11.944, 9.611, 0.744], [0.444, 13.259, 11.463, 0.738], [1, 0]]
[[0.429, 14.345, 11.982, 0.732], [0.445, 15.8, 11.8, 0.723], [1, 0]]
[[0.219, 5.0, 4.5, 0.371], [0.241, 5.0, 5.0, 0.441], [1, 0]]
[[0.452, 14.389, 11.241, 0.757], [0.438, 14.115, 11.904, 0.752], [1, 0]]
[[0.453, 14.375, 11.286, 0.757], [0.436, 13.759, 9.611, 0.774], [1, 0]]
[[0.47, 14.327, 11.102, 0.73], [0.461, 13.875, 10.521, 0.729], [1, 0]]
[[0.362, 13.8, 7.4, 0.657], [0.365, 13.4, 8.8, 0.558], [1, 0]]
[[0.382, 14.625, 11.375, 0.611], [0.402, 10.375, 8.875, 0.681], [0, 1]]
[[0.367, 13.0, 8.5, 0.593], [0.373, 12.0, 7.25, 0.524], [0, 1]]
[[0.442, 13.329, 11.0, 0.72], [0.442, 11.797, 11.551, 0.761], [1, 0]]
[[0.43, 12.174, 9.478, 0.776], [0.426, 14.455, 11.091, 0.728], [1, 0]]
[[0.438, 13.458, 10.208, 0.702], [0.457, 14.68, 11.84, 0.731], [1, 0]]
[[0.451, 14.738, 11.381, 0.756], [0.455, 12.07, 10.07, 0.76], [0, 1]]
[[0.427, 12.308, 9.154, 0.681], [0.418, 13.214, 10.071, 0.706], [1, 0]]
[[0.438, 12.306, 11.306, 0.743], [0.425, 14.51, 12.061, 0.736], [1, 0]]
[[0.437, 14.423, 8.654, 0.68], [0.435, 14.769, 11.308, 0.729], [0, 1]]
[[0.481, 13.827, 10.975, 0.745], [0.457, 15.284, 11.58, 0.729], [1, 0]]
[[0.424, 13.368, 10.895, 0.733], [0.439, 10.611, 10.167, 0.749], [1, 0]]
[[0.435, 14.277, 10.617, 0.741], [0.45, 13.915, 9.17, 0.698], [1, 0]]
[[0.422, 13.133, 10.333, 0.696], [0.408, 13.231, 12.846, 0.646], [1, 0]]
[[0.47, 14.231, 11.077, 0.729], [0.453, 15.082, 10.571, 0.752], [0, 1]]
[[0.457, 13.932, 11.365, 0.763], [0.458, 13.616, 10.808, 0.735], [0, 1]]
[[0.462, 12.225, 11.155, 0.758], [0.443, 13.342, 11.219, 0.721], [1, 0]]
[[0.235, 4.0, 6.0, 0.346], [0.25, 8.0, 4.0, 0.383], [0, 1]]
[[0.452, 14.279, 11.344, 0.759], [0.445, 11.869, 10.672, 0.769], [1, 0]]
[[0.451, 12.033, 9.433, 0.724], [0.452, 13.839, 10.387, 0.724], [1, 0]]
[[0.441, 14.062, 11.104, 0.718], [0.445, 14.63, 9.87, 0.749], [1, 0]]
[[0.424, 12.0, 8.895, 0.765], [0.416, 13.529, 12.235, 0.666], [1, 0]]
[[0.456, 14.507, 12.042, 0.744], [0.455, 13.861, 11.417, 0.763], [0, 1]]
[[0.42, 15.077, 9.385, 0.724], [0.426, 13.308, 10.077, 0.689], [0, 1]]
[[0.428, 14.032, 11.258, 0.71], [0.435, 13.767, 11.267, 0.729], [1, 0]]
[[0.451, 14.674, 11.326, 0.753], [0.441, 14.182, 11.091, 0.71], [0, 1]]
[[0.441, 13.797, 11.186, 0.735], [0.453, 13.914, 9.621, 0.711], [0, 1]]
[[0.437, 15.0, 10.5, 0.714], [0.401, 15.636, 9.545, 0.69], [0, 1]]
[[0.446, 15.214, 10.214, 0.719], [0.419, 13.533, 10.667, 0.716], [1, 0]]
[[0.384, 14.727, 9.364, 0.724], [0.394, 14.182, 8.364, 0.609], [0, 1]]
[[0.439, 13.353, 9.882, 0.688], [0.406, 14.353, 9.765, 0.745], [1, 0]]
[[0.451, 14.016, 11.274, 0.727], [0.441, 13.79, 11.258, 0.734], [1, 0]]
[[0.408, 14.222, 10.444, 0.658], [0.406, 13.0, 10.143, 0.581], [1, 0]]
[[0.451, 12.083, 9.583, 0.73], [0.439, 13.324, 11.351, 0.735], [1, 0]]
[[0.43, 15.263, 10.5, 0.734], [0.46, 13.167, 11.444, 0.738], [0, 1]]
[[0.419, 13.706, 9.471, 0.711], [0.44, 13.938, 10.125, 0.709], [1, 0]]
[[0.448, 11.923, 9.974, 0.728], [0.432, 14.024, 10.829, 0.736], [0, 1]]
[[0.458, 14.067, 11.4, 0.73], [0.446, 12.658, 11.513, 0.762], [1, 0]]
[[0.433, 13.686, 11.157, 0.735], [0.462, 13.235, 11.725, 0.751], [0, 1]]
[[0.472, 14.25, 11.182, 0.736], [0.449, 14.977, 10.488, 0.752], [1, 0]]
[[0.441, 12.762, 11.873, 0.764], [0.45, 13.938, 11.719, 0.711], [0, 1]]
[[0.438, 11.65, 11.583, 0.759], [0.44, 13.655, 9.448, 0.771], [1, 0]]
[[0.384, 15.222, 11.444, 0.622], [0.411, 12.6, 9.7, 0.695], [0, 1]]
[[0.439, 13.141, 11.225, 0.734], [0.477, 13.371, 11.114, 0.763], [0, 1]]
[[0.448, 14.283, 11.217, 0.722], [0.44, 13.093, 11.605, 0.763], [1, 0]]
[[0.477, 14.041, 11.0, 0.739], [0.449, 13.944, 11.577, 0.711], [1, 0]]
[[0.283, 9.667, 6.0, 0.535], [0.303, 9.667, 6.667, 0.613], [1, 0]]
[[0.416, 12.417, 9.667, 0.683], [0.424, 14.091, 11.636, 0.691], [1, 0]]
[[0.441, 11.958, 11.493, 0.75], [0.444, 13.186, 9.586, 0.764], [1, 0]]
[[0.442, 14.774, 10.097, 0.749], [0.449, 13.516, 11.129, 0.656], [1, 0]]
[[0.46, 13.908, 10.692, 0.729], [0.447, 15.6, 11.8, 0.728], [0, 1]]
[[0.447, 11.875, 10.375, 0.764], [0.435, 14.724, 11.103, 0.736], [1, 0]]
[[0.449, 11.892, 10.585, 0.771], [0.451, 13.046, 11.385, 0.7], [1, 0]]
[[0.443, 13.565, 10.478, 0.724], [0.405, 14.652, 10.087, 0.76], [0, 1]]
[[0.434, 14.25, 10.833, 0.705], [0.427, 13.943, 11.4, 0.716], [1, 0]]
[[0.383, 15.5, 9.7, 0.695], [0.389, 13.7, 7.9, 0.696], [0, 1]]
[[0.445, 12.097, 9.5, 0.749], [0.446, 15.694, 11.919, 0.728], [0, 1]]
[[0.438, 11.941, 11.471, 0.749], [0.449, 13.5, 11.288, 0.751], [1, 0]]
[[0.398, 13.875, 11.125, 0.599], [0.365, 13.5, 10.5, 0.698], [0, 1]]
[[0.443, 13.657, 10.771, 0.756], [0.454, 15.457, 11.5, 0.732], [0, 1]]
[[0.458, 14.0, 10.622, 0.729], [0.431, 13.976, 9.829, 0.77], [1, 0]]
[[0.363, 13.8, 10.0, 0.552], [0.342, 12.2, 6.4, 0.637], [1, 0]]
[[0.451, 13.273, 10.764, 0.733], [0.443, 15.811, 11.849, 0.723], [1, 0]]
[[0.427, 16.444, 10.889, 0.65], [0.401, 14.267, 9.8, 0.742], [1, 0]]
[[0.457, 14.694, 11.823, 0.741], [0.457, 13.721, 9.639, 0.713], [1, 0]]
[[0.457, 14.446, 11.877, 0.744], [0.474, 13.273, 11.273, 0.762], [0, 1]]
[[0.432, 13.848, 10.697, 0.711], [0.434, 14.533, 11.133, 0.738], [1, 0]]
[[0.457, 14.014, 11.384, 0.731], [0.432, 14.041, 12.189, 0.749], [0, 1]]
[[0.22, 8.5, 2.5, 0.3], [0.45, 13.723, 12.145, 0.753], [1, 0]]
[[0.423, 14.596, 11.915, 0.739], [0.45, 14.894, 10.617, 0.75], [0, 1]]
[[0.438, 14.857, 12.8, 0.729], [0.437, 12.735, 10.735, 0.764], [0, 1]]
[[0.466, 14.257, 11.514, 0.732], [0.435, 15.121, 11.788, 0.727], [1, 0]]
[[0.25, 8.0, 4.0, 0.383], [0.207, 9.0, 5.5, 0.4], [1, 0]]
[[0.441, 13.459, 10.787, 0.735], [0.44, 14.968, 10.516, 0.748], [1, 0]]
[[0.44, 13.48, 10.24, 0.705], [0.441, 16.52, 11.16, 0.686], [1, 0]]
[[0.445, 15.815, 11.778, 0.722], [0.447, 14.577, 10.019, 0.751], [1, 0]]
[[0.468, 14.341, 11.317, 0.734], [0.443, 15.615, 12.026, 0.707], [0, 1]]
[[0.456, 14.411, 12.123, 0.747], [0.455, 15.297, 11.581, 0.732], [0, 1]]
[[0.427, 14.143, 10.943, 0.742], [0.448, 13.424, 11.333, 0.66], [1, 0]]
[[0.351, 12.4, 10.2, 0.592], [0.359, 12.0, 8.5, 0.624], [0, 1]]
[[0.434, 15.108, 12.162, 0.725], [0.436, 11.639, 9.889, 0.758], [0, 1]]
[[0.459, 13.024, 11.341, 0.741], [0.439, 13.359, 11.564, 0.73], [1, 0]]
[[0.437, 12.256, 11.093, 0.739], [0.452, 12.048, 10.786, 0.755], [0, 1]]
[[0.456, 13.886, 11.357, 0.762], [0.445, 14.157, 11.5, 0.734], [1, 0]]
[[0.443, 14.553, 10.566, 0.75], [0.446, 14.355, 10.421, 0.757], [0, 1]]
[[0.457, 14.329, 11.841, 0.723], [0.444, 13.195, 11.122, 0.723], [0, 1]]
[[0.415, 13.474, 10.526, 0.686], [0.438, 14.118, 8.882, 0.708], [0, 1]]
[[0.461, 12.25, 11.167, 0.762], [0.45, 11.881, 10.512, 0.776], [1, 0]]
[[0.449, 14.725, 11.325, 0.754], [0.445, 15.659, 11.951, 0.71], [1, 0]]
[[0.435, 14.378, 10.162, 0.729], [0.441, 14.0, 9.514, 0.727], [0, 1]]
[[0.444, 11.864, 9.627, 0.748], [0.44, 13.933, 10.733, 0.754], [1, 0]]
[[0.449, 14.795, 11.333, 0.755], [0.457, 13.175, 11.55, 0.739], [0, 1]]
[[0.365, 13.875, 10.875, 0.708], [0.376, 15.444, 9.111, 0.68], [1, 0]]
[[0.434, 14.143, 8.619, 0.664], [0.406, 14.25, 9.65, 0.749], [1, 0]]
[[0.443, 13.489, 10.778, 0.722], [0.457, 13.791, 10.581, 0.728], [1, 0]]
[[0.432, 11.6, 10.0, 0.755], [0.435, 14.0, 10.914, 0.703], [0, 1]]
[[0.437, 12.354, 11.354, 0.742], [0.442, 15.792, 11.833, 0.716], [0, 1]]
[[0.438, 14.613, 11.194, 0.715], [0.44, 11.594, 11.812, 0.751], [0, 1]]
[[0.426, 14.095, 11.81, 0.682], [0.404, 14.182, 10.0, 0.751], [1, 0]]
[[0.436, 13.051, 11.359, 0.736], [0.445, 13.244, 9.859, 0.764], [1, 0]]
[[0.454, 14.044, 11.368, 0.763], [0.452, 12.029, 10.406, 0.768], [1, 0]]
[[0.459, 13.629, 10.786, 0.728], [0.455, 14.786, 10.829, 0.761], [1, 0]]
[[0.208, 10.0, 3.5, 0.342], [0.228, 9.5, 8.0, 0.416], [1, 0]]
[[0.379, 14.625, 12.375, 0.664], [0.418, 14.3, 10.1, 0.666], [0, 1]]
[[0.443, 14.333, 9.444, 0.67], [0.387, 15.0, 8.875, 0.715], [1, 0]]
[[0.436, 12.893, 11.607, 0.745], [0.441, 14.444, 11.481, 0.69], [1, 0]]
[[0.37, 13.625, 8.875, 0.566], [0.381, 13.5, 11.875, 0.622], [0, 1]]
[[0.458, 12.083, 9.819, 0.793], [0.442, 11.847, 11.514, 0.763], [1, 0]]
[[0.396, 15.235, 12.529, 0.696], [0.42, 13.833, 12.0, 0.672], [1, 0]]
[[0.451, 13.185, 10.667, 0.735], [0.441, 13.865, 11.115, 0.717], [0, 1]]
[[0.444, 12.658, 11.63, 0.762], [0.456, 14.877, 10.74, 0.762], [1, 0]]
[[0.458, 13.913, 11.188, 0.729], [0.442, 13.347, 11.139, 0.722], [1, 0]]
[[0.198, 8.0, 9.5, 0.365], [0.201, 8.5, 7.0, 0.451], [0, 1]]
[[0.347, 12.25, 7.5, 0.578], [0.357, 12.0, 7.75, 0.568], [0, 1]]
[[0.457, 13.355, 11.355, 0.728], [0.408, 14.31, 10.655, 0.767], [1, 0]]
[[0.447, 14.192, 11.077, 0.725], [0.453, 13.308, 11.654, 0.685], [0, 1]]
[[0.399, 14.091, 10.727, 0.651], [0.409, 13.778, 11.444, 0.688], [1, 0]]
[[0.474, 14.209, 11.03, 0.739], [0.456, 14.061, 11.258, 0.731], [1, 0]]
[[0.456, 13.378, 10.659, 0.725], [0.45, 13.732, 12.183, 0.753], [1, 0]]
[[0.452, 12.0, 10.441, 0.768], [0.459, 13.606, 9.515, 0.722], [1, 0]]
[[0.436, 13.909, 8.636, 0.662], [0.458, 13.783, 10.913, 0.72], [1, 0]]
[[0.452, 14.366, 12.113, 0.725], [0.442, 13.662, 10.831, 0.757], [1, 0]]
[[0.431, 11.706, 10.147, 0.759], [0.439, 11.441, 11.618, 0.751], [0, 1]]
[[0.46, 13.915, 10.426, 0.731], [0.441, 15.87, 11.739, 0.714], [0, 1]]
[[0.452, 13.727, 10.955, 0.714], [0.435, 13.789, 10.579, 0.715], [0, 1]]
[[0.422, 14.423, 9.731, 0.741], [0.439, 14.68, 9.36, 0.762], [0, 1]]
[[0.456, 14.215, 11.924, 0.727], [0.443, 11.937, 11.456, 0.765], [1, 0]]
[[0.408, 13.3, 11.2, 0.651], [0.406, 13.0, 11.083, 0.678], [1, 0]]
[[0.421, 13.591, 10.318, 0.696], [0.422, 14.421, 12.105, 0.675], [0, 1]]
[[0.424, 14.444, 10.111, 0.742], [0.438, 14.333, 8.926, 0.68], [1, 0]]
[[0.449, 13.738, 12.19, 0.752], [0.446, 14.44, 10.631, 0.753], [0, 1]]
[[0.444, 12.365, 11.494, 0.757], [0.444, 13.118, 11.2, 0.725], [0, 1]]
[[0.461, 12.171, 11.132, 0.758], [0.452, 12.974, 11.636, 0.702], [1, 0]]
[[0.44, 13.476, 9.857, 0.695], [0.433, 13.65, 10.85, 0.702], [1, 0]]
[[0.235, 4.0, 6.0, 0.346], [0.478, 13.325, 11.193, 0.762], [0, 1]]
[[0.424, 14.587, 11.913, 0.736], [0.439, 13.37, 11.652, 0.737], [0, 1]]
[[0.448, 12.0, 9.455, 0.727], [0.412, 13.969, 10.188, 0.761], [1, 0]]
[[0.471, 14.146, 11.104, 0.733], [0.438, 13.065, 11.674, 0.763], [1, 0]]
[[0.444, 10.739, 10.522, 0.757], [0.434, 13.286, 11.19, 0.635], [1, 0]]
[[0.451, 11.955, 9.75, 0.734], [0.472, 14.239, 11.065, 0.731], [0, 1]]
[[0.443, 11.985, 9.727, 0.745], [0.439, 11.758, 11.545, 0.758], [0, 1]]
[[0.436, 13.0, 11.63, 0.748], [0.427, 14.966, 10.69, 0.745], [0, 1]]
[[0.429, 13.158, 11.316, 0.753], [0.421, 13.333, 10.381, 0.694], [1, 0]]
[[0.441, 14.737, 12.684, 0.736], [0.451, 13.919, 10.622, 0.732], [1, 0]]
[[0.451, 14.692, 11.962, 0.746], [0.441, 13.077, 11.769, 0.768], [1, 0]]
[[0.438, 13.448, 10.759, 0.731], [0.44, 12.897, 11.828, 0.762], [1, 0]]
