[[0.441, 12.204, 9.857, 0.729], [0.45, 12.787, 10.043, 0.782], [0, 1]]
[[0.448, 12.857, 9.631, 0.797], [0.447, 13.0, 10.405, 0.778], [0, 1]]
[[0.447, 12.085, 8.894, 0.742], [0.441, 13.413, 10.217, 0.73], [0, 1]]
[[0.441, 12.241, 9.741, 0.735], [0.441, 14.481, 10.692, 0.736], [0, 1]]
[[0.453, 13.061, 10.143, 0.743], [0.461, 13.1, 10.22, 0.774], [1, 0]]
[[0.457, 12.522, 10.478, 0.753], [0.448, 15.234, 11.553, 0.77], [1, 0]]
[[0.385, 11.667, 10.833, 0.636], [0.355, 12.833, 8.5, 0.538], [1, 0]]
[[0.439, 13.464, 10.071, 0.691], [0.434, 15.321, 11.357, 0.755], [1, 0]]
[[0.442, 12.524, 10.222, 0.724], [0.444, 12.54, 9.651, 0.744], [0, 1]]
[[0.439, 13.417, 9.5, 0.687], [0.436, 13.667, 11.125, 0.72], [0, 1]]
[[0.44, 10.864, 8.341, 0.744], [0.444, 14.022, 10.587, 0.743], [1, 0]]
[[0.451, 13.477, 9.585, 0.792], [0.45, 11.738, 9.185, 0.734], [1, 0]]
[[0.423, 12.458, 10.292, 0.738], [0.457, 12.375, 10.208, 0.769], [0, 1]]
[[0.442, 12.18, 9.84, 0.73], [0.452, 12.51, 10.959, 0.794], [1, 0]]
[[0.442, 12.848, 10.182, 0.715], [0.438, 12.914, 11.343, 0.735], [1, 0]]
[[0.442, 13.439, 10.316, 0.733], [0.466, 14.236, 10.055, 0.771], [0, 1]]
[[0.441, 10.889, 8.556, 0.742], [0.437, 14.721, 10.628, 0.735], [1, 0]]
[[0.216, 7.5, 5.0, 0.361], [0.435, 13.012, 9.639, 0.753], [1, 0]]
[[0.412, 10.667, 10.056, 0.713], [0.43, 12.944, 9.111, 0.752], [1, 0]]
[[0.448, 14.162, 10.081, 0.767], [0.445, 14.959, 10.716, 0.733], [1, 0]]
[[0.445, 12.472, 10.306, 0.739], [0.435, 13.314, 9.429, 0.753], [0, 1]]
[[0.446, 12.045, 9.023, 0.742], [0.447, 15.548, 11.381, 0.763], [1, 0]]
[[0.467, 14.35, 10.317, 0.759], [0.441, 15.35, 9.3, 0.75], [1, 0]]
[[0.401, 10.636, 7.364, 0.697], [0.433, 13.0, 9.909, 0.676], [1, 0]]
[[0.405, 11.2, 7.0, 0.714], [0.387, 10.9, 9.1, 0.686], [1, 0]]
[[0.308, 8.333, 3.667, 0.457], [0.283, 13.667, 6.0, 0.504], [0, 1]]
[[0.408, 11.44, 11.36, 0.728], [0.423, 12.917, 11.625, 0.713], [0, 1]]
[[0.46, 13.087, 10.239, 0.771], [0.447, 15.304, 11.391, 0.768], [1, 0]]
[[0.452, 14.431, 10.708, 0.751], [0.454, 12.425, 9.123, 0.749], [0, 1]]
[[0.444, 12.222, 8.5, 0.754], [0.437, 15.382, 10.235, 0.759], [1, 0]]
[[0.452, 13.603, 9.379, 0.788], [0.467, 14.179, 9.964, 0.771], [0, 1]]
[[0.234, 9.0, 5.0, 0.334], [0.459, 12.41, 9.06, 0.749], [0, 1]]
[[0.44, 10.707, 8.415, 0.747], [0.439, 13.308, 9.308, 0.753], [0, 1]]
[[0.382, 11.083, 9.917, 0.688], [0.407, 13.5, 9.917, 0.726], [1, 0]]
[[0.439, 11.867, 8.683, 0.768], [0.448, 12.65, 9.4, 0.755], [0, 1]]
[[0.45, 12.897, 9.949, 0.762], [0.447, 13.0, 10.263, 0.715], [0, 1]]
[[0.44, 13.0, 10.25, 0.695], [0.418, 13.615, 7.154, 0.662], [1, 0]]
[[0.438, 14.125, 9.406, 0.782], [0.425, 12.367, 10.3, 0.744], [0, 1]]
[[0.424, 12.48, 10.36, 0.734], [0.441, 13.36, 9.72, 0.68], [0, 1]]
[[0.447, 12.593, 10.407, 0.761], [0.446, 14.069, 10.828, 0.722], [0, 1]]
[[0.394, 12.857, 10.571, 0.646], [0.386, 14.571, 9.857, 0.691], [0, 1]]
[[0.437, 11.447, 7.816, 0.77], [0.436, 14.816, 10.632, 0.734], [0, 1]]
[[0.466, 14.36, 10.38, 0.747], [0.439, 11.667, 8.706, 0.768], [1, 0]]
[[0.447, 11.96, 8.86, 0.749], [0.422, 12.94, 9.16, 0.744], [0, 1]]
[[0.414, 12.0, 8.643, 0.722], [0.428, 14.286, 9.429, 0.757], [1, 0]]
[[0.449, 12.746, 9.825, 0.786], [0.447, 14.143, 10.619, 0.75], [1, 0]]
[[0.444, 13.587, 10.365, 0.739], [0.458, 15.111, 11.079, 0.78], [0, 1]]
[[0.447, 12.897, 9.853, 0.79], [0.444, 13.134, 10.373, 0.768], [1, 0]]
[[0.386, 10.875, 9.125, 0.65], [0.379, 12.5, 8.25, 0.663], [0, 1]]
[[0.43, 13.923, 10.308, 0.709], [0.413, 11.923, 10.385, 0.686], [1, 0]]
[[0.465, 14.184, 10.333, 0.771], [0.445, 15.034, 10.632, 0.737], [0, 1]]
[[0.444, 12.634, 9.746, 0.745], [0.458, 14.971, 10.943, 0.78], [1, 0]]
[[0.447, 12.776, 9.821, 0.787], [0.464, 12.727, 10.924, 0.756], [0, 1]]
[[0.456, 13.679, 9.914, 0.749], [0.445, 15.296, 9.42, 0.763], [1, 0]]
[[0.449, 12.738, 9.918, 0.787], [0.441, 14.567, 10.883, 0.731], [0, 1]]
[[0.454, 13.011, 9.851, 0.776], [0.435, 12.908, 9.552, 0.758], [0, 1]]
[[0.44, 15.444, 11.361, 0.75], [0.444, 13.079, 9.132, 0.751], [0, 1]]
[[0.458, 12.927, 10.268, 0.77], [0.443, 13.214, 10.071, 0.724], [1, 0]]
[[0.432, 13.136, 9.455, 0.744], [0.45, 12.621, 9.318, 0.751], [0, 1]]
[[0.405, 10.875, 9.0, 0.65], [0.407, 13.875, 9.5, 0.676], [0, 1]]
[[0.441, 12.868, 11.618, 0.771], [0.447, 14.439, 9.909, 0.765], [0, 1]]
[[0.404, 11.429, 10.048, 0.7], [0.431, 13.8, 7.9, 0.681], [1, 0]]
[[0.425, 12.474, 10.632, 0.711], [0.415, 10.381, 9.571, 0.734], [0, 1]]
[[0.438, 14.103, 9.414, 0.775], [0.427, 10.333, 8.733, 0.725], [1, 0]]
[[0.45, 12.684, 11.0, 0.789], [0.452, 13.975, 10.85, 0.736], [0, 1]]
[[0.444, 12.946, 10.161, 0.783], [0.444, 14.411, 10.839, 0.732], [0, 1]]
[[0.451, 12.553, 10.855, 0.797], [0.447, 11.671, 8.539, 0.767], [0, 1]]
[[0.445, 13.1, 9.9, 0.779], [0.44, 10.575, 8.325, 0.746], [0, 1]]
[[0.426, 12.353, 8.882, 0.721], [0.415, 12.529, 10.706, 0.709], [1, 0]]
[[0.438, 11.513, 7.744, 0.771], [0.456, 12.769, 10.333, 0.762], [0, 1]]
[[0.442, 12.552, 10.224, 0.719], [0.458, 14.61, 10.492, 0.746], [1, 0]]
[[0.447, 11.452, 7.984, 0.773], [0.429, 13.079, 9.413, 0.743], [1, 0]]
[[0.44, 11.439, 7.707, 0.768], [0.458, 12.905, 10.262, 0.767], [1, 0]]
[[0.423, 13.226, 9.396, 0.744], [0.443, 13.5, 10.058, 0.733], [0, 1]]
[[0.433, 13.412, 9.235, 0.679], [0.429, 12.188, 8.875, 0.726], [0, 1]]
[[0.44, 13.889, 9.389, 0.787], [0.436, 11.556, 9.944, 0.726], [1, 0]]
[[0.438, 15.0, 9.234, 0.739], [0.443, 13.0, 10.78, 0.76], [0, 1]]
[[0.427, 10.355, 8.774, 0.729], [0.433, 13.0, 11.393, 0.726], [0, 1]]
[[0.405, 11.909, 9.091, 0.684], [0.408, 14.7, 10.3, 0.722], [0, 1]]
[[0.415, 13.0, 8.273, 0.739], [0.412, 12.167, 9.417, 0.693], [1, 0]]
[[0.457, 12.651, 9.814, 0.771], [0.452, 12.476, 10.595, 0.749], [1, 0]]
[[0.44, 12.676, 10.081, 0.764], [0.434, 14.4, 9.2, 0.729], [1, 0]]
[[0.438, 14.818, 10.614, 0.736], [0.44, 13.089, 11.0, 0.756], [1, 0]]
[[0.459, 13.894, 10.076, 0.744], [0.465, 13.061, 10.773, 0.766], [1, 0]]
[[0.408, 13.125, 10.5, 0.669], [0.385, 13.25, 8.5, 0.669], [1, 0]]
[[0.382, 11.455, 8.0, 0.715], [0.407, 12.0, 10.5, 0.694], [0, 1]]
[[0.46, 12.449, 10.058, 0.739], [0.454, 12.535, 9.056, 0.75], [0, 1]]
[[0.437, 12.433, 10.433, 0.725], [0.444, 12.633, 9.167, 0.747], [0, 1]]
[[0.468, 12.487, 10.75, 0.766], [0.448, 11.688, 8.558, 0.766], [0, 1]]
[[0.434, 14.0, 10.583, 0.702], [0.423, 11.083, 10.25, 0.729], [1, 0]]
[[0.415, 13.095, 9.119, 0.729], [0.444, 13.098, 9.927, 0.722], [0, 1]]
[[0.433, 14.037, 8.481, 0.704], [0.431, 14.667, 10.733, 0.734], [0, 1]]
[[0.422, 13.667, 9.417, 0.716], [0.392, 9.917, 10.417, 0.661], [1, 0]]
[[0.453, 12.165, 8.873, 0.745], [0.449, 12.696, 10.114, 0.774], [1, 0]]
[[0.448, 12.735, 10.205, 0.771], [0.223, 12.0, 5.5, 0.379], [0, 1]]
[[0.424, 12.5, 8.938, 0.717], [0.418, 11.067, 7.4, 0.715], [1, 0]]
[[0.45, 11.446, 8.964, 0.744], [0.452, 12.393, 10.893, 0.797], [1, 0]]
[[0.438, 12.804, 11.745, 0.77], [0.464, 14.0, 9.98, 0.766], [0, 1]]
[[0.448, 12.542, 10.278, 0.732], [0.457, 14.806, 11.028, 0.778], [1, 0]]
[[0.424, 12.688, 8.125, 0.726], [0.426, 15.133, 9.733, 0.698], [1, 0]]
[[0.454, 15.052, 11.276, 0.78], [0.445, 14.136, 10.661, 0.754], [1, 0]]
[[0.444, 12.705, 9.525, 0.74], [0.444, 13.517, 10.4, 0.735], [0, 1]]
[[0.418, 15.5, 9.583, 0.739], [0.418, 14.462, 9.923, 0.742], [0, 1]]
[[0.371, 12.429, 8.143, 0.654], [0.375, 13.857, 9.571, 0.678], [0, 1]]
[[0.417, 11.231, 10.0, 0.701], [0.426, 12.36, 10.2, 0.72], [0, 1]]
[[0.209, 5.0, 7.5, 0.345], [0.225, 6.5, 5.5, 0.352], [0, 1]]
[[0.436, 11.455, 8.0, 0.762], [0.448, 14.029, 10.882, 0.73], [0, 1]]
[[0.451, 13.522, 9.551, 0.791], [0.442, 11.783, 8.696, 0.767], [1, 0]]
[[0.424, 11.357, 10.357, 0.734], [0.427, 12.267, 8.733, 0.711], [0, 1]]
[[0.347, 13.0, 8.143, 0.653], [0.349, 12.5, 9.5, 0.593], [0, 1]]
[[0.449, 13.062, 9.846, 0.767], [0.445, 13.53, 10.5, 0.738], [0, 1]]
[[0.365, 13.8, 10.2, 0.683], [0.342, 9.5, 8.0, 0.585], [0, 1]]
[[0.457, 12.347, 10.694, 0.754], [0.422, 13.096, 9.269, 0.744], [0, 1]]
[[0.434, 12.987, 9.744, 0.754], [0.454, 14.423, 10.756, 0.752], [0, 1]]
[[0.448, 12.75, 10.214, 0.771], [0.467, 14.333, 10.786, 0.761], [0, 1]]
[[0.444, 13.023, 10.023, 0.775], [0.464, 14.293, 9.829, 0.763], [0, 1]]
[[0.453, 14.25, 11.031, 0.737], [0.431, 10.636, 8.576, 0.738], [1, 0]]
[[0.451, 12.303, 10.667, 0.8], [0.447, 14.879, 10.561, 0.731], [0, 1]]
[[0.344, 10.143, 9.143, 0.652], [0.386, 13.125, 9.0, 0.584], [0, 1]]
[[0.439, 12.562, 10.344, 0.728], [0.445, 12.853, 8.853, 0.747], [1, 0]]
[[0.466, 14.176, 10.4, 0.77], [0.444, 15.118, 10.612, 0.738], [1, 0]]
[[0.442, 12.925, 11.627, 0.771], [0.45, 11.597, 9.284, 0.732], [0, 1]]
[[0.435, 15.107, 10.536, 0.744], [0.461, 12.448, 10.483, 0.775], [0, 1]]
[[0.458, 13.544, 9.962, 0.746], [0.449, 13.705, 10.462, 0.741], [0, 1]]
[[0.397, 12.6, 8.6, 0.7], [0.403, 13.667, 9.667, 0.713], [1, 0]]
[[0.447, 12.921, 10.19, 0.779], [0.445, 13.569, 10.431, 0.739], [1, 0]]
[[0.422, 13.5, 6.667, 0.651], [0.41, 13.364, 10.182, 0.712], [1, 0]]
[[0.39, 14.125, 7.875, 0.71], [0.426, 14.0, 7.188, 0.675], [1, 0]]
[[0.443, 12.787, 11.693, 0.772], [0.446, 11.667, 9.533, 0.734], [1, 0]]
[[0.454, 12.927, 10.0, 0.769], [0.446, 15.707, 11.512, 0.758], [0, 1]]
[[0.451, 12.786, 9.821, 0.765], [0.451, 13.714, 9.339, 0.788], [1, 0]]
[[0.433, 12.667, 10.074, 0.783], [0.438, 13.077, 9.077, 0.765], [0, 1]]
[[0.468, 12.975, 10.691, 0.778], [0.455, 14.519, 10.667, 0.753], [0, 1]]
[[0.457, 12.468, 10.489, 0.753], [0.449, 15.208, 11.5, 0.772], [1, 0]]
[[0.346, 10.4, 6.0, 0.675], [0.374, 10.833, 6.0, 0.671], [1, 0]]
[[0.439, 14.389, 10.056, 0.73], [0.433, 15.562, 9.438, 0.736], [1, 0]]
[[0.45, 13.033, 9.817, 0.767], [0.451, 13.661, 9.516, 0.792], [1, 0]]
[[0.301, 11.0, 5.0, 0.509], [0.315, 8.0, 5.667, 0.55], [0, 1]]
[[0.413, 13.405, 9.027, 0.724], [0.433, 13.294, 9.588, 0.746], [1, 0]]
[[0.448, 12.862, 9.747, 0.799], [0.447, 13.023, 10.379, 0.775], [1, 0]]
[[0.428, 13.579, 11.579, 0.761], [0.437, 13.053, 10.158, 0.743], [1, 0]]
[[0.447, 14.14, 9.488, 0.791], [0.447, 14.271, 10.75, 0.742], [0, 1]]
[[0.449, 13.083, 9.917, 0.755], [0.449, 12.371, 11.0, 0.78], [1, 0]]
[[0.435, 13.375, 10.812, 0.727], [0.438, 14.353, 9.471, 0.761], [1, 0]]
[[0.449, 11.439, 7.803, 0.777], [0.458, 14.985, 11.06, 0.781], [0, 1]]
[[0.448, 13.217, 10.609, 0.73], [0.429, 11.08, 8.28, 0.715], [1, 0]]
[[0.447, 12.462, 9.321, 0.739], [0.448, 12.974, 10.231, 0.774], [0, 1]]
[[0.438, 14.238, 9.286, 0.729], [0.407, 12.056, 12.111, 0.726], [1, 0]]
[[0.457, 14.278, 11.0, 0.743], [0.443, 12.6, 10.457, 0.733], [1, 0]]
[[0.449, 14.02, 9.216, 0.791], [0.447, 11.346, 8.596, 0.741], [1, 0]]
[[0.439, 12.896, 11.479, 0.77], [0.442, 11.348, 7.978, 0.771], [0, 1]]
[[0.46, 12.308, 10.538, 0.776], [0.433, 13.808, 8.5, 0.698], [1, 0]]
[[0.457, 12.193, 8.716, 0.745], [0.46, 12.33, 8.886, 0.746], [1, 0]]
[[0.435, 13.565, 9.696, 0.73], [0.447, 14.783, 10.174, 0.736], [0, 1]]
[[0.445, 11.689, 8.581, 0.767], [0.456, 14.733, 11.027, 0.778], [1, 0]]
[[0.468, 14.373, 10.22, 0.758], [0.447, 14.508, 9.966, 0.763], [1, 0]]
[[0.44, 11.419, 7.721, 0.766], [0.43, 12.023, 10.455, 0.719], [0, 1]]
[[0.451, 13.387, 9.773, 0.787], [0.467, 12.973, 10.662, 0.774], [0, 1]]
[[0.427, 13.44, 9.84, 0.733], [0.435, 14.571, 10.25, 0.732], [1, 0]]
[[0.438, 12.267, 8.367, 0.766], [0.451, 13.9, 11.367, 0.741], [0, 1]]
[[0.431, 13.429, 10.214, 0.693], [0.42, 12.833, 10.0, 0.778], [1, 0]]
[[0.455, 12.523, 10.614, 0.752], [0.46, 13.044, 10.178, 0.769], [0, 1]]
[[0.466, 14.214, 10.393, 0.771], [0.445, 15.083, 10.619, 0.736], [1, 0]]
[[0.434, 13.529, 10.176, 0.718], [0.427, 13.765, 9.765, 0.729], [0, 1]]
[[0.445, 12.531, 9.656, 0.747], [0.466, 14.435, 10.194, 0.771], [0, 1]]
[[0.454, 13.071, 9.847, 0.776], [0.434, 12.894, 9.612, 0.755], [1, 0]]
[[0.435, 13.188, 10.375, 0.717], [0.429, 14.0, 7.722, 0.68], [1, 0]]
[[0.442, 12.806, 11.778, 0.769], [0.452, 12.192, 8.904, 0.751], [0, 1]]
[[0.334, 9.75, 9.0, 0.581], [0.319, 10.0, 6.25, 0.512], [1, 0]]
[[0.366, 8.571, 10.857, 0.581], [0.372, 13.667, 8.5, 0.629], [1, 0]]
[[0.433, 13.192, 10.269, 0.714], [0.427, 13.0, 11.481, 0.716], [1, 0]]
[[0.448, 13.209, 10.116, 0.746], [0.457, 12.773, 9.841, 0.766], [0, 1]]
[[0.446, 12.364, 9.473, 0.735], [0.465, 13.109, 10.382, 0.772], [1, 0]]
[[0.434, 13.609, 11.783, 0.756], [0.437, 13.143, 10.762, 0.734], [0, 1]]
[[0.446, 12.707, 11.537, 0.765], [0.452, 12.573, 10.805, 0.799], [0, 1]]
[[0.438, 14.783, 10.087, 0.76], [0.429, 15.0, 11.0, 0.748], [1, 0]]
[[0.345, 12.2, 7.6, 0.531], [0.344, 11.4, 8.8, 0.557], [1, 0]]
[[0.464, 14.489, 10.444, 0.742], [0.441, 12.213, 10.0, 0.728], [1, 0]]
[[0.444, 12.434, 9.377, 0.733], [0.454, 15.094, 11.208, 0.777], [1, 0]]
[[0.45, 14.136, 11.045, 0.737], [0.44, 14.591, 10.136, 0.752], [1, 0]]
[[0.417, 11.375, 7.958, 0.749], [0.439, 13.72, 11.08, 0.72], [0, 1]]
[[0.46, 12.646, 10.092, 0.744], [0.445, 12.5, 9.632, 0.74], [1, 0]]
[[0.445, 12.314, 8.4, 0.752], [0.441, 15.543, 11.143, 0.748], [1, 0]]
[[0.447, 14.469, 9.906, 0.764], [0.445, 14.785, 10.6, 0.732], [0, 1]]
[[0.432, 11.379, 7.793, 0.761], [0.438, 12.448, 10.276, 0.727], [0, 1]]
[[0.444, 14.509, 10.825, 0.731], [0.448, 12.579, 9.491, 0.752], [0, 1]]
[[0.402, 11.5, 8.25, 0.734], [0.416, 12.75, 11.75, 0.714], [1, 0]]
[[0.334, 11.0, 7.5, 0.553], [0.324, 12.25, 8.0, 0.565], [1, 0]]
[[0.34, 9.833, 8.667, 0.617], [0.393, 10.5, 8.5, 0.647], [0, 1]]
[[0.392, 10.077, 10.615, 0.654], [0.41, 13.0, 8.692, 0.729], [1, 0]]
[[0.427, 10.281, 8.719, 0.733], [0.404, 13.906, 8.969, 0.715], [0, 1]]
[[0.424, 11.824, 11.0, 0.714], [0.431, 11.588, 8.618, 0.728], [0, 1]]
[[0.461, 12.78, 10.034, 0.749], [0.456, 13.78, 10.186, 0.741], [1, 0]]
[[0.443, 12.943, 10.075, 0.783], [0.443, 13.472, 10.189, 0.734], [0, 1]]
[[0.465, 14.347, 10.587, 0.758], [0.463, 14.987, 10.613, 0.757], [1, 0]]
[[0.441, 13.026, 10.026, 0.787], [0.459, 14.297, 10.919, 0.746], [0, 1]]
[[0.468, 12.385, 10.692, 0.768], [0.448, 12.43, 9.392, 0.739], [1, 0]]
[[0.439, 12.516, 10.323, 0.725], [0.442, 14.645, 10.355, 0.715], [0, 1]]
[[0.442, 12.781, 11.74, 0.77], [0.446, 12.903, 10.236, 0.775], [0, 1]]
[[0.438, 15.233, 11.167, 0.748], [0.448, 14.032, 10.903, 0.721], [0, 1]]
[[0.34, 10.75, 7.5, 0.636], [0.291, 8.667, 3.333, 0.533], [1, 0]]
[[0.44, 12.837, 11.469, 0.769], [0.439, 11.812, 8.896, 0.766], [1, 0]]
[[0.431, 12.6, 8.45, 0.745], [0.442, 14.25, 9.05, 0.727], [1, 0]]
[[0.467, 12.933, 10.707, 0.774], [0.453, 14.474, 10.776, 0.754], [1, 0]]
[[0.442, 11.714, 8.657, 0.766], [0.466, 14.3, 10.029, 0.765], [1, 0]]
[[0.447, 11.268, 7.929, 0.776], [0.45, 12.661, 9.911, 0.782], [0, 1]]
[[0.434, 12.106, 10.128, 0.718], [0.444, 14.717, 10.043, 0.759], [1, 0]]
[[0.451, 12.645, 10.226, 0.765], [0.446, 13.375, 9.75, 0.705], [0, 1]]
[[0.453, 12.639, 10.222, 0.763], [0.435, 14.324, 9.118, 0.726], [0, 1]]
[[0.446, 11.241, 7.879, 0.778], [0.468, 13.136, 10.39, 0.77], [0, 1]]
[[0.432, 13.053, 9.68, 0.749], [0.453, 13.427, 9.0, 0.774], [0, 1]]
[[0.455, 12.771, 9.604, 0.769], [0.443, 11.25, 7.938, 0.776], [0, 1]]
[[0.437, 11.559, 7.971, 0.76], [0.436, 14.514, 10.973, 0.746], [1, 0]]
[[0.441, 12.906, 9.781, 0.757], [0.435, 12.806, 11.484, 0.729], [1, 0]]
[[0.44, 12.967, 10.133, 0.72], [0.457, 14.419, 10.032, 0.751], [0, 1]]
[[0.294, 9.667, 7.333, 0.472], [0.293, 10.667, 9.0, 0.55], [0, 1]]
[[0.404, 13.862, 9.103, 0.712], [0.425, 13.481, 10.037, 0.739], [0, 1]]
[[0.456, 14.696, 11.038, 0.775], [0.461, 15.103, 10.885, 0.759], [0, 1]]
[[0.467, 14.527, 10.364, 0.753], [0.444, 13.411, 10.143, 0.732], [1, 0]]
[[0.468, 12.488, 10.713, 0.768], [0.449, 12.412, 9.4, 0.738], [1, 0]]
[[0.447, 12.519, 10.354, 0.741], [0.449, 11.775, 8.488, 0.771], [1, 0]]
[[0.463, 12.205, 10.133, 0.738], [0.451, 12.602, 10.795, 0.798], [0, 1]]
[[0.425, 11.818, 9.545, 0.723], [0.436, 13.864, 7.909, 0.69], [1, 0]]
[[0.417, 13.045, 9.068, 0.73], [0.44, 12.86, 11.093, 0.751], [0, 1]]
[[0.412, 10.941, 7.706, 0.729], [0.414, 11.812, 9.625, 0.707], [1, 0]]
[[0.445, 15.239, 9.328, 0.755], [0.449, 14.358, 10.642, 0.751], [1, 0]]
[[0.394, 11.727, 7.545, 0.723], [0.388, 9.5, 10.4, 0.654], [1, 0]]
[[0.439, 12.194, 8.355, 0.763], [0.429, 13.333, 9.6, 0.742], [0, 1]]
[[0.417, 13.071, 9.714, 0.754], [0.42, 13.0, 9.923, 0.701], [0, 1]]
[[0.43, 12.3, 9.0, 0.734], [0.4, 11.611, 7.944, 0.729], [1, 0]]
[[0.421, 11.933, 9.333, 0.715], [0.408, 10.938, 12.0, 0.723], [1, 0]]
[[0.414, 11.5, 11.286, 0.723], [0.438, 12.571, 9.214, 0.751], [0, 1]]
[[0.469, 14.431, 10.172, 0.758], [0.448, 12.603, 9.5, 0.751], [1, 0]]
[[0.449, 11.544, 9.018, 0.744], [0.453, 13.727, 10.4, 0.736], [0, 1]]
[[0.335, 10.0, 7.0, 0.634], [0.382, 12.8, 8.6, 0.591], [1, 0]]
[[0.444, 12.703, 9.578, 0.74], [0.448, 14.312, 10.625, 0.75], [1, 0]]
[[0.444, 14.022, 10.622, 0.742], [0.448, 12.907, 9.116, 0.75], [0, 1]]
[[0.447, 12.481, 9.325, 0.738], [0.453, 13.481, 9.039, 0.774], [1, 0]]
[[0.446, 14.113, 10.698, 0.75], [0.464, 14.12, 10.02, 0.766], [0, 1]]
[[0.449, 13.653, 10.486, 0.74], [0.444, 15.236, 9.375, 0.76], [1, 0]]
[[0.439, 15.619, 9.762, 0.739], [0.44, 14.55, 10.55, 0.724], [0, 1]]
[[0.384, 9.6, 7.6, 0.599], [0.363, 13.25, 6.5, 0.567], [1, 0]]
[[0.452, 13.153, 9.778, 0.769], [0.433, 13.137, 9.507, 0.75], [1, 0]]
[[0.44, 11.737, 9.921, 0.726], [0.44, 14.833, 10.639, 0.727], [0, 1]]
[[0.434, 11.475, 8.925, 0.746], [0.453, 13.878, 10.732, 0.736], [0, 1]]
[[0.46, 13.019, 10.481, 0.774], [0.423, 13.148, 9.463, 0.746], [0, 1]]
[[0.437, 13.895, 10.842, 0.734], [0.42, 15.053, 9.842, 0.706], [1, 0]]
[[0.449, 12.673, 10.061, 0.781], [0.445, 11.143, 8.633, 0.74], [1, 0]]
[[0.428, 11.19, 7.619, 0.753], [0.404, 11.4, 10.55, 0.715], [0, 1]]
[[0.437, 12.849, 11.925, 0.767], [0.453, 13.0, 10.2, 0.738], [0, 1]]
[[0.441, 12.632, 10.053, 0.764], [0.435, 12.308, 9.154, 0.739], [1, 0]]
[[0.437, 12.714, 10.0, 0.782], [0.439, 13.654, 9.962, 0.683], [1, 0]]
[[0.399, 11.25, 10.062, 0.679], [0.421, 14.059, 10.941, 0.73], [0, 1]]
[[0.389, 11.214, 10.929, 0.69], [0.429, 13.933, 7.067, 0.67], [0, 1]]
[[0.451, 12.688, 10.25, 0.767], [0.441, 14.781, 10.562, 0.714], [1, 0]]
[[0.467, 13.125, 10.375, 0.774], [0.442, 13.0, 10.768, 0.761], [1, 0]]
[[0.448, 11.373, 7.791, 0.776], [0.45, 12.294, 10.721, 0.802], [0, 1]]
[[0.431, 12.364, 8.773, 0.75], [0.44, 13.045, 9.636, 0.68], [0, 1]]
[[0.443, 13.349, 10.233, 0.726], [0.442, 13.707, 9.463, 0.757], [1, 0]]
[[0.411, 11.214, 7.357, 0.702], [0.391, 13.333, 7.867, 0.708], [0, 1]]
[[0.444, 12.667, 9.952, 0.772], [0.432, 11.643, 9.119, 0.753], [1, 0]]
[[0.421, 13.714, 11.286, 0.731], [0.419, 15.571, 10.071, 0.683], [1, 0]]
[[0.456, 12.826, 9.652, 0.77], [0.451, 12.587, 11.0, 0.799], [1, 0]]
[[0.453, 12.419, 10.581, 0.799], [0.464, 14.4, 10.133, 0.773], [0, 1]]
[[0.422, 13.02, 9.235, 0.744], [0.45, 15.245, 11.469, 0.774], [1, 0]]
[[0.419, 13.364, 10.727, 0.675], [0.416, 11.0, 10.545, 0.71], [1, 0]]
[[0.448, 11.582, 7.709, 0.775], [0.458, 12.525, 9.025, 0.747], [0, 1]]
[[0.459, 13.023, 10.227, 0.77], [0.451, 12.911, 9.244, 0.747], [1, 0]]
[[0.453, 13.316, 9.785, 0.776], [0.454, 14.418, 10.709, 0.751], [0, 1]]
[[0.423, 13.304, 9.589, 0.748], [0.451, 15.093, 11.333, 0.778], [1, 0]]
[[0.448, 14.065, 9.348, 0.792], [0.461, 13.191, 10.149, 0.773], [1, 0]]
[[0.436, 11.808, 8.077, 0.77], [0.421, 13.125, 9.708, 0.74], [1, 0]]
[[0.434, 11.4, 7.88, 0.764], [0.446, 14.125, 11.333, 0.736], [0, 1]]
[[0.45, 13.438, 10.281, 0.738], [0.433, 12.618, 10.471, 0.757], [1, 0]]
[[0.438, 13.889, 11.056, 0.73], [0.433, 13.118, 9.941, 0.739], [1, 0]]
[[0.452, 13.349, 9.747, 0.792], [0.445, 15.036, 10.59, 0.735], [1, 0]]
[[0.435, 12.429, 8.619, 0.751], [0.425, 13.455, 8.955, 0.749], [0, 1]]
[[0.445, 12.562, 9.8, 0.754], [0.447, 14.137, 10.05, 0.768], [1, 0]]
[[0.436, 14.167, 8.667, 0.71], [0.441, 15.387, 11.161, 0.747], [0, 1]]
[[0.448, 12.848, 10.109, 0.782], [0.454, 14.26, 10.42, 0.739], [1, 0]]
[[0.436, 13.467, 10.133, 0.708], [0.395, 11.625, 7.812, 0.723], [1, 0]]
[[0.46, 14.878, 10.902, 0.76], [0.459, 12.488, 9.037, 0.749], [0, 1]]
[[0.238, 5.5, 7.0, 0.414], [0.225, 5.0, 5.5, 0.416], [1, 0]]
[[0.453, 12.328, 8.734, 0.747], [0.45, 13.667, 9.127, 0.77], [1, 0]]
[[0.385, 11.75, 11.0, 0.704], [0.39, 13.765, 8.0, 0.707], [1, 0]]
[[0.454, 15.0, 11.271, 0.78], [0.444, 13.051, 10.542, 0.761], [0, 1]]
[[0.427, 13.5, 11.611, 0.757], [0.437, 12.95, 9.6, 0.688], [0, 1]]
[[0.413, 15.4, 9.2, 0.73], [0.408, 14.909, 9.909, 0.729], [1, 0]]
[[0.449, 14.17, 9.362, 0.792], [0.444, 13.447, 9.426, 0.765], [1, 0]]
[[0.277, 6.333, 10.0, 0.431], [0.307, 8.333, 5.667, 0.535], [0, 1]]
[[0.444, 11.288, 8.019, 0.773], [0.459, 12.673, 10.692, 0.754], [0, 1]]
[[0.448, 12.816, 10.105, 0.77], [0.463, 15.026, 10.645, 0.758], [1, 0]]
[[0.442, 12.559, 10.294, 0.732], [0.435, 14.242, 9.121, 0.721], [0, 1]]
[[0.465, 14.558, 10.349, 0.747], [0.442, 13.489, 10.267, 0.731], [1, 0]]
[[0.458, 14.821, 10.791, 0.756], [0.445, 13.076, 10.348, 0.768], [1, 0]]
[[0.433, 13.209, 9.403, 0.744], [0.446, 14.851, 10.597, 0.731], [0, 1]]
[[0.443, 12.367, 9.449, 0.734], [0.462, 14.042, 10.0, 0.766], [0, 1]]
[[0.443, 12.753, 11.636, 0.771], [0.447, 12.662, 10.494, 0.738], [1, 0]]
[[0.339, 7.6, 11.0, 0.558], [0.354, 10.0, 4.5, 0.53], [1, 0]]
[[0.449, 13.065, 9.903, 0.765], [0.464, 13.111, 10.698, 0.764], [1, 0]]
[[0.451, 13.213, 10.128, 0.741], [0.441, 13.49, 10.184, 0.727], [1, 0]]
[[0.414, 13.133, 9.933, 0.763], [0.42, 12.643, 8.143, 0.727], [0, 1]]
[[0.433, 12.25, 10.0, 0.757], [0.43, 13.062, 10.062, 0.709], [1, 0]]
[[0.391, 11.273, 9.545, 0.69], [0.401, 12.3, 8.8, 0.729], [1, 0]]
[[0.432, 11.659, 9.098, 0.751], [0.435, 14.474, 9.105, 0.739], [0, 1]]
[[0.452, 13.348, 10.413, 0.727], [0.436, 14.911, 9.333, 0.74], [0, 1]]
[[0.454, 14.353, 11.176, 0.739], [0.454, 12.375, 10.812, 0.78], [1, 0]]
[[0.435, 12.609, 9.826, 0.775], [0.419, 12.571, 11.667, 0.715], [1, 0]]
[[0.462, 12.493, 10.134, 0.743], [0.449, 11.544, 9.382, 0.736], [1, 0]]
[[0.453, 12.852, 9.574, 0.763], [0.45, 11.527, 8.927, 0.744], [1, 0]]
[[0.441, 15.104, 9.229, 0.741], [0.447, 13.408, 9.367, 0.769], [1, 0]]
[[0.208, 6.5, 4.0, 0.387], [0.238, 5.5, 7.0, 0.414], [0, 1]]
[[0.413, 11.222, 7.778, 0.735], [0.418, 15.235, 9.353, 0.697], [1, 0]]
[[0.431, 13.682, 11.864, 0.752], [0.408, 11.182, 10.955, 0.715], [1, 0]]
[[0.461, 12.721, 11.016, 0.755], [0.446, 13.082, 10.361, 0.763], [1, 0]]
[[0.438, 13.609, 10.913, 0.724], [0.433, 14.88, 10.12, 0.725], [1, 0]]
[[0.443, 13.579, 9.5, 0.788], [0.438, 15.314, 10.171, 0.759], [1, 0]]
[[0.461, 12.297, 10.068, 0.741], [0.452, 13.176, 9.811, 0.771], [0, 1]]
[[0.446, 12.061, 8.898, 0.746], [0.444, 14.176, 10.686, 0.749], [1, 0]]
[[0.431, 13.647, 11.0, 0.725], [0.443, 14.5, 9.167, 0.758], [1, 0]]
[[0.447, 13.57, 10.744, 0.743], [0.462, 14.791, 10.86, 0.76], [1, 0]]
[[0.419, 12.769, 8.923, 0.651], [0.415, 13.0, 9.333, 0.693], [1, 0]]
[[0.443, 14.537, 10.093, 0.765], [0.464, 14.151, 10.132, 0.768], [0, 1]]
[[0.468, 12.581, 10.743, 0.765], [0.445, 12.622, 9.351, 0.738], [0, 1]]
[[0.451, 12.25, 9.8, 0.77], [0.433, 14.318, 9.727, 0.722], [1, 0]]
[[0.461, 14.884, 10.725, 0.756], [0.449, 14.493, 10.696, 0.748], [1, 0]]
[[0.438, 12.878, 11.366, 0.764], [0.44, 12.976, 11.171, 0.747], [1, 0]]
[[0.463, 12.244, 10.167, 0.737], [0.444, 12.557, 9.81, 0.753], [1, 0]]
[[0.458, 14.37, 9.926, 0.744], [0.44, 12.655, 9.31, 0.749], [1, 0]]
[[0.452, 12.397, 10.651, 0.8], [0.465, 14.443, 10.148, 0.773], [1, 0]]
[[0.433, 11.312, 7.938, 0.759], [0.436, 12.471, 9.176, 0.732], [0, 1]]
[[0.451, 14.054, 10.703, 0.736], [0.46, 14.618, 10.029, 0.754], [1, 0]]
[[0.386, 8.889, 10.222, 0.63], [0.397, 13.25, 10.875, 0.649], [0, 1]]
[[0.465, 12.75, 10.838, 0.756], [0.449, 14.382, 10.721, 0.749], [1, 0]]
[[0.443, 13.525, 10.305, 0.735], [0.445, 14.117, 10.733, 0.748], [1, 0]]
[[0.399, 10.286, 9.143, 0.661], [0.384, 11.111, 10.111, 0.666], [0, 1]]
[[0.442, 11.648, 8.606, 0.765], [0.446, 14.887, 10.662, 0.729], [1, 0]]
[[0.445, 12.591, 9.667, 0.744], [0.446, 13.015, 10.338, 0.767], [1, 0]]
[[0.45, 13.083, 10.139, 0.74], [0.438, 15.417, 10.167, 0.763], [1, 0]]
[[0.444, 13.158, 10.026, 0.714], [0.451, 13.921, 10.658, 0.735], [0, 1]]
[[0.453, 12.317, 8.683, 0.748], [0.446, 14.475, 9.951, 0.765], [1, 0]]
[[0.465, 13.094, 10.75, 0.767], [0.45, 12.677, 9.369, 0.751], [1, 0]]
[[0.353, 10.125, 9.5, 0.683], [0.408, 11.2, 10.8, 0.688], [0, 1]]
[[0.437, 12.907, 11.815, 0.767], [0.445, 13.945, 10.945, 0.751], [0, 1]]
[[0.439, 12.952, 9.571, 0.689], [0.434, 14.778, 10.611, 0.725], [1, 0]]
[[0.438, 12.862, 9.448, 0.764], [0.447, 14.233, 10.8, 0.721], [1, 0]]
[[0.429, 12.333, 9.056, 0.721], [0.435, 14.5, 10.562, 0.725], [1, 0]]
[[0.455, 12.226, 8.869, 0.745], [0.46, 12.405, 9.024, 0.748], [1, 0]]
[[0.438, 11.935, 8.726, 0.767], [0.458, 15.081, 11.113, 0.78], [0, 1]]
[[0.213, 9.5, 6.0, 0.361], [0.25, 10.5, 7.0, 0.389], [0, 1]]
[[0.424, 10.407, 8.778, 0.723], [0.43, 13.8, 8.28, 0.695], [0, 1]]
[[0.442, 11.087, 8.652, 0.742], [0.463, 14.045, 10.045, 0.769], [1, 0]]
[[0.323, 10.0, 5.0, 0.587], [0.326, 11.75, 6.75, 0.596], [1, 0]]
[[0.448, 11.531, 7.802, 0.772], [0.459, 14.573, 10.963, 0.776], [0, 1]]
[[0.437, 11.6, 9.943, 0.721], [0.432, 11.455, 8.758, 0.736], [0, 1]]
[[0.451, 12.784, 9.961, 0.777], [0.445, 14.074, 10.778, 0.75], [1, 0]]
[[0.465, 14.347, 10.25, 0.764], [0.445, 14.903, 10.667, 0.73], [1, 0]]
[[0.449, 11.407, 8.889, 0.743], [0.444, 14.071, 10.875, 0.752], [1, 0]]
[[0.461, 12.632, 11.0, 0.752], [0.466, 13.086, 10.414, 0.771], [0, 1]]
[[0.438, 12.741, 8.963, 0.757], [0.434, 15.296, 11.185, 0.756], [1, 0]]
[[0.431, 12.423, 9.192, 0.741], [0.431, 15.04, 11.08, 0.745], [1, 0]]
[[0.44, 12.731, 8.885, 0.756], [0.425, 12.462, 10.269, 0.738], [1, 0]]
[[0.26, 6.0, 2.5, 0.5], [0.24, 6.5, 10.5, 0.443], [0, 1]]
[[0.458, 13.806, 10.014, 0.744], [0.453, 13.444, 9.097, 0.773], [1, 0]]
[[0.423, 11.28, 7.96, 0.752], [0.425, 12.5, 10.577, 0.725], [1, 0]]
[[0.469, 12.481, 10.63, 0.77], [0.447, 13.605, 10.716, 0.742], [0, 1]]
[[0.426, 11.577, 8.038, 0.755], [0.423, 10.429, 8.679, 0.726], [0, 1]]
[[0.44, 12.087, 9.935, 0.727], [0.448, 13.093, 10.488, 0.72], [1, 0]]
[[0.437, 12.892, 11.27, 0.761], [0.445, 12.806, 10.111, 0.71], [1, 0]]
[[0.43, 12.8, 9.45, 0.77], [0.435, 13.167, 9.833, 0.717], [0, 1]]
[[0.44, 12.383, 9.34, 0.735], [0.441, 13.383, 10.191, 0.728], [0, 1]]
[[0.455, 12.16, 8.84, 0.745], [0.448, 12.58, 10.123, 0.777], [0, 1]]
[[0.442, 13.045, 10.773, 0.732], [0.406, 11.458, 11.333, 0.721], [1, 0]]
[[0.432, 14.412, 10.118, 0.733], [0.424, 15.312, 9.562, 0.699], [0, 1]]
[[0.445, 12.608, 9.77, 0.748], [0.447, 11.581, 9.5, 0.735], [1, 0]]
[[0.407, 11.222, 9.889, 0.687], [0.421, 13.562, 9.75, 0.723], [0, 1]]
[[0.443, 13.343, 9.8, 0.709], [0.444, 12.919, 9.054, 0.751], [1, 0]]
[[0.446, 14.604, 9.812, 0.763], [0.462, 13.146, 10.208, 0.774], [0, 1]]
[[0.439, 12.844, 11.356, 0.766], [0.464, 14.116, 9.977, 0.769], [0, 1]]
[[0.448, 14.18, 9.26, 0.794], [0.445, 14.725, 10.0, 0.763], [1, 0]]
[[0.317, 8.667, 11.0, 0.512], [0.31, 12.667, 6.667, 0.55], [1, 0]]
[[0.343, 10.5, 7.5, 0.576], [0.341, 7.667, 5.333, 0.51], [0, 1]]
[[0.44, 12.404, 9.981, 0.72], [0.439, 15.176, 9.137, 0.743], [1, 0]]
[[0.391, 12.875, 9.0, 0.678], [0.393, 14.286, 8.143, 0.658], [1, 0]]
[[0.404, 13.542, 8.375, 0.716], [0.433, 13.826, 8.087, 0.695], [1, 0]]
[[0.42, 13.043, 9.298, 0.735], [0.452, 14.062, 10.625, 0.739], [0, 1]]
[[0.425, 11.552, 9.862, 0.713], [0.437, 15.0, 10.308, 0.738], [1, 0]]
[[0.45, 12.825, 9.842, 0.781], [0.44, 15.316, 9.158, 0.746], [1, 0]]
[[0.454, 12.279, 8.765, 0.75], [0.451, 12.529, 9.206, 0.753], [1, 0]]
[[0.443, 13.026, 9.974, 0.784], [0.441, 14.325, 10.75, 0.746], [1, 0]]
[[0.448, 11.63, 9.466, 0.734], [0.447, 12.959, 10.37, 0.771], [0, 1]]
[[0.447, 14.286, 10.81, 0.735], [0.426, 14.762, 10.905, 0.742], [1, 0]]
[[0.454, 13.531, 9.111, 0.775], [0.461, 14.877, 10.926, 0.76], [0, 1]]
[[0.448, 11.606, 9.352, 0.737], [0.457, 14.817, 10.944, 0.778], [1, 0]]
[[0.467, 14.373, 10.353, 0.748], [0.45, 12.745, 9.51, 0.753], [1, 0]]
[[0.451, 12.344, 8.721, 0.748], [0.445, 13.525, 10.328, 0.734], [0, 1]]
[[0.459, 13.73, 10.0, 0.745], [0.448, 12.973, 10.36, 0.771], [0, 1]]
[[0.319, 10.5, 7.0, 0.595], [0.341, 10.25, 6.5, 0.579], [0, 1]]
[[0.447, 14.418, 9.955, 0.764], [0.446, 13.574, 10.426, 0.74], [0, 1]]
[[0.448, 12.899, 9.708, 0.8], [0.25, 5.5, 1.5, 0.312], [1, 0]]
[[0.444, 14.974, 10.727, 0.735], [0.449, 12.987, 10.286, 0.771], [0, 1]]
[[0.422, 11.2, 7.75, 0.752], [0.434, 12.842, 10.105, 0.717], [1, 0]]
[[0.449, 14.082, 9.863, 0.769], [0.466, 14.342, 10.192, 0.764], [0, 1]]
[[0.467, 12.38, 10.709, 0.768], [0.461, 15.114, 10.886, 0.758], [0, 1]]
[[0.464, 14.632, 9.553, 0.762], [0.441, 13.0, 11.1, 0.747], [1, 0]]
[[0.452, 12.603, 10.91, 0.795], [0.443, 15.269, 9.564, 0.76], [1, 0]]
[[0.446, 14.146, 10.049, 0.771], [0.449, 12.89, 9.585, 0.799], [0, 1]]
[[0.449, 12.87, 10.143, 0.771], [0.456, 14.692, 11.013, 0.776], [1, 0]]
[[0.443, 11.362, 7.979, 0.772], [0.443, 13.438, 10.125, 0.728], [0, 1]]
[[0.441, 12.157, 9.863, 0.729], [0.462, 13.102, 10.184, 0.773], [0, 1]]
[[0.404, 14.0, 11.727, 0.709], [0.379, 11.7, 8.3, 0.717], [1, 0]]
[[0.408, 10.8, 7.533, 0.727], [0.427, 12.929, 9.571, 0.701], [0, 1]]
[[0.436, 13.032, 11.161, 0.758], [0.429, 12.531, 10.5, 0.746], [0, 1]]
[[0.438, 13.24, 9.92, 0.722], [0.425, 13.077, 11.5, 0.717], [1, 0]]
[[0.426, 12.448, 10.345, 0.74], [0.406, 13.806, 8.935, 0.713], [1, 0]]
[[0.451, 12.578, 11.022, 0.798], [0.445, 15.311, 11.422, 0.769], [0, 1]]
[[0.448, 11.472, 7.625, 0.77], [0.454, 12.486, 9.122, 0.748], [1, 0]]
[[0.448, 12.7, 10.1, 0.775], [0.468, 12.949, 10.696, 0.775], [1, 0]]
[[0.406, 15.444, 9.333, 0.664], [0.408, 11.0, 10.444, 0.69], [1, 0]]
[[0.446, 12.671, 9.384, 0.737], [0.46, 14.918, 10.767, 0.757], [0, 1]]
[[0.423, 13.692, 10.308, 0.689], [0.395, 10.643, 9.929, 0.706], [1, 0]]
[[0.447, 13.127, 10.317, 0.765], [0.449, 12.619, 9.381, 0.754], [0, 1]]
[[0.39, 12.429, 10.286, 0.677], [0.379, 12.333, 5.167, 0.595], [1, 0]]
[[0.422, 11.781, 10.906, 0.713], [0.433, 12.545, 9.303, 0.729], [0, 1]]
[[0.456, 12.186, 8.802, 0.744], [0.461, 12.372, 8.942, 0.746], [0, 1]]
[[0.436, 12.5, 9.591, 0.771], [0.404, 11.238, 10.619, 0.716], [1, 0]]
[[0.448, 13.077, 10.462, 0.724], [0.433, 14.548, 10.71, 0.735], [1, 0]]
[[0.34, 9.25, 11.0, 0.564], [0.338, 12.5, 7.75, 0.579], [1, 0]]
[[0.413, 13.444, 8.972, 0.719], [0.442, 13.471, 9.853, 0.705], [1, 0]]
[[0.46, 12.724, 10.138, 0.747], [0.444, 13.033, 10.433, 0.76], [0, 1]]
[[0.446, 12.036, 7.929, 0.772], [0.427, 11.37, 8.0, 0.759], [1, 0]]
[[0.45, 13.526, 9.105, 0.766], [0.447, 14.172, 10.724, 0.753], [1, 0]]
[[0.448, 12.921, 9.921, 0.759], [0.433, 11.487, 9.026, 0.745], [1, 0]]
[[0.384, 13.5, 10.0, 0.619], [0.379, 12.714, 8.857, 0.55], [0, 1]]
[[0.442, 12.983, 11.847, 0.766], [0.459, 12.825, 10.14, 0.749], [0, 1]]
[[0.45, 12.67, 10.659, 0.796], [0.455, 13.659, 9.636, 0.75], [1, 0]]
[[0.438, 11.486, 7.865, 0.769], [0.441, 15.5, 11.579, 0.755], [0, 1]]
[[0.431, 11.636, 10.0, 0.715], [0.431, 14.412, 10.853, 0.745], [1, 0]]
[[0.451, 13.774, 10.547, 0.729], [0.446, 14.123, 10.789, 0.754], [0, 1]]
[[0.45, 13.033, 10.2, 0.735], [0.451, 14.182, 11.242, 0.736], [1, 0]]
[[0.287, 8.333, 6.667, 0.462], [0.31, 11.667, 8.0, 0.489], [1, 0]]
[[0.453, 13.5, 9.162, 0.774], [0.454, 14.525, 10.7, 0.751], [0, 1]]
[[0.436, 15.35, 9.6, 0.739], [0.427, 13.789, 9.737, 0.733], [0, 1]]
[[0.212, 4.0, 5.0, 0.375], [0.445, 15.0, 10.622, 0.735], [0, 1]]
[[0.432, 12.692, 9.962, 0.778], [0.441, 14.8, 9.8, 0.776], [0, 1]]
[[0.446, 13.6, 10.765, 0.745], [0.462, 14.812, 10.859, 0.759], [0, 1]]
[[0.447, 12.603, 10.436, 0.739], [0.468, 12.455, 10.701, 0.766], [0, 1]]
[[0.447, 14.275, 9.855, 0.768], [0.447, 12.814, 9.729, 0.791], [0, 1]]
[[0.448, 12.61, 10.159, 0.776], [0.453, 13.085, 9.866, 0.773], [1, 0]]
[[0.439, 13.023, 11.442, 0.76], [0.438, 14.786, 10.69, 0.734], [0, 1]]
[[0.451, 12.433, 8.733, 0.746], [0.466, 14.379, 9.983, 0.77], [1, 0]]
[[0.394, 11.667, 7.222, 0.715], [0.397, 12.0, 5.857, 0.596], [1, 0]]
[[0.428, 11.929, 10.548, 0.721], [0.448, 12.949, 10.333, 0.719], [0, 1]]
[[0.429, 11.407, 8.185, 0.723], [0.45, 14.72, 10.24, 0.743], [0, 1]]
[[0.409, 13.375, 8.875, 0.649], [0.38, 11.571, 6.286, 0.625], [0, 1]]
[[0.447, 14.179, 10.038, 0.769], [0.443, 15.026, 10.692, 0.734], [1, 0]]
[[0.434, 14.513, 9.256, 0.733], [0.464, 14.35, 9.775, 0.759], [0, 1]]
[[0.466, 12.71, 10.841, 0.757], [0.453, 12.514, 9.086, 0.751], [1, 0]]
[[0.427, 13.5, 9.923, 0.737], [0.448, 14.0, 10.778, 0.718], [0, 1]]
[[0.431, 12.655, 9.276, 0.736], [0.448, 14.0, 10.857, 0.719], [0, 1]]
[[0.406, 11.583, 8.0, 0.71], [0.372, 10.7, 9.6, 0.705], [1, 0]]
[[0.443, 12.906, 10.062, 0.715], [0.454, 12.5, 10.353, 0.766], [0, 1]]
[[0.451, 13.438, 9.726, 0.786], [0.467, 12.63, 10.753, 0.764], [0, 1]]
[[0.191, 5.5, 7.5, 0.393], [0.242, 5.0, 8.0, 0.312], [1, 0]]
[[0.462, 12.247, 10.234, 0.737], [0.45, 13.308, 9.859, 0.79], [1, 0]]
[[0.442, 12.848, 11.682, 0.773], [0.458, 13.875, 10.141, 0.74], [0, 1]]
[[0.447, 13.29, 10.194, 0.738], [0.431, 10.676, 8.618, 0.732], [0, 1]]
[[0.447, 11.759, 9.595, 0.731], [0.452, 12.562, 10.85, 0.798], [0, 1]]
[[0.451, 13.545, 9.561, 0.791], [0.459, 13.969, 10.062, 0.742], [0, 1]]
[[0.417, 15.5, 8.5, 0.729], [0.39, 13.857, 10.714, 0.632], [1, 0]]
[[0.447, 13.829, 9.512, 0.793], [0.434, 12.419, 9.419, 0.732], [1, 0]]
[[0.438, 15.32, 10.2, 0.736], [0.433, 14.586, 10.552, 0.732], [1, 0]]
[[0.448, 14.087, 11.304, 0.737], [0.43, 13.125, 8.917, 0.755], [1, 0]]
[[0.426, 11.077, 9.923, 0.72], [0.413, 12.692, 9.077, 0.728], [1, 0]]
[[0.447, 13.231, 10.359, 0.744], [0.443, 12.929, 9.952, 0.772], [0, 1]]
[[0.428, 11.861, 10.806, 0.715], [0.435, 10.757, 8.459, 0.739], [0, 1]]
[[0.441, 12.056, 9.944, 0.762], [0.429, 14.0, 7.947, 0.68], [1, 0]]
[[0.462, 12.241, 10.139, 0.735], [0.449, 12.975, 9.62, 0.797], [1, 0]]
[[0.387, 12.857, 8.0, 0.646], [0.397, 16.0, 8.286, 0.617], [0, 1]]
[[0.448, 11.581, 7.73, 0.771], [0.449, 13.689, 10.514, 0.74], [0, 1]]
[[0.419, 10.167, 9.167, 0.722], [0.42, 12.636, 11.545, 0.715], [1, 0]]
[[0.184, 9.0, 6.5, 0.375], [0.239, 7.0, 5.5, 0.368], [0, 1]]
[[0.444, 12.552, 9.642, 0.742], [0.441, 11.924, 8.742, 0.767], [0, 1]]
[[0.326, 8.667, 4.667, 0.583], [0.203, 3.5, 7.5, 0.348], [0, 1]]
[[0.403, 11.235, 9.882, 0.686], [0.428, 14.533, 10.867, 0.72], [0, 1]]
[[0.39, 12.167, 7.833, 0.698], [0.366, 13.667, 9.167, 0.648], [0, 1]]
[[0.447, 13.016, 10.281, 0.78], [0.444, 15.231, 9.4, 0.754], [1, 0]]
[[0.425, 12.5, 10.65, 0.722], [0.429, 12.9, 9.1, 0.738], [1, 0]]
[[0.448, 13.302, 9.264, 0.764], [0.443, 12.925, 10.698, 0.762], [0, 1]]
[[0.434, 12.5, 9.25, 0.735], [0.444, 13.367, 9.767, 0.697], [0, 1]]
[[0.449, 11.468, 7.662, 0.775], [0.459, 13.577, 9.962, 0.747], [1, 0]]
[[0.449, 12.769, 10.154, 0.772], [0.469, 12.961, 10.675, 0.774], [0, 1]]
[[0.461, 12.31, 10.014, 0.741], [0.467, 12.625, 10.75, 0.762], [0, 1]]
[[0.453, 13.667, 9.417, 0.793], [0.442, 12.567, 10.2, 0.719], [0, 1]]
[[0.447, 11.391, 7.71, 0.771], [0.445, 15.29, 9.377, 0.757], [0, 1]]
[[0.451, 13.607, 9.459, 0.793], [0.458, 14.839, 10.71, 0.75], [1, 0]]
[[0.441, 15.542, 9.875, 0.741], [0.442, 13.923, 10.885, 0.722], [0, 1]]
[[0.452, 13.263, 9.855, 0.775], [0.448, 13.684, 10.553, 0.738], [1, 0]]
[[0.418, 10.038, 8.923, 0.719], [0.447, 12.583, 10.375, 0.758], [1, 0]]
[[0.443, 12.423, 9.385, 0.732], [0.463, 14.078, 9.961, 0.768], [0, 1]]
[[0.448, 11.382, 7.75, 0.775], [0.467, 14.279, 9.985, 0.766], [1, 0]]
[[0.452, 12.456, 10.842, 0.797], [0.442, 13.07, 10.702, 0.762], [0, 1]]
[[0.446, 12.062, 8.875, 0.742], [0.455, 12.556, 10.533, 0.752], [0, 1]]
[[0.411, 13.182, 6.818, 0.649], [0.413, 12.727, 9.091, 0.697], [0, 1]]
[[0.46, 14.35, 10.425, 0.749], [0.427, 12.024, 10.707, 0.72], [1, 0]]
[[0.435, 10.571, 8.457, 0.733], [0.44, 12.871, 10.161, 0.717], [0, 1]]
[[0.4, 12.0, 9.625, 0.659], [0.417, 15.778, 8.333, 0.726], [1, 0]]
[[0.242, 5.0, 8.0, 0.312], [0.208, 6.5, 4.0, 0.387], [1, 0]]
[[0.461, 12.758, 10.048, 0.745], [0.444, 12.484, 10.297, 0.725], [0, 1]]
[[0.3, 8.333, 6.333, 0.567], [0.298, 9.333, 7.0, 0.489], [1, 0]]
[[0.331, 9.75, 8.25, 0.561], [0.289, 11.0, 6.667, 0.534], [1, 0]]
[[0.253, 7.5, 5.5, 0.409], [0.256, 7.0, 5.0, 0.352], [0, 1]]
[[0.455, 12.188, 8.838, 0.745], [0.468, 12.938, 10.675, 0.778], [1, 0]]
[[0.461, 12.721, 10.082, 0.747], [0.445, 14.677, 10.677, 0.733], [1, 0]]
[[0.374, 10.2, 8.6, 0.577], [0.333, 15.0, 6.0, 0.549], [0, 1]]
[[0.448, 12.985, 10.262, 0.779], [0.467, 14.333, 10.091, 0.767], [0, 1]]
[[0.442, 12.481, 9.944, 0.717], [0.45, 13.654, 10.673, 0.727], [1, 0]]
[[0.4, 11.7, 7.5, 0.722], [0.391, 11.125, 6.125, 0.633], [0, 1]]
[[0.449, 13.627, 10.608, 0.727], [0.454, 15.077, 11.25, 0.776], [1, 0]]
[[0.254, 6.333, 9.333, 0.54], [0.265, 9.0, 7.0, 0.467], [0, 1]]
[[0.466, 14.304, 10.646, 0.76], [0.468, 12.962, 10.782, 0.775], [1, 0]]
[[0.435, 14.818, 9.205, 0.739], [0.45, 12.771, 9.271, 0.752], [1, 0]]
[[0.452, 13.551, 9.13, 0.773], [0.459, 15.014, 10.986, 0.779], [1, 0]]
[[0.434, 13.773, 9.591, 0.728], [0.431, 15.28, 10.2, 0.702], [0, 1]]
[[0.453, 13.644, 9.356, 0.791], [0.427, 13.2, 9.4, 0.744], [1, 0]]
[[0.425, 10.379, 8.724, 0.724], [0.455, 14.346, 9.962, 0.746], [0, 1]]
[[0.463, 14.5, 10.676, 0.76], [0.444, 15.279, 9.382, 0.756], [1, 0]]
[[0.451, 13.283, 10.174, 0.74], [0.445, 14.617, 9.915, 0.762], [1, 0]]
[[0.453, 12.906, 9.623, 0.764], [0.44, 15.132, 9.113, 0.744], [1, 0]]
[[0.46, 12.348, 10.304, 0.773], [0.445, 12.826, 10.348, 0.755], [1, 0]]
[[0.43, 11.043, 7.913, 0.762], [0.435, 14.375, 9.958, 0.721], [1, 0]]
[[0.439, 11.975, 10.175, 0.721], [0.443, 14.214, 10.81, 0.747], [0, 1]]
[[0.45, 13.136, 9.803, 0.768], [0.463, 14.403, 10.642, 0.761], [1, 0]]
[[0.445, 12.886, 10.2, 0.778], [0.448, 12.38, 10.282, 0.732], [1, 0]]
[[0.445, 12.544, 9.474, 0.739], [0.452, 15.053, 11.263, 0.779], [1, 0]]
[[0.465, 14.321, 10.679, 0.76], [0.466, 14.308, 10.295, 0.764], [1, 0]]
[[0.432, 12.842, 8.842, 0.735], [0.434, 15.0, 10.588, 0.73], [0, 1]]
[[0.406, 11.455, 10.045, 0.689], [0.418, 10.217, 9.174, 0.724], [1, 0]]
[[0.438, 12.759, 10.172, 0.784], [0.429, 12.593, 10.37, 0.731], [0, 1]]
[[0.449, 13.081, 9.946, 0.757], [0.448, 12.324, 10.216, 0.74], [1, 0]]
[[0.452, 12.306, 8.742, 0.749], [0.465, 13.097, 10.613, 0.765], [0, 1]]
[[0.407, 11.154, 7.154, 0.715], [0.392, 13.545, 7.909, 0.715], [0, 1]]
[[0.235, 8.0, 4.0, 0.361], [0.225, 6.5, 5.5, 0.352], [1, 0]]
[[0.44, 14.696, 10.609, 0.733], [0.449, 12.681, 9.234, 0.755], [0, 1]]
[[0.439, 13.0, 10.65, 0.728], [0.458, 12.318, 10.045, 0.775], [1, 0]]
[[0.457, 13.0, 10.241, 0.745], [0.459, 12.564, 10.982, 0.75], [1, 0]]
[[0.45, 12.724, 9.931, 0.785], [0.443, 12.966, 10.586, 0.764], [0, 1]]
[[0.441, 11.911, 8.554, 0.766], [0.44, 15.196, 9.107, 0.747], [0, 1]]
[[0.357, 11.0, 9.0, 0.558], [0.337, 11.8, 8.2, 0.6], [1, 0]]
[[0.448, 13.375, 10.583, 0.73], [0.404, 13.889, 8.778, 0.713], [1, 0]]
[[0.441, 15.591, 9.773, 0.742], [0.424, 12.043, 10.261, 0.725], [1, 0]]
[[0.459, 13.882, 9.956, 0.746], [0.452, 12.565, 9.159, 0.752], [1, 0]]
[[0.453, 13.225, 9.863, 0.774], [0.448, 11.55, 7.688, 0.773], [1, 0]]
[[0.355, 12.0, 9.2, 0.579], [0.379, 10.667, 7.333, 0.613], [0, 1]]
[[0.389, 11.077, 10.154, 0.691], [0.428, 13.692, 10.462, 0.716], [1, 0]]
[[0.447, 13.586, 10.4, 0.74], [0.451, 13.529, 9.129, 0.774], [1, 0]]
[[0.43, 15.0, 10.958, 0.749], [0.435, 14.577, 10.077, 0.726], [1, 0]]
[[0.44, 15.5, 10.132, 0.758], [0.435, 14.872, 10.718, 0.734], [0, 1]]
[[0.418, 13.065, 9.37, 0.733], [0.443, 13.628, 9.326, 0.758], [1, 0]]
[[0.446, 12.973, 10.189, 0.713], [0.463, 14.459, 9.622, 0.765], [0, 1]]
[[0.448, 12.924, 10.197, 0.777], [0.458, 14.971, 11.029, 0.78], [1, 0]]
[[0.454, 12.568, 10.27, 0.765], [0.463, 14.417, 9.75, 0.761], [0, 1]]
[[0.44, 13.261, 9.522, 0.683], [0.427, 15.348, 10.087, 0.695], [1, 0]]
[[0.448, 14.058, 9.423, 0.79], [0.442, 13.407, 10.241, 0.732], [1, 0]]
[[0.455, 14.314, 10.971, 0.743], [0.437, 11.514, 8.057, 0.763], [1, 0]]
[[0.423, 12.667, 10.417, 0.722], [0.444, 14.545, 10.318, 0.733], [0, 1]]
[[0.442, 11.809, 8.779, 0.767], [0.444, 13.088, 10.397, 0.77], [0, 1]]
[[0.447, 14.404, 10.0, 0.769], [0.454, 13.786, 10.375, 0.738], [0, 1]]
[[0.445, 12.162, 8.486, 0.755], [0.439, 12.611, 10.25, 0.76], [0, 1]]
[[0.44, 12.787, 11.34, 0.769], [0.448, 14.133, 9.422, 0.793], [1, 0]]
[[0.439, 15.129, 10.226, 0.75], [0.43, 11.406, 8.75, 0.734], [1, 0]]
[[0.234, 9.0, 5.0, 0.334], [0.256, 6.5, 5.0, 0.365], [1, 0]]
[[0.427, 12.05, 10.825, 0.719], [0.444, 12.854, 9.171, 0.749], [0, 1]]
[[0.446, 11.175, 7.877, 0.78], [0.449, 11.603, 9.017, 0.747], [0, 1]]
[[0.447, 11.89, 9.646, 0.732], [0.466, 14.293, 10.366, 0.769], [0, 1]]
[[0.464, 12.19, 10.131, 0.735], [0.452, 13.345, 9.774, 0.793], [1, 0]]
[[0.434, 12.857, 11.4, 0.762], [0.437, 11.73, 10.108, 0.726], [0, 1]]
[[0.383, 10.889, 9.111, 0.672], [0.402, 14.7, 10.3, 0.715], [0, 1]]
[[0.44, 13.065, 10.174, 0.778], [0.434, 14.881, 9.333, 0.731], [0, 1]]
[[0.469, 12.987, 10.658, 0.773], [0.453, 13.436, 9.051, 0.774], [0, 1]]
[[0.463, 14.439, 10.317, 0.747], [0.441, 10.905, 8.429, 0.747], [1, 0]]
[[0.442, 13.188, 10.229, 0.779], [0.445, 14.3, 10.7, 0.747], [1, 0]]
[[0.441, 12.229, 9.917, 0.729], [0.439, 13.128, 10.979, 0.756], [0, 1]]
[[0.441, 12.667, 10.273, 0.783], [0.437, 12.903, 9.742, 0.758], [0, 1]]
[[0.442, 13.067, 10.133, 0.78], [0.433, 11.651, 9.093, 0.754], [0, 1]]
[[0.437, 12.286, 9.143, 0.727], [0.444, 12.8, 9.057, 0.746], [1, 0]]
[[0.448, 12.918, 10.151, 0.773], [0.467, 12.959, 10.658, 0.772], [1, 0]]
[[0.441, 12.884, 11.609, 0.769], [0.449, 13.515, 9.647, 0.789], [1, 0]]
[[0.465, 14.545, 10.409, 0.749], [0.454, 14.106, 10.553, 0.739], [1, 0]]
[[0.45, 12.489, 11.043, 0.795], [0.421, 12.958, 9.292, 0.735], [0, 1]]
[[0.442, 12.464, 9.696, 0.735], [0.44, 15.13, 9.185, 0.745], [0, 1]]
[[0.413, 11.867, 10.667, 0.702], [0.436, 12.571, 10.143, 0.713], [1, 0]]
[[0.387, 11.4, 10.667, 0.695], [0.406, 10.706, 10.118, 0.713], [0, 1]]
[[0.453, 12.415, 10.585, 0.749], [0.447, 14.085, 10.638, 0.74], [1, 0]]
[[0.426, 13.929, 7.071, 0.661], [0.426, 14.467, 10.733, 0.744], [1, 0]]
[[0.411, 12.364, 8.727, 0.714], [0.41, 14.273, 10.455, 0.728], [0, 1]]
[[0.454, 13.058, 9.872, 0.773], [0.435, 12.802, 9.57, 0.757], [0, 1]]
[[0.439, 12.548, 10.226, 0.779], [0.428, 13.414, 9.69, 0.739], [0, 1]]
[[0.436, 13.389, 10.389, 0.716], [0.423, 13.571, 8.905, 0.756], [0, 1]]
[[0.463, 12.185, 10.444, 0.771], [0.441, 15.0, 10.185, 0.702], [0, 1]]
[[0.436, 12.808, 11.923, 0.767], [0.445, 14.74, 9.96, 0.762], [1, 0]]
[[0.394, 14.667, 9.333, 0.707], [0.374, 10.5, 8.833, 0.631], [1, 0]]
[[0.45, 13.685, 10.548, 0.74], [0.463, 14.973, 10.649, 0.757], [0, 1]]
[[0.441, 13.784, 9.568, 0.788], [0.439, 10.763, 8.395, 0.742], [1, 0]]
[[0.442, 12.667, 9.949, 0.766], [0.451, 12.795, 11.154, 0.79], [0, 1]]
[[0.426, 11.448, 8.483, 0.722], [0.442, 14.893, 10.071, 0.701], [1, 0]]
[[0.404, 11.364, 10.273, 0.69], [0.414, 12.667, 8.667, 0.724], [0, 1]]
[[0.461, 12.603, 11.032, 0.758], [0.439, 11.952, 8.762, 0.769], [0, 1]]
[[0.449, 11.857, 9.143, 0.737], [0.443, 15.27, 9.365, 0.754], [1, 0]]
[[0.421, 11.167, 7.722, 0.695], [0.398, 13.474, 8.053, 0.707], [1, 0]]
[[0.449, 12.695, 9.881, 0.787], [0.452, 12.475, 10.729, 0.798], [0, 1]]
[[0.452, 12.323, 10.585, 0.8], [0.443, 12.788, 9.606, 0.738], [1, 0]]
[[0.432, 13.333, 11.542, 0.76], [0.423, 13.261, 9.609, 0.749], [1, 0]]
[[0.465, 14.446, 10.446, 0.763], [0.447, 12.697, 9.833, 0.786], [0, 1]]
[[0.396, 10.867, 10.333, 0.672], [0.415, 14.214, 9.929, 0.73], [0, 1]]
[[0.444, 13.024, 9.878, 0.773], [0.445, 14.14, 10.767, 0.747], [1, 0]]
[[0.448, 12.038, 8.942, 0.748], [0.439, 11.615, 8.596, 0.769], [1, 0]]
[[0.436, 12.476, 9.667, 0.776], [0.441, 14.35, 9.9, 0.744], [1, 0]]
[[0.467, 14.429, 10.557, 0.757], [0.458, 13.843, 10.0, 0.744], [1, 0]]
[[0.437, 14.059, 9.471, 0.781], [0.458, 14.531, 10.188, 0.75], [0, 1]]
[[0.424, 11.45, 9.55, 0.719], [0.433, 13.19, 10.905, 0.713], [0, 1]]
[[0.428, 12.387, 10.29, 0.741], [0.443, 13.323, 9.774, 0.701], [0, 1]]
[[0.415, 13.5, 9.2, 0.716], [0.384, 13.3, 7.3, 0.702], [1, 0]]
[[0.425, 14.8, 10.75, 0.741], [0.421, 15.05, 10.0, 0.708], [1, 0]]
[[0.404, 11.071, 11.786, 0.717], [0.419, 12.6, 9.467, 0.733], [0, 1]]
[[0.423, 12.895, 9.579, 0.771], [0.433, 12.833, 8.111, 0.732], [1, 0]]
[[0.446, 11.75, 9.588, 0.731], [0.46, 15.0, 10.975, 0.759], [1, 0]]
[[0.455, 12.235, 8.8, 0.745], [0.46, 12.388, 9.012, 0.746], [0, 1]]
[[0.448, 12.218, 8.909, 0.749], [0.446, 11.204, 7.87, 0.774], [0, 1]]
[[0.445, 12.977, 9.93, 0.775], [0.438, 11.929, 10.119, 0.723], [0, 1]]
[[0.451, 13.125, 10.104, 0.745], [0.443, 11.367, 7.898, 0.775], [0, 1]]
[[0.462, 14.043, 10.0, 0.771], [0.442, 14.583, 10.688, 0.733], [1, 0]]
[[0.427, 13.882, 7.412, 0.679], [0.407, 11.412, 11.765, 0.729], [0, 1]]
[[0.439, 12.0, 10.073, 0.72], [0.446, 13.048, 9.167, 0.747], [0, 1]]
[[0.466, 14.444, 10.333, 0.753], [0.425, 13.281, 9.509, 0.748], [1, 0]]
[[0.461, 12.733, 11.017, 0.753], [0.427, 13.18, 9.41, 0.744], [0, 1]]
[[0.404, 13.2, 8.4, 0.742], [0.386, 11.889, 8.889, 0.67], [0, 1]]
[[0.33, 13.0, 10.5, 0.565], [0.31, 7.0, 10.75, 0.506], [1, 0]]
[[0.445, 13.36, 9.38, 0.765], [0.454, 14.434, 10.358, 0.745], [0, 1]]
[[0.448, 14.483, 9.948, 0.765], [0.461, 12.695, 10.983, 0.751], [0, 1]]
[[0.428, 11.357, 7.929, 0.761], [0.424, 13.536, 9.893, 0.736], [1, 0]]
[[0.403, 11.455, 7.818, 0.723], [0.406, 12.3, 8.4, 0.708], [1, 0]]
[[0.409, 12.167, 9.083, 0.727], [0.422, 14.692, 10.077, 0.746], [1, 0]]
[[0.459, 13.884, 9.971, 0.744], [0.45, 14.486, 10.686, 0.749], [1, 0]]
[[0.44, 11.476, 7.786, 0.769], [0.44, 12.841, 10.977, 0.752], [1, 0]]
[[0.354, 14.0, 8.2, 0.612], [0.329, 9.0, 8.5, 0.546], [0, 1]]
[[0.434, 15.047, 9.279, 0.734], [0.439, 14.778, 10.622, 0.733], [0, 1]]
[[0.413, 11.333, 10.083, 0.695], [0.424, 12.522, 10.391, 0.732], [0, 1]]
[[0.444, 13.0, 9.97, 0.758], [0.442, 15.606, 11.182, 0.751], [1, 0]]
[[0.464, 12.221, 10.174, 0.738], [0.453, 13.279, 9.744, 0.791], [1, 0]]
[[0.44, 12.75, 9.071, 0.759], [0.432, 12.567, 9.233, 0.731], [1, 0]]
[[0.441, 12.508, 10.186, 0.718], [0.443, 14.466, 10.897, 0.733], [1, 0]]
[[0.446, 12.708, 9.431, 0.736], [0.433, 13.139, 9.5, 0.749], [1, 0]]
[[0.325, 10.25, 6.75, 0.548], [0.365, 10.0, 8.6, 0.585], [0, 1]]
[[0.418, 15.538, 9.385, 0.743], [0.428, 13.0, 9.0, 0.661], [0, 1]]
[[0.377, 12.375, 7.375, 0.711], [0.409, 14.667, 10.222, 0.719], [1, 0]]
[[0.437, 14.323, 8.806, 0.713], [0.432, 13.562, 9.625, 0.743], [0, 1]]
[[0.451, 12.286, 8.804, 0.747], [0.45, 12.673, 10.018, 0.782], [0, 1]]
[[0.31, 10.333, 10.0, 0.522], [0.25, 5.5, 1.5, 0.312], [0, 1]]
[[0.453, 14.429, 10.831, 0.753], [0.458, 12.494, 9.076, 0.747], [0, 1]]
[[0.45, 13.609, 9.594, 0.791], [0.439, 12.0, 8.719, 0.767], [0, 1]]
[[0.461, 12.456, 10.147, 0.74], [0.453, 12.257, 8.771, 0.748], [1, 0]]
[[0.451, 13.368, 9.803, 0.788], [0.433, 12.987, 9.671, 0.751], [0, 1]]
[[0.45, 13.304, 9.81, 0.792], [0.452, 12.582, 10.899, 0.797], [1, 0]]
[[0.445, 12.493, 9.623, 0.744], [0.453, 13.559, 9.029, 0.775], [0, 1]]
[[0.464, 14.457, 10.457, 0.738], [0.433, 12.043, 10.261, 0.715], [0, 1]]
[[0.445, 14.654, 9.962, 0.765], [0.45, 12.604, 10.981, 0.795], [0, 1]]
[[0.444, 15.242, 9.364, 0.754], [0.451, 12.627, 9.299, 0.752], [0, 1]]
[[0.437, 13.0, 11.132, 0.759], [0.445, 13.718, 9.564, 0.792], [0, 1]]
[[0.45, 13.114, 10.286, 0.74], [0.439, 13.0, 11.351, 0.741], [0, 1]]
[[0.447, 12.316, 10.342, 0.739], [0.445, 13.077, 9.923, 0.716], [0, 1]]
[[0.429, 13.129, 9.452, 0.744], [0.455, 15.033, 11.23, 0.779], [1, 0]]
[[0.438, 13.243, 9.243, 0.754], [0.445, 12.9, 9.175, 0.75], [0, 1]]
[[0.445, 12.823, 11.608, 0.769], [0.447, 12.987, 10.241, 0.775], [1, 0]]
[[0.411, 11.923, 8.154, 0.715], [0.418, 12.077, 9.385, 0.699], [1, 0]]
[[0.446, 12.14, 8.907, 0.744], [0.438, 11.977, 10.047, 0.722], [1, 0]]
[[0.442, 13.0, 11.776, 0.767], [0.443, 13.466, 10.241, 0.735], [0, 1]]
[[0.444, 12.808, 11.551, 0.77], [0.449, 13.013, 9.577, 0.795], [0, 1]]
[[0.444, 11.17, 8.596, 0.741], [0.443, 13.578, 9.444, 0.76], [0, 1]]
[[0.425, 14.091, 9.636, 0.691], [0.405, 11.5, 10.2, 0.674], [0, 1]]
[[0.45, 12.862, 9.828, 0.767], [0.448, 12.593, 9.475, 0.753], [1, 0]]
[[0.368, 12.6, 10.8, 0.619], [0.368, 9.6, 7.4, 0.6], [1, 0]]
[[0.43, 13.078, 9.531, 0.742], [0.458, 14.844, 10.828, 0.752], [0, 1]]
[[0.426, 13.812, 11.312, 0.76], [0.421, 11.188, 7.562, 0.71], [1, 0]]
[[0.451, 14.0, 10.829, 0.733], [0.445, 12.861, 9.111, 0.748], [1, 0]]
[[0.439, 12.872, 11.051, 0.761], [0.434, 12.35, 9.225, 0.741], [0, 1]]
[[0.38, 11.455, 9.273, 0.703], [0.415, 16.182, 10.545, 0.666], [0, 1]]
[[0.468, 14.333, 10.058, 0.765], [0.444, 13.014, 10.486, 0.771], [1, 0]]
[[0.44, 14.321, 9.393, 0.777], [0.432, 12.714, 9.143, 0.743], [0, 1]]
[[0.439, 14.133, 9.4, 0.778], [0.457, 14.393, 10.071, 0.746], [1, 0]]
[[0.465, 14.091, 10.318, 0.772], [0.445, 14.989, 10.636, 0.736], [1, 0]]
[[0.448, 12.717, 9.867, 0.787], [0.448, 11.617, 8.983, 0.746], [1, 0]]
[[0.439, 11.869, 8.721, 0.767], [0.446, 14.081, 10.694, 0.75], [1, 0]]
[[0.444, 14.509, 10.0, 0.766], [0.439, 11.679, 8.509, 0.77], [0, 1]]
[[0.456, 12.844, 9.733, 0.77], [0.443, 14.822, 10.133, 0.76], [1, 0]]
[[0.433, 13.688, 9.5, 0.672], [0.439, 14.562, 9.625, 0.758], [0, 1]]
[[0.413, 10.227, 9.409, 0.734], [0.427, 15.048, 10.048, 0.706], [1, 0]]
[[0.413, 13.417, 8.917, 0.74], [0.401, 11.818, 9.273, 0.736], [1, 0]]
[[0.456, 13.0, 9.647, 0.768], [0.458, 12.627, 10.706, 0.75], [1, 0]]
[[0.439, 11.45, 7.75, 0.769], [0.444, 15.7, 11.65, 0.76], [1, 0]]
[[0.444, 12.623, 9.623, 0.742], [0.442, 14.508, 10.915, 0.73], [1, 0]]
[[0.461, 12.264, 10.069, 0.742], [0.444, 11.685, 8.589, 0.767], [1, 0]]
[[0.442, 13.143, 10.224, 0.779], [0.422, 12.939, 9.265, 0.74], [1, 0]]
[[0.42, 11.867, 10.933, 0.716], [0.429, 11.452, 9.839, 0.714], [0, 1]]
[[0.413, 12.875, 10.0, 0.765], [0.43, 15.5, 9.286, 0.745], [1, 0]]
[[0.445, 14.482, 10.054, 0.77], [0.426, 13.259, 9.448, 0.75], [0, 1]]
[[0.207, 5.0, 6.5, 0.365], [0.214, 6.5, 2.5, 0.36], [1, 0]]
[[0.45, 12.523, 11.114, 0.795], [0.434, 11.705, 9.136, 0.756], [0, 1]]
[[0.45, 13.514, 9.543, 0.79], [0.45, 12.423, 10.775, 0.801], [0, 1]]
[[0.356, 13.167, 8.5, 0.673], [0.342, 13.333, 7.667, 0.625], [0, 1]]
[[0.451, 12.455, 10.982, 0.799], [0.463, 12.963, 10.426, 0.773], [0, 1]]
[[0.448, 14.139, 9.847, 0.766], [0.455, 14.863, 11.082, 0.776], [1, 0]]
[[0.415, 13.07, 9.14, 0.731], [0.454, 14.093, 10.581, 0.736], [1, 0]]
[[0.392, 12.143, 7.714, 0.72], [0.359, 11.333, 6.833, 0.664], [1, 0]]
[[0.44, 11.778, 8.519, 0.77], [0.456, 14.561, 10.368, 0.746], [0, 1]]
[[0.349, 11.0, 6.8, 0.639], [0.306, 7.75, 8.5, 0.578], [1, 0]]
[[0.458, 13.857, 10.143, 0.741], [0.444, 15.219, 9.359, 0.754], [1, 0]]
[[0.385, 13.0, 8.5, 0.646], [0.386, 11.667, 8.333, 0.671], [0, 1]]
[[0.43, 12.435, 8.957, 0.745], [0.405, 13.435, 8.348, 0.725], [0, 1]]
[[0.451, 13.114, 9.8, 0.769], [0.452, 13.493, 9.127, 0.774], [1, 0]]
[[0.423, 13.6, 11.133, 0.729], [0.432, 14.0, 9.688, 0.725], [1, 0]]
[[0.45, 12.83, 9.887, 0.78], [0.449, 13.315, 9.167, 0.767], [0, 1]]
[[0.46, 12.545, 10.242, 0.743], [0.459, 14.824, 10.691, 0.757], [0, 1]]
[[0.436, 14.091, 9.606, 0.78], [0.435, 12.906, 11.406, 0.732], [0, 1]]
[[0.465, 12.259, 10.094, 0.737], [0.453, 13.341, 9.765, 0.792], [1, 0]]
[[0.459, 12.46, 10.6, 0.755], [0.45, 13.58, 10.54, 0.725], [1, 0]]
[[0.434, 11.528, 8.833, 0.737], [0.439, 12.944, 11.222, 0.74], [0, 1]]
[[0.442, 12.886, 10.143, 0.785], [0.431, 13.485, 9.515, 0.745], [1, 0]]
[[0.452, 12.197, 8.882, 0.748], [0.454, 13.395, 8.974, 0.774], [1, 0]]
[[0.432, 13.346, 11.423, 0.761], [0.431, 15.115, 11.269, 0.749], [0, 1]]
[[0.466, 12.718, 10.761, 0.758], [0.46, 14.875, 10.708, 0.757], [0, 1]]
[[0.443, 12.731, 9.627, 0.739], [0.442, 11.896, 8.746, 0.766], [1, 0]]
[[0.465, 14.186, 10.349, 0.771], [0.445, 15.07, 10.616, 0.736], [0, 1]]
[[0.369, 9.25, 10.25, 0.613], [0.402, 10.75, 10.75, 0.681], [0, 1]]
[[0.455, 14.737, 11.066, 0.775], [0.444, 15.013, 10.693, 0.733], [0, 1]]
[[0.461, 12.766, 10.031, 0.742], [0.45, 11.667, 9.212, 0.735], [0, 1]]
[[0.445, 12.629, 9.514, 0.737], [0.46, 14.843, 10.714, 0.756], [1, 0]]
[[0.451, 15.14, 11.4, 0.775], [0.449, 12.78, 9.4, 0.751], [0, 1]]
[[0.406, 12.6, 9.0, 0.596], [0.39, 12.3, 8.9, 0.687], [0, 1]]
[[0.451, 12.534, 10.741, 0.799], [0.44, 11.947, 8.544, 0.765], [1, 0]]
[[0.449, 12.824, 9.659, 0.797], [0.447, 13.035, 10.412, 0.775], [0, 1]]
[[0.43, 12.333, 9.042, 0.742], [0.432, 13.75, 8.208, 0.694], [0, 1]]
[[0.452, 12.169, 8.857, 0.746], [0.466, 14.312, 10.312, 0.764], [1, 0]]
[[0.428, 11.467, 8.533, 0.725], [0.433, 14.406, 10.875, 0.738], [1, 0]]
[[0.463, 12.247, 10.123, 0.74], [0.444, 14.988, 10.617, 0.734], [0, 1]]
[[0.443, 11.947, 8.816, 0.755], [0.449, 12.528, 11.028, 0.783], [0, 1]]
[[0.442, 12.655, 10.036, 0.718], [0.444, 14.527, 10.145, 0.768], [1, 0]]
[[0.457, 13.726, 10.0, 0.746], [0.445, 14.932, 10.699, 0.732], [1, 0]]
[[0.446, 14.158, 10.079, 0.768], [0.446, 11.727, 9.571, 0.733], [0, 1]]
[[0.405, 13.25, 10.375, 0.681], [0.394, 14.75, 8.875, 0.645], [0, 1]]
[[0.458, 12.875, 10.3, 0.766], [0.452, 13.905, 10.643, 0.738], [1, 0]]
[[0.451, 13.39, 9.768, 0.792], [0.447, 15.28, 9.476, 0.764], [1, 0]]
[[0.432, 12.48, 9.0, 0.739], [0.435, 13.0, 8.92, 0.76], [0, 1]]
[[0.431, 13.125, 10.062, 0.733], [0.42, 14.667, 11.0, 0.729], [1, 0]]
[[0.206, 5.5, 2.5, 0.443], [0.223, 12.0, 5.5, 0.379], [1, 0]]
[[0.416, 15.909, 9.182, 0.734], [0.407, 12.25, 9.417, 0.708], [0, 1]]
[[0.427, 13.333, 9.889, 0.66], [0.379, 11.778, 8.0, 0.715], [1, 0]]
[[0.464, 12.716, 10.91, 0.754], [0.451, 13.537, 9.134, 0.775], [1, 0]]
[[0.432, 11.208, 7.833, 0.766], [0.428, 14.864, 10.955, 0.747], [1, 0]]
[[0.442, 14.619, 10.19, 0.743], [0.428, 13.261, 8.783, 0.752], [1, 0]]
[[0.376, 10.714, 6.571, 0.694], [0.374, 11.0, 6.429, 0.664], [0, 1]]
[[0.424, 11.357, 10.0, 0.709], [0.439, 12.889, 9.185, 0.755], [0, 1]]
[[0.391, 12.25, 8.25, 0.731], [0.36, 13.25, 7.75, 0.673], [1, 0]]
[[0.398, 14.857, 9.0, 0.707], [0.362, 11.667, 6.833, 0.584], [0, 1]]
[[0.441, 12.309, 9.745, 0.734], [0.456, 14.446, 10.375, 0.743], [0, 1]]
[[0.431, 12.708, 9.083, 0.746], [0.421, 12.957, 11.522, 0.718], [0, 1]]
[[0.465, 14.301, 10.644, 0.757], [0.453, 13.521, 9.055, 0.773], [1, 0]]
[[0.216, 7.5, 5.0, 0.361], [0.253, 8.0, 4.0, 0.383], [0, 1]]
[[0.454, 13.058, 9.673, 0.764], [0.422, 13.145, 9.564, 0.747], [0, 1]]
[[0.371, 14.333, 8.833, 0.655], [0.373, 15.0, 7.0, 0.619], [1, 0]]
[[0.455, 12.786, 9.905, 0.77], [0.458, 13.023, 10.163, 0.77], [1, 0]]
[[0.447, 12.269, 10.308, 0.762], [0.423, 12.96, 11.72, 0.715], [1, 0]]
[[0.448, 12.568, 11.189, 0.786], [0.438, 12.921, 11.211, 0.743], [0, 1]]
[[0.451, 13.478, 9.582, 0.792], [0.444, 12.324, 10.221, 0.73], [1, 0]]
[[0.45, 14.082, 9.265, 0.791], [0.442, 12.25, 9.769, 0.732], [1, 0]]
[[0.451, 13.212, 10.212, 0.741], [0.433, 11.571, 8.657, 0.732], [1, 0]]
[[0.458, 12.623, 10.887, 0.751], [0.445, 14.352, 10.685, 0.737], [0, 1]]
[[0.401, 11.417, 7.25, 0.707], [0.369, 10.0, 9.111, 0.701], [1, 0]]
[[0.449, 13.184, 10.289, 0.744], [0.442, 12.122, 8.951, 0.748], [0, 1]]
[[0.417, 13.022, 9.244, 0.731], [0.464, 14.214, 9.881, 0.766], [0, 1]]
[[0.465, 14.394, 10.5, 0.763], [0.465, 13.077, 10.769, 0.767], [0, 1]]
[[0.447, 12.963, 10.407, 0.729], [0.434, 13.222, 10.296, 0.715], [1, 0]]
[[0.449, 11.507, 7.685, 0.77], [0.449, 12.514, 10.851, 0.798], [0, 1]]
[[0.453, 12.203, 8.754, 0.749], [0.449, 11.594, 9.333, 0.736], [1, 0]]
[[0.407, 10.75, 7.938, 0.73], [0.419, 12.357, 9.286, 0.707], [0, 1]]
[[0.416, 13.615, 11.308, 0.733], [0.421, 13.5, 9.917, 0.727], [0, 1]]
[[0.441, 15.438, 11.312, 0.75], [0.449, 14.182, 10.848, 0.728], [0, 1]]
[[0.45, 13.178, 10.444, 0.724], [0.454, 14.204, 10.51, 0.74], [1, 0]]
[[0.444, 13.025, 9.9, 0.72], [0.442, 12.897, 11.077, 0.743], [1, 0]]
[[0.443, 14.977, 10.068, 0.759], [0.435, 11.733, 9.067, 0.76], [0, 1]]
[[0.396, 11.647, 8.0, 0.73], [0.431, 12.842, 8.211, 0.74], [1, 0]]
[[0.408, 13.0, 10.8, 0.671], [0.398, 9.9, 6.7, 0.685], [1, 0]]
[[0.452, 12.141, 8.897, 0.745], [0.453, 13.26, 9.831, 0.776], [0, 1]]
[[0.402, 11.375, 9.375, 0.691], [0.401, 12.889, 8.778, 0.595], [1, 0]]
[[0.209, 5.0, 7.5, 0.345], [0.461, 14.88, 10.892, 0.76], [0, 1]]
[[0.439, 15.278, 9.333, 0.735], [0.424, 13.35, 9.05, 0.756], [1, 0]]
[[0.445, 12.644, 9.576, 0.74], [0.457, 14.7, 10.5, 0.747], [0, 1]]
[[0.357, 12.4, 7.6, 0.658], [0.349, 9.8, 7.6, 0.646], [0, 1]]
[[0.437, 15.074, 10.407, 0.743], [0.434, 14.107, 8.429, 0.705], [0, 1]]
[[0.467, 14.316, 10.175, 0.755], [0.448, 13.603, 9.155, 0.766], [1, 0]]
[[0.433, 12.739, 9.0, 0.744], [0.443, 13.045, 10.091, 0.753], [1, 0]]
[[0.458, 14.857, 10.841, 0.752], [0.448, 12.557, 9.41, 0.751], [1, 0]]
[[0.409, 11.391, 10.826, 0.719], [0.43, 15.292, 10.25, 0.702], [0, 1]]
[[0.441, 14.407, 9.481, 0.775], [0.413, 11.556, 11.444, 0.72], [0, 1]]
[[0.446, 12.941, 10.132, 0.779], [0.451, 13.265, 9.765, 0.767], [1, 0]]
[[0.418, 11.897, 11.103, 0.717], [0.426, 12.429, 10.107, 0.738], [0, 1]]
[[0.409, 11.391, 10.043, 0.69], [0.444, 14.381, 10.429, 0.724], [1, 0]]
[[0.446, 11.367, 7.95, 0.772], [0.442, 12.574, 10.213, 0.723], [1, 0]]
[[0.433, 12.0, 10.333, 0.717], [0.447, 13.045, 10.523, 0.722], [1, 0]]
[[0.434, 13.207, 11.172, 0.759], [0.438, 13.968, 9.452, 0.779], [1, 0]]
[[0.384, 11.8, 7.4, 0.657], [0.358, 11.0, 10.0, 0.604], [0, 1]]
[[0.465, 14.464, 10.623, 0.756], [0.444, 12.586, 9.714, 0.744], [1, 0]]
[[0.45, 13.0, 10.39, 0.719], [0.435, 14.6, 9.35, 0.735], [0, 1]]
[[0.434, 13.129, 9.471, 0.745], [0.445, 14.812, 10.609, 0.731], [1, 0]]
[[0.405, 11.5, 9.8, 0.7], [0.402, 13.667, 8.19, 0.714], [0, 1]]
[[0.442, 15.341, 10.024, 0.757], [0.454, 14.136, 10.545, 0.738], [0, 1]]
[[0.455, 12.193, 8.88, 0.743], [0.453, 13.108, 9.928, 0.774], [1, 0]]
[[0.44, 15.513, 10.103, 0.756], [0.434, 12.439, 9.171, 0.736], [0, 1]]
[[0.466, 14.259, 10.802, 0.762], [0.449, 12.358, 9.358, 0.737], [1, 0]]
[[0.463, 14.447, 10.489, 0.743], [0.438, 11.787, 8.894, 0.763], [1, 0]]
[[0.43, 12.68, 9.96, 0.776], [0.402, 13.48, 8.64, 0.714], [0, 1]]
[[0.425, 12.214, 9.071, 0.708], [0.415, 12.571, 9.357, 0.726], [0, 1]]
[[0.455, 14.379, 10.31, 0.748], [0.436, 12.897, 11.207, 0.726], [1, 0]]
[[0.449, 13.159, 10.136, 0.748], [0.439, 12.304, 9.283, 0.736], [0, 1]]
[[0.454, 12.98, 9.7, 0.767], [0.439, 15.18, 9.2, 0.741], [1, 0]]
[[0.397, 11.278, 10.222, 0.716], [0.418, 12.556, 10.5, 0.708], [0, 1]]
[[0.455, 14.537, 10.315, 0.745], [0.439, 14.471, 10.706, 0.735], [0, 1]]
[[0.442, 12.607, 10.054, 0.719], [0.44, 15.2, 9.218, 0.747], [0, 1]]
[[0.443, 12.869, 10.23, 0.78], [0.444, 13.5, 10.355, 0.738], [1, 0]]
[[0.452, 12.535, 11.186, 0.792], [0.435, 14.78, 9.244, 0.735], [0, 1]]
[[0.389, 11.714, 9.714, 0.652], [0.392, 10.875, 7.0, 0.719], [0, 1]]
[[0.446, 13.96, 11.32, 0.743], [0.404, 13.846, 8.692, 0.709], [0, 1]]
[[0.438, 12.905, 11.357, 0.763], [0.454, 12.61, 11.171, 0.792], [0, 1]]
[[0.454, 12.875, 9.875, 0.765], [0.444, 14.023, 10.727, 0.746], [1, 0]]
[[0.448, 12.855, 9.783, 0.791], [0.465, 13.015, 10.794, 0.768], [1, 0]]
[[0.461, 12.726, 11.0, 0.757], [0.456, 13.783, 10.25, 0.744], [1, 0]]
[[0.369, 12.0, 10.167, 0.618], [0.386, 10.333, 9.667, 0.641], [1, 0]]
[[0.461, 12.825, 10.063, 0.744], [0.443, 12.4, 10.262, 0.727], [0, 1]]
[[0.437, 12.833, 9.733, 0.766], [0.445, 12.613, 9.065, 0.748], [0, 1]]
[[0.445, 15.3, 9.463, 0.764], [0.446, 12.988, 10.238, 0.775], [0, 1]]
[[0.446, 12.97, 10.164, 0.777], [0.444, 12.618, 9.544, 0.737], [0, 1]]
[[0.412, 13.316, 8.921, 0.729], [0.441, 14.41, 10.769, 0.744], [0, 1]]
[[0.361, 11.857, 7.286, 0.7], [0.398, 14.0, 9.5, 0.702], [1, 0]]
[[0.445, 13.353, 9.314, 0.765], [0.451, 15.059, 11.294, 0.776], [0, 1]]
[[0.445, 12.119, 8.905, 0.745], [0.44, 10.953, 8.302, 0.746], [1, 0]]
[[0.434, 14.4, 9.867, 0.754], [0.406, 11.0, 11.667, 0.716], [0, 1]]
[[0.455, 12.962, 10.283, 0.744], [0.442, 13.455, 10.145, 0.733], [0, 1]]
[[0.448, 13.2, 10.35, 0.745], [0.442, 13.5, 9.35, 0.754], [1, 0]]
[[0.452, 12.282, 8.887, 0.747], [0.445, 12.972, 10.437, 0.773], [0, 1]]
[[0.444, 13.137, 10.216, 0.78], [0.439, 11.7, 8.76, 0.765], [1, 0]]
[[0.448, 12.827, 10.093, 0.77], [0.468, 12.573, 10.76, 0.765], [1, 0]]
[[0.449, 12.828, 10.379, 0.731], [0.436, 15.133, 10.433, 0.749], [1, 0]]
[[0.466, 14.423, 10.288, 0.749], [0.446, 13.404, 9.288, 0.767], [0, 1]]
[[0.444, 12.235, 8.471, 0.755], [0.435, 14.344, 8.938, 0.718], [1, 0]]
[[0.448, 11.526, 7.667, 0.775], [0.453, 13.494, 9.076, 0.775], [0, 1]]
[[0.443, 12.182, 8.455, 0.762], [0.435, 14.5, 11.0, 0.744], [1, 0]]
[[0.451, 12.472, 10.847, 0.8], [0.445, 12.986, 10.417, 0.773], [1, 0]]
[[0.409, 13.6, 10.1, 0.712], [0.409, 11.273, 11.0, 0.701], [0, 1]]
[[0.364, 10.667, 6.167, 0.658], [0.341, 10.8, 6.8, 0.636], [1, 0]]
[[0.454, 13.06, 9.905, 0.773], [0.435, 12.952, 9.619, 0.753], [1, 0]]
[[0.446, 11.508, 7.984, 0.773], [0.443, 14.689, 10.77, 0.732], [0, 1]]
[[0.437, 12.235, 9.98, 0.72], [0.441, 14.58, 10.78, 0.735], [1, 0]]
[[0.432, 12.636, 8.909, 0.748], [0.428, 13.8, 9.85, 0.729], [1, 0]]
[[0.46, 12.733, 10.067, 0.748], [0.449, 12.726, 9.887, 0.787], [0, 1]]
[[0.369, 11.4, 8.2, 0.619], [0.349, 13.6, 8.6, 0.628], [1, 0]]
[[0.438, 14.15, 11.05, 0.734], [0.433, 13.05, 10.25, 0.72], [0, 1]]
[[0.207, 5.0, 6.5, 0.365], [0.253, 7.5, 5.5, 0.409], [0, 1]]
[[0.447, 12.627, 10.44, 0.734], [0.447, 11.671, 9.553, 0.734], [1, 0]]
[[0.406, 13.444, 10.667, 0.687], [0.41, 14.0, 9.556, 0.689], [1, 0]]
[[0.435, 11.514, 8.865, 0.739], [0.444, 13.27, 9.865, 0.711], [1, 0]]
[[0.441, 12.824, 10.294, 0.782], [0.456, 12.548, 10.548, 0.779], [0, 1]]
[[0.414, 11.636, 8.182, 0.744], [0.423, 13.136, 9.5, 0.745], [0, 1]]
[[0.421, 11.37, 10.111, 0.709], [0.437, 15.038, 10.0, 0.702], [1, 0]]
[[0.449, 12.898, 9.693, 0.799], [0.447, 12.943, 10.352, 0.778], [1, 0]]
[[0.451, 12.72, 10.02, 0.776], [0.451, 12.471, 11.02, 0.795], [1, 0]]
[[0.433, 14.371, 10.914, 0.746], [0.445, 12.909, 9.0, 0.747], [1, 0]]
[[0.447, 12.4, 10.243, 0.732], [0.466, 12.986, 10.768, 0.771], [1, 0]]
[[0.448, 14.0, 9.524, 0.792], [0.444, 13.714, 9.429, 0.759], [1, 0]]
[[0.447, 14.187, 10.107, 0.768], [0.442, 15.173, 9.48, 0.758], [0, 1]]
[[0.445, 13.018, 10.218, 0.783], [0.45, 12.741, 9.963, 0.781], [0, 1]]
[[0.412, 11.2, 10.04, 0.699], [0.428, 10.958, 8.125, 0.716], [0, 1]]
[[0.447, 13.214, 10.119, 0.743], [0.447, 15.512, 11.465, 0.764], [1, 0]]
[[0.45, 13.378, 9.757, 0.787], [0.443, 15.203, 9.432, 0.759], [1, 0]]
[[0.452, 12.328, 8.759, 0.744], [0.444, 13.0, 10.14, 0.783], [1, 0]]
[[0.451, 12.75, 9.942, 0.778], [0.45, 12.75, 9.481, 0.754], [1, 0]]
[[0.454, 12.419, 10.581, 0.75], [0.45, 12.783, 9.261, 0.753], [1, 0]]
[[0.461, 12.672, 10.969, 0.758], [0.45, 13.688, 9.156, 0.771], [1, 0]]
[[0.452, 12.216, 8.946, 0.751], [0.454, 12.453, 9.147, 0.749], [0, 1]]
[[0.426, 11.857, 10.829, 0.717], [0.436, 12.6, 10.429, 0.755], [0, 1]]
[[0.289, 10.667, 9.667, 0.56], [0.298, 9.333, 7.667, 0.518], [1, 0]]
[[0.446, 11.443, 7.729, 0.771], [0.448, 14.214, 9.743, 0.768], [1, 0]]
[[0.389, 10.857, 8.857, 0.644], [0.335, 11.0, 8.5, 0.67], [1, 0]]
[[0.441, 15.31, 9.138, 0.747], [0.466, 14.211, 10.0, 0.771], [1, 0]]
[[0.429, 12.026, 10.816, 0.719], [0.437, 13.389, 9.278, 0.755], [1, 0]]
[[0.438, 10.615, 8.385, 0.746], [0.434, 11.395, 9.053, 0.742], [1, 0]]
[[0.435, 12.6, 9.04, 0.752], [0.44, 15.609, 9.826, 0.748], [1, 0]]
[[0.443, 15.047, 10.209, 0.758], [0.438, 12.4, 9.333, 0.736], [1, 0]]
[[0.468, 13.133, 10.433, 0.77], [0.458, 14.836, 10.672, 0.748], [0, 1]]
[[0.414, 13.3, 6.5, 0.625], [0.416, 15.5, 9.9, 0.654], [0, 1]]
[[0.442, 13.018, 11.772, 0.768], [0.451, 12.818, 9.782, 0.764], [1, 0]]
[[0.44, 15.4, 9.95, 0.757], [0.453, 12.675, 11.2, 0.791], [0, 1]]
[[0.443, 14.368, 9.053, 0.739], [0.419, 14.889, 9.667, 0.706], [1, 0]]
[[0.448, 12.02, 8.902, 0.749], [0.45, 13.571, 10.388, 0.725], [1, 0]]
[[0.464, 14.333, 10.611, 0.755], [0.448, 11.507, 7.676, 0.772], [1, 0]]
[[0.421, 12.533, 8.267, 0.735], [0.406, 11.308, 7.462, 0.697], [1, 0]]
[[0.424, 14.2, 9.1, 0.678], [0.412, 12.667, 6.111, 0.623], [0, 1]]
[[0.443, 12.765, 10.088, 0.712], [0.444, 13.25, 9.75, 0.708], [1, 0]]
[[0.433, 13.031, 11.344, 0.759], [0.439, 14.848, 10.667, 0.717], [0, 1]]
[[0.451, 12.377, 10.71, 0.802], [0.446, 13.58, 10.362, 0.74], [0, 1]]
[[0.447, 14.46, 9.889, 0.764], [0.431, 13.123, 9.492, 0.743], [1, 0]]
[[0.448, 13.609, 10.736, 0.741], [0.461, 14.839, 10.885, 0.761], [0, 1]]
[[0.45, 13.764, 9.4, 0.79], [0.452, 13.778, 10.5, 0.731], [0, 1]]
[[0.45, 11.766, 9.156, 0.736], [0.446, 13.078, 10.266, 0.767], [1, 0]]
[[0.434, 12.381, 9.452, 0.732], [0.44, 12.929, 11.048, 0.745], [0, 1]]
[[0.452, 12.373, 8.78, 0.746], [0.455, 13.789, 10.351, 0.741], [1, 0]]
[[0.441, 12.911, 11.893, 0.767], [0.46, 12.574, 10.87, 0.748], [0, 1]]
[[0.431, 13.65, 11.55, 0.763], [0.439, 13.1, 10.3, 0.752], [1, 0]]
[[0.445, 12.587, 9.747, 0.749], [0.451, 12.547, 10.827, 0.797], [0, 1]]
[[0.447, 12.676, 9.507, 0.737], [0.466, 13.014, 10.729, 0.77], [1, 0]]
[[0.222, 8.0, 7.5, 0.4], [0.27, 9.5, 6.0, 0.416], [0, 1]]
[[0.414, 10.526, 9.842, 0.716], [0.439, 13.368, 9.474, 0.677], [0, 1]]
[[0.37, 12.375, 8.5, 0.703], [0.377, 13.333, 7.778, 0.674], [0, 1]]
[[0.432, 13.179, 11.429, 0.757], [0.433, 12.5, 10.393, 0.725], [0, 1]]
[[0.451, 13.667, 9.54, 0.789], [0.445, 14.683, 10.651, 0.73], [1, 0]]
[[0.442, 13.517, 9.897, 0.694], [0.443, 14.793, 10.241, 0.704], [0, 1]]
[[0.459, 12.44, 10.36, 0.772], [0.436, 13.458, 9.792, 0.729], [1, 0]]
[[0.434, 13.36, 11.44, 0.762], [0.437, 14.407, 10.0, 0.73], [1, 0]]
[[0.415, 11.368, 7.895, 0.747], [0.437, 13.056, 10.056, 0.744], [1, 0]]
[[0.448, 12.872, 9.721, 0.799], [0.447, 13.023, 10.372, 0.775], [1, 0]]
[[0.407, 12.714, 8.429, 0.637], [0.392, 11.143, 10.143, 0.663], [1, 0]]
[[0.445, 12.901, 10.239, 0.775], [0.457, 13.831, 10.042, 0.746], [0, 1]]
[[0.449, 13.147, 10.235, 0.741], [0.435, 12.324, 8.919, 0.732], [1, 0]]
[[0.431, 11.355, 8.065, 0.758], [0.445, 12.844, 8.969, 0.745], [1, 0]]
[[0.445, 12.634, 9.744, 0.754], [0.447, 12.976, 10.244, 0.777], [0, 1]]
[[0.392, 11.412, 10.471, 0.71], [0.396, 13.5, 8.0, 0.705], [0, 1]]
[[0.448, 11.846, 8.538, 0.768], [0.449, 13.714, 10.455, 0.74], [1, 0]]
[[0.447, 12.605, 10.37, 0.74], [0.466, 14.346, 10.42, 0.766], [1, 0]]
[[0.448, 12.603, 10.288, 0.733], [0.45, 12.521, 10.836, 0.798], [0, 1]]
[[0.441, 11.897, 8.31, 0.774], [0.406, 13.9, 8.967, 0.707], [1, 0]]
[[0.431, 13.786, 10.857, 0.716], [0.415, 13.462, 9.923, 0.729], [1, 0]]
[[0.423, 13.0, 10.5, 0.662], [0.415, 14.5, 10.0, 0.737], [1, 0]]
[[0.438, 13.971, 9.429, 0.783], [0.434, 12.941, 11.441, 0.734], [1, 0]]
[[0.425, 11.939, 11.0, 0.712], [0.445, 13.333, 9.727, 0.705], [0, 1]]
[[0.455, 12.962, 10.154, 0.743], [0.45, 13.962, 9.34, 0.792], [1, 0]]
[[0.463, 12.256, 10.11, 0.739], [0.448, 12.707, 10.329, 0.741], [0, 1]]
[[0.445, 13.28, 10.44, 0.727], [0.405, 13.964, 8.964, 0.712], [0, 1]]
[[0.449, 13.119, 10.5, 0.721], [0.453, 14.109, 10.609, 0.739], [0, 1]]
[[0.466, 14.435, 10.355, 0.764], [0.446, 13.113, 10.306, 0.764], [0, 1]]
[[0.448, 11.447, 7.711, 0.774], [0.433, 12.987, 9.649, 0.753], [0, 1]]
[[0.451, 13.254, 9.831, 0.77], [0.466, 13.042, 10.704, 0.771], [1, 0]]
[[0.439, 11.915, 8.576, 0.769], [0.449, 13.55, 9.217, 0.771], [1, 0]]
[[0.446, 12.733, 10.067, 0.779], [0.464, 13.935, 10.043, 0.773], [0, 1]]
[[0.433, 11.559, 9.941, 0.714], [0.409, 13.559, 8.794, 0.719], [1, 0]]
[[0.405, 13.545, 8.455, 0.715], [0.433, 14.478, 9.913, 0.725], [1, 0]]
[[0.453, 14.453, 10.733, 0.751], [0.467, 14.373, 10.213, 0.765], [0, 1]]
[[0.442, 12.886, 11.629, 0.77], [0.448, 14.309, 9.882, 0.767], [0, 1]]
[[0.427, 11.865, 10.919, 0.716], [0.44, 15.514, 11.405, 0.752], [0, 1]]
[[0.44, 11.755, 8.878, 0.763], [0.445, 13.396, 9.375, 0.768], [0, 1]]
[[0.452, 12.364, 8.803, 0.748], [0.459, 14.773, 10.788, 0.756], [1, 0]]
[[0.446, 13.244, 10.268, 0.744], [0.464, 14.476, 10.333, 0.748], [0, 1]]
[[0.468, 14.377, 10.189, 0.752], [0.442, 12.944, 10.778, 0.762], [1, 0]]
[[0.449, 13.025, 10.4, 0.72], [0.438, 14.902, 10.756, 0.735], [0, 1]]
[[0.406, 11.083, 7.417, 0.693], [0.42, 15.769, 9.769, 0.682], [1, 0]]
[[0.451, 12.512, 10.774, 0.798], [0.455, 13.702, 9.857, 0.748], [0, 1]]
[[0.417, 11.478, 8.043, 0.744], [0.44, 14.708, 9.833, 0.769], [1, 0]]
[[0.414, 13.545, 9.727, 0.722], [0.421, 16.167, 9.917, 0.683], [0, 1]]
[[0.442, 12.984, 11.672, 0.77], [0.466, 14.333, 10.365, 0.765], [0, 1]]
[[0.438, 11.783, 8.978, 0.76], [0.462, 13.911, 10.089, 0.771], [0, 1]]
[[0.447, 11.827, 9.654, 0.731], [0.435, 13.024, 9.659, 0.753], [1, 0]]
[[0.454, 12.809, 9.702, 0.772], [0.441, 12.417, 9.438, 0.735], [0, 1]]
[[0.45, 12.521, 11.062, 0.795], [0.451, 13.468, 10.447, 0.727], [1, 0]]
[[0.46, 14.436, 10.564, 0.747], [0.439, 13.342, 9.342, 0.756], [1, 0]]
[[0.433, 12.571, 9.0, 0.741], [0.437, 14.789, 10.684, 0.721], [1, 0]]
[[0.438, 15.065, 9.196, 0.74], [0.455, 14.431, 10.333, 0.743], [0, 1]]
[[0.443, 13.24, 10.2, 0.778], [0.466, 14.449, 10.408, 0.746], [0, 1]]
[[0.445, 12.942, 10.159, 0.779], [0.446, 14.886, 10.643, 0.733], [1, 0]]
[[0.441, 12.636, 10.273, 0.73], [0.451, 12.545, 10.424, 0.765], [1, 0]]
[[0.184, 9.0, 6.5, 0.375], [0.214, 6.5, 2.5, 0.36], [1, 0]]
[[0.441, 12.919, 10.0, 0.784], [0.455, 12.543, 10.171, 0.762], [1, 0]]
[[0.451, 13.254, 9.761, 0.768], [0.446, 14.868, 10.529, 0.729], [1, 0]]
[[0.448, 11.157, 8.608, 0.74], [0.461, 13.039, 10.373, 0.774], [1, 0]]
[[0.445, 12.519, 9.779, 0.75], [0.45, 13.039, 9.597, 0.794], [0, 1]]
[[0.466, 14.38, 10.577, 0.754], [0.447, 13.62, 10.38, 0.74], [1, 0]]
[[0.448, 12.734, 9.891, 0.785], [0.458, 15.047, 11.062, 0.781], [0, 1]]
[[0.447, 12.13, 8.913, 0.741], [0.447, 14.136, 9.5, 0.79], [1, 0]]
[[0.449, 12.402, 9.305, 0.737], [0.455, 14.476, 10.634, 0.752], [0, 1]]
[[0.434, 13.3, 11.133, 0.759], [0.429, 11.562, 10.094, 0.72], [1, 0]]
[[0.429, 11.091, 7.591, 0.761], [0.425, 11.571, 9.429, 0.722], [1, 0]]
[[0.447, 14.517, 9.967, 0.765], [0.449, 13.694, 9.194, 0.77], [1, 0]]
[[0.443, 12.683, 10.0, 0.769], [0.435, 14.8, 10.675, 0.734], [1, 0]]
[[0.439, 15.595, 10.0, 0.763], [0.432, 14.361, 9.111, 0.733], [0, 1]]
[[0.448, 11.742, 9.194, 0.736], [0.445, 12.726, 9.5, 0.743], [0, 1]]
[[0.442, 12.873, 11.662, 0.77], [0.454, 12.486, 9.056, 0.75], [0, 1]]
[[0.448, 11.6, 9.314, 0.738], [0.45, 12.371, 10.729, 0.8], [0, 1]]
[[0.403, 11.333, 10.333, 0.698], [0.4, 10.444, 6.333, 0.669], [1, 0]]
[[0.446, 11.731, 9.564, 0.733], [0.458, 13.584, 10.039, 0.744], [0, 1]]
[[0.441, 14.511, 10.638, 0.734], [0.441, 13.125, 10.875, 0.758], [1, 0]]
[[0.466, 12.729, 10.829, 0.758], [0.459, 14.817, 10.746, 0.754], [0, 1]]
[[0.442, 12.95, 11.817, 0.766], [0.441, 15.237, 9.254, 0.748], [1, 0]]
[[0.464, 14.299, 10.688, 0.758], [0.462, 15.0, 10.74, 0.758], [1, 0]]
[[0.439, 12.873, 11.818, 0.768], [0.451, 12.648, 9.556, 0.751], [0, 1]]
[[0.45, 11.707, 8.427, 0.769], [0.456, 13.707, 9.89, 0.747], [0, 1]]
[[0.467, 14.426, 10.426, 0.762], [0.466, 14.458, 10.034, 0.771], [0, 1]]
[[0.438, 15.219, 10.438, 0.757], [0.435, 12.939, 11.333, 0.732], [0, 1]]
[[0.466, 14.325, 10.762, 0.759], [0.457, 14.7, 10.988, 0.774], [1, 0]]
[[0.444, 12.962, 10.058, 0.781], [0.444, 11.314, 8.118, 0.775], [0, 1]]
[[0.459, 15.015, 11.076, 0.779], [0.448, 14.333, 10.742, 0.75], [0, 1]]
[[0.451, 13.606, 9.136, 0.774], [0.467, 14.338, 10.138, 0.767], [0, 1]]
[[0.442, 12.833, 9.917, 0.787], [0.446, 13.088, 10.0, 0.761], [0, 1]]
[[0.439, 15.421, 9.579, 0.74], [0.425, 13.944, 9.889, 0.734], [0, 1]]
[[0.452, 12.208, 8.903, 0.749], [0.45, 13.465, 9.592, 0.789], [0, 1]]
[[0.448, 12.893, 10.357, 0.726], [0.435, 13.036, 10.143, 0.715], [1, 0]]
[[0.449, 11.493, 7.733, 0.774], [0.446, 12.487, 9.316, 0.738], [0, 1]]
[[0.446, 13.962, 11.5, 0.743], [0.448, 12.4, 10.2, 0.763], [1, 0]]
[[0.433, 12.292, 10.104, 0.719], [0.441, 13.061, 10.796, 0.759], [1, 0]]
[[0.443, 12.85, 10.25, 0.781], [0.449, 11.82, 8.967, 0.745], [0, 1]]
[[0.457, 12.238, 9.905, 0.773], [0.425, 15.182, 10.182, 0.697], [1, 0]]
[[0.453, 13.459, 9.014, 0.774], [0.454, 12.447, 9.105, 0.749], [1, 0]]
[[0.41, 13.111, 8.111, 0.73], [0.396, 14.444, 10.333, 0.709], [1, 0]]
[[0.407, 11.524, 8.286, 0.743], [0.428, 10.864, 7.955, 0.717], [0, 1]]
[[0.418, 12.333, 8.733, 0.717], [0.386, 11.714, 7.714, 0.725], [1, 0]]
[[0.445, 12.566, 9.763, 0.747], [0.448, 13.693, 10.52, 0.74], [0, 1]]
[[0.428, 11.974, 10.821, 0.716], [0.442, 14.244, 10.927, 0.746], [0, 1]]
[[0.416, 9.96, 9.0, 0.722], [0.426, 10.913, 7.913, 0.713], [0, 1]]
[[0.446, 12.368, 9.947, 0.766], [0.4, 13.5, 8.25, 0.714], [1, 0]]
[[0.463, 12.225, 10.088, 0.739], [0.444, 15.025, 10.625, 0.734], [0, 1]]
[[0.399, 9.545, 10.545, 0.651], [0.418, 12.273, 8.909, 0.614], [1, 0]]
[[0.449, 13.048, 9.857, 0.766], [0.458, 14.754, 10.8, 0.754], [1, 0]]
[[0.448, 12.635, 10.365, 0.734], [0.449, 13.053, 9.693, 0.794], [0, 1]]
[[0.467, 14.429, 10.25, 0.756], [0.46, 12.732, 11.036, 0.75], [0, 1]]
[[0.442, 11.444, 8.0, 0.77], [0.446, 14.327, 10.633, 0.743], [1, 0]]
[[0.45, 12.86, 9.737, 0.766], [0.442, 12.508, 9.678, 0.738], [1, 0]]
[[0.463, 12.247, 10.082, 0.743], [0.466, 14.324, 10.203, 0.764], [0, 1]]
[[0.325, 10.75, 6.5, 0.617], [0.272, 6.667, 9.667, 0.465], [0, 1]]
[[0.4, 13.7, 11.5, 0.69], [0.409, 11.3, 10.4, 0.715], [0, 1]]
[[0.44, 12.023, 9.977, 0.723], [0.454, 12.425, 10.35, 0.745], [0, 1]]
[[0.446, 12.873, 9.704, 0.792], [0.445, 15.286, 9.357, 0.757], [0, 1]]
[[0.447, 11.255, 7.945, 0.775], [0.441, 12.491, 9.719, 0.735], [1, 0]]
[[0.443, 13.016, 11.754, 0.767], [0.453, 12.426, 10.639, 0.798], [0, 1]]
[[0.444, 12.586, 9.534, 0.739], [0.427, 13.237, 9.356, 0.747], [1, 0]]
[[0.361, 10.2, 9.2, 0.594], [0.36, 11.4, 9.4, 0.616], [1, 0]]
[[0.401, 11.556, 6.667, 0.706], [0.391, 12.556, 9.111, 0.699], [0, 1]]
[[0.443, 11.846, 8.846, 0.756], [0.453, 12.632, 10.368, 0.763], [1, 0]]
[[0.222, 8.0, 7.5, 0.4], [0.447, 12.964, 10.289, 0.777], [0, 1]]
[[0.449, 11.446, 7.846, 0.775], [0.447, 14.477, 9.862, 0.766], [1, 0]]
[[0.361, 8.667, 11.0, 0.573], [0.386, 11.429, 9.286, 0.633], [1, 0]]
[[0.465, 13.09, 10.731, 0.768], [0.467, 14.343, 10.06, 0.767], [1, 0]]
[[0.461, 12.343, 10.057, 0.74], [0.451, 14.423, 10.676, 0.75], [1, 0]]
[[0.397, 11.083, 9.083, 0.701], [0.414, 12.5, 9.25, 0.627], [1, 0]]
[[0.432, 13.259, 11.519, 0.751], [0.447, 14.0, 11.536, 0.736], [0, 1]]
[[0.443, 12.949, 10.153, 0.781], [0.454, 12.433, 10.633, 0.798], [0, 1]]
[[0.408, 13.788, 8.97, 0.717], [0.447, 14.0, 10.875, 0.725], [1, 0]]
[[0.46, 12.69, 10.983, 0.752], [0.45, 13.61, 9.153, 0.768], [0, 1]]
[[0.434, 12.059, 10.059, 0.759], [0.421, 14.0, 9.733, 0.72], [1, 0]]
[[0.424, 13.667, 11.2, 0.749], [0.414, 13.059, 10.059, 0.768], [1, 0]]
[[0.437, 12.9, 11.225, 0.763], [0.434, 14.324, 9.081, 0.737], [0, 1]]
[[0.45, 13.031, 9.797, 0.766], [0.45, 13.677, 9.092, 0.772], [1, 0]]
[[0.447, 14.139, 10.089, 0.769], [0.445, 15.291, 9.456, 0.762], [1, 0]]
[[0.438, 15.394, 10.303, 0.76], [0.461, 14.667, 10.121, 0.755], [0, 1]]
[[0.443, 12.581, 10.177, 0.722], [0.441, 15.41, 9.311, 0.751], [1, 0]]
[[0.449, 12.889, 9.593, 0.798], [0.45, 11.741, 8.444, 0.771], [1, 0]]
[[0.465, 14.18, 10.326, 0.773], [0.25, 10.5, 7.0, 0.389], [1, 0]]
[[0.458, 12.927, 10.2, 0.746], [0.468, 13.07, 10.351, 0.773], [1, 0]]
[[0.451, 12.506, 10.718, 0.797], [0.455, 13.671, 9.882, 0.75], [1, 0]]
[[0.429, 12.0, 10.558, 0.72], [0.453, 14.2, 10.556, 0.739], [1, 0]]
[[0.435, 12.368, 9.0, 0.735], [0.438, 14.838, 10.757, 0.729], [0, 1]]
[[0.444, 11.36, 8.04, 0.776], [0.441, 15.061, 9.143, 0.741], [1, 0]]
[[0.458, 12.839, 10.179, 0.748], [0.451, 13.667, 9.404, 0.79], [1, 0]]
[[0.454, 12.146, 8.902, 0.744], [0.466, 14.244, 10.768, 0.761], [1, 0]]
[[0.456, 14.527, 10.382, 0.744], [0.442, 12.885, 10.731, 0.76], [1, 0]]
[[0.442, 13.386, 10.205, 0.728], [0.45, 12.955, 9.136, 0.752], [0, 1]]
[[0.453, 13.282, 9.808, 0.776], [0.433, 13.013, 9.772, 0.752], [1, 0]]
[[0.398, 11.684, 10.421, 0.711], [0.42, 11.474, 9.526, 0.713], [1, 0]]
[[0.431, 12.667, 10.606, 0.751], [0.409, 13.486, 8.914, 0.718], [1, 0]]
[[0.442, 15.197, 9.553, 0.759], [0.444, 15.0, 10.724, 0.734], [0, 1]]
[[0.444, 12.981, 10.222, 0.784], [0.445, 11.208, 7.906, 0.774], [1, 0]]
[[0.449, 11.848, 8.506, 0.769], [0.467, 14.329, 10.278, 0.766], [0, 1]]
[[0.438, 14.316, 10.211, 0.737], [0.424, 13.316, 8.947, 0.755], [1, 0]]
[[0.466, 14.351, 10.595, 0.756], [0.433, 13.135, 9.554, 0.749], [1, 0]]
[[0.426, 12.545, 10.5, 0.734], [0.434, 13.318, 10.727, 0.72], [0, 1]]
[[0.413, 13.205, 9.0, 0.73], [0.446, 13.077, 9.103, 0.75], [0, 1]]
[[0.451, 12.298, 8.754, 0.745], [0.448, 12.518, 9.571, 0.749], [0, 1]]
[[0.447, 14.173, 10.062, 0.77], [0.446, 12.988, 10.235, 0.776], [1, 0]]
[[0.449, 12.963, 9.625, 0.797], [0.444, 15.051, 10.722, 0.733], [0, 1]]
[[0.34, 8.75, 8.5, 0.579], [0.32, 8.5, 5.25, 0.593], [1, 0]]
[[0.439, 12.966, 10.069, 0.721], [0.455, 14.367, 10.133, 0.751], [1, 0]]
[[0.447, 12.812, 10.224, 0.771], [0.467, 14.365, 10.788, 0.762], [0, 1]]
[[0.413, 13.154, 9.692, 0.749], [0.405, 11.25, 11.333, 0.694], [0, 1]]
[[0.298, 10.0, 6.333, 0.464], [0.293, 8.333, 7.333, 0.504], [1, 0]]
[[0.442, 12.125, 8.25, 0.76], [0.46, 12.567, 10.433, 0.778], [0, 1]]
[[0.46, 14.342, 10.816, 0.746], [0.415, 13.175, 9.125, 0.731], [0, 1]]
[[0.447, 13.014, 9.716, 0.793], [0.455, 14.838, 11.068, 0.776], [1, 0]]
[[0.447, 12.878, 10.027, 0.77], [0.452, 14.486, 10.703, 0.752], [1, 0]]
[[0.405, 11.286, 7.357, 0.725], [0.402, 11.0, 11.538, 0.708], [0, 1]]
[[0.439, 15.412, 9.412, 0.739], [0.433, 12.444, 8.611, 0.742], [0, 1]]
[[0.411, 13.667, 11.417, 0.719], [0.401, 10.923, 9.846, 0.695], [1, 0]]
[[0.384, 11.5, 7.917, 0.718], [0.389, 13.385, 8.077, 0.719], [0, 1]]
[[0.451, 14.29, 11.226, 0.741], [0.436, 15.0, 10.552, 0.746], [1, 0]]
[[0.45, 12.667, 10.2, 0.764], [0.43, 13.29, 9.677, 0.744], [0, 1]]
[[0.412, 11.643, 10.286, 0.704], [0.397, 10.267, 10.0, 0.705], [1, 0]]
[[0.425, 14.25, 10.938, 0.738], [0.428, 14.214, 10.643, 0.722], [0, 1]]
[[0.441, 12.952, 11.667, 0.769], [0.441, 15.403, 9.355, 0.752], [0, 1]]
[[0.451, 12.382, 10.912, 0.782], [0.44, 14.553, 10.816, 0.75], [1, 0]]
[[0.431, 13.714, 9.143, 0.716], [0.426, 14.429, 10.643, 0.753], [0, 1]]
[[0.447, 12.708, 9.846, 0.786], [0.451, 12.625, 9.359, 0.752], [0, 1]]
[[0.448, 11.358, 8.792, 0.745], [0.438, 15.135, 9.173, 0.742], [1, 0]]
[[0.414, 10.65, 9.6, 0.723], [0.424, 11.158, 7.789, 0.706], [1, 0]]
[[0.445, 12.446, 9.411, 0.737], [0.45, 13.464, 9.036, 0.77], [0, 1]]
[[0.45, 13.267, 10.2, 0.742], [0.443, 13.522, 9.478, 0.762], [0, 1]]
[[0.403, 12.143, 9.571, 0.695], [0.387, 11.75, 9.75, 0.652], [1, 0]]
[[0.457, 12.184, 8.782, 0.744], [0.461, 12.333, 8.908, 0.746], [1, 0]]
[[0.459, 13.925, 10.045, 0.746], [0.435, 13.191, 9.426, 0.744], [0, 1]]
[[0.438, 12.795, 11.386, 0.764], [0.446, 12.698, 10.14, 0.773], [1, 0]]
[[0.425, 13.8, 10.6, 0.665], [0.389, 12.667, 8.556, 0.73], [1, 0]]
[[0.447, 12.6, 10.4, 0.74], [0.452, 12.593, 10.864, 0.797], [0, 1]]
[[0.45, 13.066, 9.658, 0.793], [0.458, 13.605, 10.0, 0.746], [0, 1]]
[[0.412, 11.423, 11.346, 0.726], [0.447, 14.75, 10.167, 0.74], [1, 0]]
[[0.354, 11.0, 6.8, 0.548], [0.362, 11.4, 5.2, 0.598], [1, 0]]
[[0.458, 13.934, 10.197, 0.741], [0.45, 12.516, 9.306, 0.754], [1, 0]]
[[0.448, 11.585, 7.829, 0.77], [0.468, 12.488, 10.598, 0.77], [0, 1]]
[[0.437, 12.7, 10.067, 0.781], [0.451, 14.034, 11.448, 0.736], [0, 1]]
[[0.38, 11.615, 7.692, 0.725], [0.395, 10.714, 10.571, 0.669], [0, 1]]
[[0.432, 12.882, 11.353, 0.763], [0.451, 13.972, 10.806, 0.735], [0, 1]]
[[0.33, 12.5, 9.5, 0.618], [0.305, 8.0, 6.333, 0.555], [0, 1]]
[[0.419, 11.778, 9.444, 0.72], [0.421, 14.526, 10.947, 0.738], [1, 0]]
[[0.455, 12.943, 9.852, 0.776], [0.436, 12.864, 9.534, 0.76], [1, 0]]
[[0.429, 11.333, 9.933, 0.741], [0.426, 12.688, 9.25, 0.739], [0, 1]]
[[0.467, 13.042, 10.722, 0.773], [0.453, 14.507, 10.685, 0.753], [0, 1]]
[[0.468, 12.951, 10.695, 0.777], [0.447, 13.646, 10.805, 0.742], [0, 1]]
[[0.441, 12.491, 10.038, 0.72], [0.462, 12.962, 10.434, 0.774], [1, 0]]
[[0.446, 13.029, 10.029, 0.756], [0.44, 14.771, 10.657, 0.723], [0, 1]]
[[0.425, 12.481, 10.074, 0.738], [0.425, 11.429, 8.464, 0.727], [1, 0]]
[[0.449, 12.621, 10.724, 0.794], [0.455, 13.644, 9.736, 0.752], [1, 0]]
[[0.449, 12.821, 10.429, 0.769], [0.435, 15.379, 11.241, 0.754], [1, 0]]
[[0.443, 12.632, 10.14, 0.718], [0.442, 12.517, 9.655, 0.737], [0, 1]]
[[0.392, 10.625, 6.5, 0.698], [0.357, 12.857, 9.143, 0.634], [0, 1]]
[[0.446, 12.855, 10.161, 0.779], [0.447, 14.452, 9.919, 0.764], [1, 0]]
[[0.418, 13.75, 10.75, 0.669], [0.428, 13.385, 9.077, 0.71], [0, 1]]
[[0.433, 14.0, 10.364, 0.684], [0.417, 14.75, 9.75, 0.732], [1, 0]]
[[0.466, 14.313, 10.807, 0.76], [0.256, 7.0, 5.0, 0.352], [1, 0]]
[[0.368, 14.4, 7.4, 0.614], [0.375, 15.5, 7.5, 0.622], [1, 0]]
[[0.45, 12.535, 10.698, 0.796], [0.455, 13.663, 9.802, 0.75], [0, 1]]
[[0.452, 12.431, 8.785, 0.748], [0.443, 12.815, 9.631, 0.74], [1, 0]]
[[0.451, 15.036, 11.375, 0.779], [0.457, 14.672, 10.466, 0.747], [0, 1]]
[[0.438, 11.528, 7.889, 0.768], [0.46, 14.457, 9.886, 0.757], [1, 0]]
[[0.235, 8.0, 4.0, 0.361], [0.24, 6.5, 10.5, 0.443], [1, 0]]
[[0.239, 7.0, 5.5, 0.368], [0.253, 8.0, 4.0, 0.383], [1, 0]]
[[0.449, 12.831, 9.602, 0.797], [0.456, 13.747, 9.88, 0.748], [1, 0]]
[[0.466, 14.406, 10.422, 0.765], [0.445, 14.672, 10.688, 0.731], [1, 0]]
[[0.45, 13.907, 9.426, 0.79], [0.464, 14.093, 10.13, 0.77], [0, 1]]
[[0.383, 14.25, 9.75, 0.692], [0.395, 15.125, 10.5, 0.701], [0, 1]]
[[0.445, 13.775, 9.625, 0.795], [0.45, 12.385, 10.385, 0.744], [0, 1]]
[[0.444, 12.394, 10.197, 0.731], [0.439, 12.0, 8.785, 0.766], [1, 0]]
[[0.399, 11.579, 8.0, 0.731], [0.427, 11.1, 7.6, 0.706], [0, 1]]
[[0.42, 11.824, 9.471, 0.712], [0.435, 13.556, 9.444, 0.684], [0, 1]]
[[0.431, 13.857, 11.667, 0.76], [0.424, 12.81, 9.524, 0.745], [1, 0]]
[[0.456, 12.438, 10.688, 0.755], [0.446, 14.192, 10.673, 0.75], [0, 1]]
[[0.459, 15.108, 11.031, 0.781], [0.465, 14.381, 10.175, 0.771], [0, 1]]
[[0.461, 12.293, 10.133, 0.739], [0.448, 13.0, 10.342, 0.768], [0, 1]]
[[0.448, 12.038, 8.906, 0.747], [0.444, 14.434, 10.66, 0.735], [1, 0]]
[[0.448, 12.056, 8.87, 0.748], [0.446, 12.352, 9.426, 0.735], [1, 0]]
[[0.435, 12.265, 10.082, 0.721], [0.445, 11.188, 8.688, 0.738], [1, 0]]
[[0.452, 12.297, 10.625, 0.8], [0.458, 13.887, 10.081, 0.743], [0, 1]]
[[0.446, 13.679, 10.69, 0.743], [0.461, 14.833, 10.929, 0.759], [0, 1]]
[[0.439, 12.688, 10.188, 0.778], [0.431, 11.333, 7.867, 0.763], [0, 1]]
[[0.293, 7.667, 8.667, 0.483], [0.363, 9.5, 6.5, 0.567], [0, 1]]
[[0.435, 10.778, 8.611, 0.738], [0.439, 14.853, 10.706, 0.718], [0, 1]]
[[0.442, 12.226, 9.792, 0.732], [0.45, 12.442, 11.058, 0.794], [1, 0]]
[[0.244, 5.5, 3.0, 0.5], [0.203, 3.5, 7.5, 0.348], [1, 0]]
[[0.442, 13.0, 11.71, 0.767], [0.443, 12.597, 9.677, 0.743], [1, 0]]
[[0.434, 13.072, 9.493, 0.745], [0.444, 13.058, 10.449, 0.771], [1, 0]]
[[0.448, 13.625, 10.625, 0.74], [0.458, 14.605, 11.0, 0.775], [0, 1]]
[[0.426, 12.619, 10.524, 0.726], [0.434, 13.619, 7.81, 0.686], [1, 0]]
[[0.439, 13.316, 10.684, 0.721], [0.414, 12.368, 11.789, 0.714], [0, 1]]
[[0.448, 12.724, 10.345, 0.766], [0.442, 14.867, 10.4, 0.711], [1, 0]]
[[0.431, 12.941, 7.882, 0.73], [0.433, 12.867, 10.0, 0.72], [1, 0]]
[[0.427, 11.5, 9.867, 0.715], [0.461, 12.429, 10.429, 0.776], [0, 1]]
[[0.449, 11.438, 7.906, 0.774], [0.448, 14.262, 10.631, 0.75], [1, 0]]
[[0.29, 10.333, 4.667, 0.521], [0.308, 9.0, 6.333, 0.519], [1, 0]]
[[0.447, 12.744, 10.174, 0.771], [0.466, 14.384, 10.791, 0.763], [0, 1]]
[[0.446, 12.944, 9.681, 0.792], [0.466, 14.282, 10.155, 0.764], [1, 0]]
[[0.454, 12.98, 10.216, 0.741], [0.465, 14.192, 10.0, 0.769], [1, 0]]
[[0.451, 14.083, 9.312, 0.792], [0.454, 14.442, 10.346, 0.746], [1, 0]]
[[0.441, 13.234, 10.255, 0.779], [0.446, 12.727, 10.114, 0.775], [1, 0]]
[[0.453, 13.2, 9.813, 0.774], [0.464, 14.355, 10.658, 0.759], [0, 1]]
[[0.4, 10.562, 10.125, 0.705], [0.426, 13.0, 9.733, 0.702], [0, 1]]
[[0.433, 12.294, 8.588, 0.731], [0.432, 13.118, 9.941, 0.714], [0, 1]]
[[0.442, 13.568, 9.432, 0.76], [0.44, 13.0, 10.957, 0.756], [0, 1]]
[[0.442, 11.889, 7.926, 0.772], [0.436, 13.481, 10.074, 0.689], [1, 0]]
[[0.446, 13.889, 11.407, 0.745], [0.432, 12.593, 9.074, 0.744], [1, 0]]
[[0.442, 12.797, 11.797, 0.77], [0.452, 13.192, 9.808, 0.77], [0, 1]]
[[0.388, 11.833, 10.167, 0.66], [0.381, 9.833, 9.333, 0.639], [1, 0]]
[[0.434, 13.012, 9.738, 0.752], [0.449, 13.684, 10.481, 0.74], [0, 1]]
[[0.27, 9.5, 6.0, 0.416], [0.213, 9.5, 6.0, 0.361], [1, 0]]
[[0.394, 13.444, 10.889, 0.684], [0.403, 11.333, 10.111, 0.666], [0, 1]]
[[0.451, 13.217, 9.725, 0.769], [0.434, 13.155, 9.465, 0.748], [0, 1]]
[[0.457, 12.236, 8.73, 0.743], [0.46, 12.27, 8.899, 0.745], [0, 1]]
[[0.444, 12.388, 10.09, 0.73], [0.45, 12.299, 10.746, 0.8], [1, 0]]
[[0.445, 12.741, 11.617, 0.764], [0.434, 13.0, 9.704, 0.753], [0, 1]]
[[0.443, 12.75, 11.645, 0.772], [0.446, 12.645, 10.526, 0.735], [0, 1]]
[[0.441, 11.975, 8.9, 0.752], [0.415, 13.171, 9.024, 0.733], [0, 1]]
[[0.442, 12.923, 11.677, 0.773], [0.445, 12.538, 9.677, 0.746], [1, 0]]
[[0.467, 14.316, 10.263, 0.764], [0.456, 12.416, 9.091, 0.748], [0, 1]]
[[0.435, 12.861, 11.278, 0.76], [0.443, 12.771, 10.229, 0.709], [0, 1]]
[[0.44, 12.826, 11.435, 0.768], [0.446, 15.455, 11.523, 0.767], [0, 1]]
[[0.439, 12.82, 11.54, 0.77], [0.442, 14.571, 10.816, 0.732], [0, 1]]
[[0.44, 11.8, 8.545, 0.768], [0.45, 12.564, 9.527, 0.751], [0, 1]]
[[0.467, 13.082, 10.525, 0.769], [0.449, 13.623, 9.18, 0.769], [1, 0]]
[[0.447, 11.397, 7.937, 0.774], [0.443, 13.609, 10.406, 0.738], [1, 0]]
[[0.411, 13.333, 10.667, 0.661], [0.396, 12.364, 9.455, 0.698], [0, 1]]
[[0.443, 14.654, 9.615, 0.773], [0.425, 11.154, 8.308, 0.722], [1, 0]]
[[0.431, 12.581, 9.129, 0.732], [0.434, 14.0, 8.69, 0.705], [1, 0]]
[[0.449, 11.525, 8.949, 0.751], [0.439, 11.879, 8.569, 0.768], [1, 0]]
[[0.44, 11.821, 9.974, 0.722], [0.45, 13.949, 10.872, 0.734], [0, 1]]
[[0.45, 13.458, 9.708, 0.787], [0.447, 12.986, 9.685, 0.792], [0, 1]]
[[0.435, 12.692, 10.462, 0.708], [0.389, 13.571, 7.857, 0.713], [0, 1]]
[[0.447, 11.12, 8.56, 0.739], [0.444, 12.373, 9.392, 0.735], [1, 0]]
[[0.206, 5.5, 2.5, 0.443], [0.447, 13.663, 10.735, 0.743], [1, 0]]
[[0.453, 12.545, 10.758, 0.781], [0.442, 15.735, 11.206, 0.749], [0, 1]]
[[0.45, 13.364, 9.055, 0.768], [0.446, 14.418, 10.636, 0.735], [1, 0]]
[[0.454, 12.857, 9.612, 0.768], [0.439, 13.62, 10.22, 0.729], [1, 0]]
[[0.453, 12.358, 8.776, 0.749], [0.446, 13.507, 10.522, 0.738], [0, 1]]
[[0.401, 10.857, 9.286, 0.658], [0.352, 11.0, 8.857, 0.69], [0, 1]]
[[0.452, 14.964, 11.364, 0.779], [0.442, 12.909, 10.8, 0.763], [1, 0]]
[[0.423, 13.471, 11.294, 0.763], [0.422, 11.118, 7.706, 0.709], [0, 1]]
[[0.446, 11.339, 7.864, 0.777], [0.444, 12.75, 9.567, 0.738], [1, 0]]
[[0.436, 12.24, 9.98, 0.719], [0.445, 14.633, 9.918, 0.764], [1, 0]]
[[0.448, 14.099, 9.746, 0.766], [0.448, 11.583, 9.375, 0.736], [1, 0]]
[[0.341, 10.0, 8.25, 0.589], [0.327, 9.0, 7.25, 0.613], [1, 0]]
[[0.432, 14.133, 9.533, 0.717], [0.43, 13.6, 9.4, 0.668], [1, 0]]
[[0.45, 13.364, 9.831, 0.789], [0.451, 12.571, 10.922, 0.795], [0, 1]]
[[0.43, 12.368, 9.053, 0.731], [0.405, 11.579, 9.895, 0.695], [0, 1]]
[[0.444, 15.219, 9.452, 0.76], [0.448, 13.027, 10.378, 0.771], [1, 0]]
[[0.444, 15.19, 10.024, 0.759], [0.454, 12.619, 11.167, 0.795], [0, 1]]
[[0.393, 12.889, 8.333, 0.675], [0.394, 11.0, 9.6, 0.679], [0, 1]]
[[0.45, 12.792, 10.021, 0.783], [0.45, 13.5, 10.417, 0.728], [1, 0]]
[[0.462, 12.237, 10.171, 0.737], [0.443, 15.221, 9.519, 0.759], [1, 0]]
[[0.466, 14.375, 10.458, 0.744], [0.45, 12.796, 9.245, 0.75], [1, 0]]
[[0.447, 11.72, 8.507, 0.767], [0.459, 13.573, 9.933, 0.746], [0, 1]]
[[0.424, 11.871, 10.903, 0.714], [0.434, 14.364, 10.818, 0.742], [1, 0]]
[[0.443, 12.681, 9.792, 0.747], [0.444, 15.324, 9.423, 0.758], [1, 0]]
[[0.455, 13.524, 9.098, 0.775], [0.256, 6.5, 5.0, 0.365], [1, 0]]
[[0.451, 13.338, 9.838, 0.791], [0.458, 13.637, 9.912, 0.748], [1, 0]]
[[0.212, 4.0, 5.0, 0.375], [0.225, 5.0, 5.5, 0.416], [1, 0]]
[[0.445, 12.362, 10.246, 0.731], [0.444, 12.623, 9.522, 0.737], [1, 0]]
[[0.435, 12.708, 9.833, 0.778], [0.432, 13.619, 9.619, 0.726], [0, 1]]
[[0.463, 12.646, 10.923, 0.756], [0.466, 14.406, 10.172, 0.766], [0, 1]]
[[0.432, 13.061, 11.303, 0.764], [0.437, 12.306, 8.944, 0.733], [0, 1]]
[[0.44, 12.156, 9.844, 0.726], [0.435, 12.318, 9.341, 0.732], [0, 1]]
[[0.452, 12.187, 8.973, 0.749], [0.446, 12.573, 9.293, 0.737], [1, 0]]
[[0.432, 15.333, 9.467, 0.745], [0.412, 12.312, 10.562, 0.698], [0, 1]]
[[0.398, 13.083, 7.917, 0.714], [0.413, 12.462, 9.385, 0.718], [1, 0]]
[[0.454, 13.136, 9.84, 0.771], [0.458, 12.531, 9.0, 0.748], [0, 1]]
[[0.456, 13.879, 10.276, 0.743], [0.454, 15.083, 11.283, 0.779], [1, 0]]
[[0.452, 13.108, 10.216, 0.741], [0.443, 15.615, 11.615, 0.758], [1, 0]]
[[0.244, 5.5, 3.0, 0.5], [0.26, 6.0, 2.5, 0.5], [0, 1]]
[[0.452, 12.54, 11.0, 0.794], [0.442, 12.34, 9.52, 0.734], [1, 0]]
[[0.443, 12.7, 9.95, 0.767], [0.463, 14.436, 9.718, 0.76], [1, 0]]
[[0.45, 12.537, 10.981, 0.797], [0.45, 12.679, 9.472, 0.752], [1, 0]]
[[0.444, 12.644, 9.822, 0.749], [0.443, 11.681, 8.667, 0.765], [0, 1]]
[[0.191, 5.5, 7.5, 0.393], [0.466, 14.241, 10.337, 0.769], [1, 0]]
[[0.45, 12.949, 9.881, 0.765], [0.446, 14.082, 10.77, 0.75], [1, 0]]
[[0.429, 11.419, 8.645, 0.729], [0.435, 12.767, 11.4, 0.729], [1, 0]]
[[0.449, 13.082, 9.787, 0.768], [0.445, 12.698, 9.524, 0.741], [1, 0]]
[[0.446, 12.044, 9.022, 0.742], [0.441, 11.477, 7.886, 0.765], [1, 0]]
[[0.443, 13.017, 10.19, 0.782], [0.443, 12.617, 9.667, 0.739], [1, 0]]
[[0.443, 13.529, 10.098, 0.731], [0.441, 12.922, 10.784, 0.762], [0, 1]]
[[0.451, 13.333, 9.765, 0.79], [0.447, 12.593, 9.753, 0.754], [1, 0]]
[[0.428, 11.048, 7.905, 0.714], [0.439, 13.143, 10.429, 0.749], [0, 1]]
[[0.331, 9.2, 8.0, 0.607], [0.376, 11.0, 8.667, 0.622], [1, 0]]
[[0.445, 12.538, 9.795, 0.75], [0.448, 14.117, 10.065, 0.768], [0, 1]]
[[0.394, 11.533, 7.6, 0.726], [0.427, 12.882, 9.294, 0.751], [0, 1]]
[[0.424, 13.667, 8.667, 0.66], [0.408, 12.625, 6.375, 0.581], [1, 0]]
[[0.445, 12.825, 11.575, 0.768], [0.466, 14.287, 10.4, 0.766], [0, 1]]
[[0.456, 14.727, 11.013, 0.774], [0.457, 12.436, 9.141, 0.746], [0, 1]]
