[[0.453, 13.333, 9.583, 0.746], [0.454, 12.562, 8.208, 0.758], [0, 1]]
[[0.437, 13.269, 9.423, 0.757], [0.447, 14.107, 10.179, 0.728], [1, 0]]
[[0.443, 13.822, 9.533, 0.755], [0.451, 13.733, 10.667, 0.78], [0, 1]]
[[0.454, 12.52, 8.22, 0.754], [0.445, 12.68, 9.32, 0.752], [0, 1]]
[[0.445, 13.956, 7.933, 0.774], [0.448, 13.067, 8.956, 0.704], [1, 0]]
[[0.447, 13.254, 8.237, 0.747], [0.446, 14.607, 10.75, 0.751], [0, 1]]
[[0.436, 15.263, 8.789, 0.736], [0.419, 13.35, 8.05, 0.736], [0, 1]]
[[0.448, 13.147, 9.868, 0.744], [0.447, 14.072, 8.217, 0.764], [0, 1]]
[[0.396, 12.375, 10.125, 0.659], [0.383, 11.875, 9.125, 0.598], [1, 0]]
[[0.465, 14.545, 9.855, 0.778], [0.446, 14.089, 11.554, 0.693], [0, 1]]
[[0.426, 15.4, 7.95, 0.764], [0.404, 12.412, 7.941, 0.688], [1, 0]]
[[0.229, 8.5, 4.5, 0.42], [0.26, 7.0, 7.0, 0.391], [1, 0]]
[[0.456, 13.419, 9.027, 0.743], [0.466, 13.907, 9.6, 0.773], [1, 0]]
[[0.461, 13.824, 8.206, 0.754], [0.464, 13.486, 9.324, 0.772], [1, 0]]
[[0.467, 14.093, 9.767, 0.769], [0.447, 12.767, 9.942, 0.774], [1, 0]]
[[0.345, 9.75, 7.75, 0.618], [0.296, 12.333, 8.667, 0.539], [1, 0]]
[[0.441, 13.647, 10.529, 0.742], [0.441, 13.258, 10.0, 0.727], [0, 1]]
[[0.451, 13.781, 10.547, 0.78], [0.46, 14.0, 9.661, 0.749], [0, 1]]
[[0.435, 13.045, 9.068, 0.746], [0.44, 13.9, 9.4, 0.758], [1, 0]]
[[0.455, 13.342, 9.082, 0.743], [0.446, 13.164, 9.863, 0.736], [1, 0]]
[[0.455, 13.933, 8.622, 0.739], [0.463, 14.438, 9.896, 0.778], [1, 0]]
[[0.312, 13.0, 6.25, 0.544], [0.394, 11.2, 6.4, 0.626], [0, 1]]
[[0.199, 8.5, 1.5, 0.397], [0.213, 4.0, 4.5, 0.459], [0, 1]]
[[0.442, 14.452, 8.839, 0.752], [0.433, 13.25, 9.25, 0.702], [0, 1]]
[[0.408, 13.2, 9.0, 0.747], [0.425, 13.077, 8.769, 0.728], [1, 0]]
[[0.45, 12.952, 9.81, 0.744], [0.465, 13.143, 9.048, 0.764], [0, 1]]
[[0.451, 13.018, 9.446, 0.745], [0.456, 14.879, 9.793, 0.771], [0, 1]]
[[0.445, 13.889, 9.444, 0.727], [0.437, 13.667, 9.944, 0.712], [1, 0]]
[[0.442, 15.435, 11.174, 0.702], [0.438, 16.087, 10.043, 0.7], [1, 0]]
[[0.462, 13.676, 9.382, 0.777], [0.442, 13.528, 10.722, 0.745], [1, 0]]
[[0.45, 12.927, 9.909, 0.767], [0.449, 13.86, 10.579, 0.776], [1, 0]]
[[0.462, 13.5, 9.083, 0.756], [0.461, 12.64, 9.02, 0.743], [1, 0]]
[[0.45, 15.192, 9.423, 0.777], [0.457, 14.96, 9.12, 0.749], [1, 0]]
[[0.445, 13.611, 9.833, 0.743], [0.44, 12.974, 9.184, 0.768], [1, 0]]
[[0.462, 13.917, 8.583, 0.775], [0.466, 14.467, 9.433, 0.766], [0, 1]]
[[0.449, 13.833, 8.067, 0.765], [0.444, 12.733, 9.783, 0.767], [0, 1]]
[[0.453, 13.091, 8.636, 0.75], [0.445, 12.553, 8.895, 0.757], [1, 0]]
[[0.44, 15.194, 11.548, 0.713], [0.42, 14.323, 11.645, 0.669], [0, 1]]
[[0.454, 13.37, 8.852, 0.74], [0.45, 12.889, 9.111, 0.735], [0, 1]]
[[0.463, 12.523, 8.977, 0.74], [0.449, 13.956, 10.333, 0.747], [1, 0]]
[[0.433, 12.457, 8.286, 0.729], [0.453, 14.029, 10.486, 0.776], [1, 0]]
[[0.463, 13.078, 9.494, 0.763], [0.454, 13.117, 8.87, 0.745], [1, 0]]
[[0.445, 13.071, 9.071, 0.707], [0.453, 13.714, 9.929, 0.748], [0, 1]]
[[0.449, 13.246, 9.986, 0.771], [0.451, 13.103, 9.824, 0.771], [0, 1]]
[[0.466, 13.111, 8.926, 0.763], [0.449, 14.488, 10.775, 0.744], [0, 1]]
[[0.449, 13.947, 8.158, 0.765], [0.444, 12.621, 9.759, 0.764], [1, 0]]
[[0.448, 12.779, 9.857, 0.771], [0.449, 14.013, 11.597, 0.701], [1, 0]]
[[0.473, 12.521, 9.616, 0.79], [0.461, 13.845, 9.845, 0.754], [1, 0]]
[[0.446, 13.773, 9.091, 0.752], [0.456, 13.37, 9.457, 0.746], [1, 0]]
[[0.444, 14.693, 9.6, 0.774], [0.472, 12.513, 9.632, 0.787], [1, 0]]
[[0.449, 13.154, 9.327, 0.743], [0.445, 13.333, 8.241, 0.742], [1, 0]]
[[0.449, 13.955, 8.625, 0.761], [0.45, 13.966, 11.375, 0.713], [0, 1]]
[[0.455, 13.506, 8.795, 0.745], [0.238, 8.5, 4.5, 0.4], [0, 1]]
[[0.46, 13.261, 9.174, 0.753], [0.439, 13.936, 11.809, 0.686], [0, 1]]
[[0.455, 13.917, 8.5, 0.736], [0.47, 14.714, 8.918, 0.76], [0, 1]]
[[0.446, 13.968, 10.516, 0.731], [0.442, 13.0, 9.185, 0.764], [0, 1]]
[[0.454, 12.788, 8.485, 0.747], [0.432, 12.516, 8.129, 0.729], [0, 1]]
[[0.445, 13.714, 9.643, 0.73], [0.437, 15.214, 11.536, 0.714], [0, 1]]
[[0.467, 12.679, 8.893, 0.748], [0.454, 13.722, 9.556, 0.751], [0, 1]]
[[0.443, 14.596, 9.789, 0.772], [0.446, 13.783, 11.517, 0.688], [0, 1]]
[[0.472, 14.548, 8.881, 0.758], [0.441, 12.93, 9.349, 0.747], [1, 0]]
[[0.465, 14.34, 9.736, 0.777], [0.448, 13.5, 9.038, 0.721], [1, 0]]
[[0.449, 13.229, 10.0, 0.771], [0.447, 14.522, 10.884, 0.751], [0, 1]]
[[0.454, 15.019, 10.019, 0.773], [0.45, 13.836, 10.727, 0.775], [1, 0]]
[[0.435, 14.946, 11.514, 0.729], [0.446, 13.744, 10.538, 0.749], [1, 0]]
[[0.415, 14.25, 8.688, 0.733], [0.426, 12.933, 9.2, 0.707], [0, 1]]
[[0.428, 12.571, 7.571, 0.665], [0.386, 14.667, 10.667, 0.608], [1, 0]]
[[0.462, 13.472, 8.83, 0.754], [0.463, 13.222, 9.37, 0.762], [0, 1]]
[[0.45, 13.114, 9.848, 0.764], [0.448, 14.449, 10.833, 0.746], [0, 1]]
[[0.44, 13.706, 9.059, 0.747], [0.439, 13.059, 8.941, 0.761], [0, 1]]
[[0.442, 15.067, 11.2, 0.744], [0.439, 12.51, 8.306, 0.759], [1, 0]]
[[0.461, 14.634, 9.61, 0.776], [0.451, 13.564, 9.974, 0.746], [1, 0]]
[[0.407, 12.667, 9.167, 0.656], [0.431, 13.909, 10.0, 0.705], [0, 1]]
[[0.445, 13.882, 9.588, 0.738], [0.437, 13.067, 10.867, 0.727], [1, 0]]
[[0.442, 13.875, 8.688, 0.741], [0.447, 12.867, 9.1, 0.756], [0, 1]]
[[0.44, 15.13, 7.957, 0.759], [0.444, 13.667, 10.476, 0.744], [1, 0]]
[[0.441, 12.19, 8.362, 0.761], [0.45, 12.862, 9.828, 0.768], [0, 1]]
[[0.454, 15.157, 10.039, 0.771], [0.467, 12.87, 9.574, 0.782], [1, 0]]
[[0.456, 13.554, 8.677, 0.75], [0.462, 14.076, 8.621, 0.774], [1, 0]]
[[0.446, 14.631, 9.523, 0.776], [0.445, 12.523, 8.538, 0.757], [0, 1]]
[[0.455, 12.623, 8.406, 0.75], [0.453, 13.739, 10.522, 0.783], [1, 0]]
[[0.449, 13.5, 9.0, 0.724], [0.438, 12.315, 8.481, 0.758], [1, 0]]
[[0.466, 12.655, 8.927, 0.747], [0.442, 14.647, 11.098, 0.749], [1, 0]]
[[0.438, 13.167, 9.111, 0.756], [0.44, 14.278, 10.889, 0.755], [0, 1]]
[[0.472, 12.563, 9.69, 0.788], [0.447, 12.761, 9.775, 0.775], [0, 1]]
[[0.437, 14.25, 8.893, 0.744], [0.454, 14.0, 10.552, 0.775], [0, 1]]
[[0.456, 14.079, 8.342, 0.726], [0.462, 14.6, 9.5, 0.775], [0, 1]]
[[0.45, 13.6, 8.85, 0.726], [0.421, 12.684, 9.105, 0.692], [1, 0]]
[[0.465, 13.13, 9.026, 0.761], [0.466, 13.883, 9.61, 0.774], [1, 0]]
[[0.451, 13.235, 8.776, 0.75], [0.451, 14.306, 10.871, 0.743], [1, 0]]
[[0.45, 13.17, 9.34, 0.741], [0.444, 12.545, 9.618, 0.761], [1, 0]]
[[0.465, 13.415, 8.938, 0.754], [0.462, 14.242, 10.47, 0.751], [1, 0]]
[[0.446, 14.909, 8.455, 0.733], [0.433, 12.917, 8.667, 0.691], [1, 0]]
[[0.444, 13.405, 9.452, 0.749], [0.44, 12.545, 8.205, 0.751], [0, 1]]
[[0.447, 14.54, 10.825, 0.748], [0.462, 14.047, 8.578, 0.776], [0, 1]]
[[0.461, 13.014, 9.479, 0.762], [0.465, 13.945, 9.589, 0.772], [0, 1]]
[[0.382, 13.125, 8.125, 0.64], [0.383, 12.0, 7.625, 0.646], [1, 0]]
[[0.396, 12.182, 9.364, 0.745], [0.427, 13.273, 8.182, 0.681], [1, 0]]
[[0.317, 10.0, 5.333, 0.582], [0.305, 10.667, 6.0, 0.521], [0, 1]]
[[0.409, 16.167, 8.75, 0.73], [0.419, 14.917, 10.5, 0.655], [0, 1]]
[[0.446, 14.773, 10.886, 0.737], [0.443, 13.289, 9.178, 0.768], [0, 1]]
[[0.429, 13.955, 8.091, 0.736], [0.428, 13.333, 9.667, 0.755], [0, 1]]
[[0.419, 14.6, 8.6, 0.675], [0.424, 11.5, 10.6, 0.712], [1, 0]]
[[0.463, 12.667, 9.098, 0.741], [0.458, 13.306, 9.265, 0.762], [1, 0]]
[[0.444, 13.733, 9.967, 0.734], [0.452, 12.7, 9.3, 0.737], [1, 0]]
[[0.437, 12.359, 8.359, 0.749], [0.443, 13.135, 9.622, 0.766], [0, 1]]
[[0.402, 12.636, 8.455, 0.64], [0.444, 14.273, 8.545, 0.735], [0, 1]]
[[0.456, 13.4, 8.85, 0.745], [0.447, 12.575, 9.887, 0.776], [1, 0]]
[[0.463, 13.364, 8.697, 0.743], [0.457, 14.033, 8.5, 0.743], [0, 1]]
[[0.446, 13.274, 9.758, 0.771], [0.441, 12.18, 8.393, 0.755], [1, 0]]
[[0.439, 14.462, 8.385, 0.765], [0.445, 13.333, 8.917, 0.762], [0, 1]]
[[0.47, 14.66, 8.96, 0.759], [0.459, 14.26, 9.66, 0.746], [0, 1]]
[[0.456, 14.211, 10.316, 0.753], [0.454, 14.241, 10.207, 0.752], [1, 0]]
[[0.433, 12.3, 8.0, 0.7], [0.415, 12.778, 8.556, 0.715], [1, 0]]
[[0.467, 13.922, 8.662, 0.776], [0.456, 14.605, 10.579, 0.719], [1, 0]]
[[0.454, 13.5, 9.66, 0.746], [0.454, 15.04, 10.08, 0.769], [1, 0]]
[[0.453, 12.431, 8.216, 0.749], [0.45, 14.68, 10.6, 0.743], [0, 1]]
[[0.454, 13.774, 8.396, 0.744], [0.445, 13.25, 9.679, 0.764], [1, 0]]
[[0.439, 12.44, 8.34, 0.758], [0.453, 14.959, 10.265, 0.706], [0, 1]]
[[0.453, 12.788, 9.182, 0.737], [0.452, 15.281, 9.531, 0.757], [1, 0]]
[[0.433, 14.9, 11.633, 0.732], [0.43, 12.567, 8.1, 0.723], [0, 1]]
[[0.423, 15.083, 10.333, 0.734], [0.414, 15.091, 8.455, 0.678], [1, 0]]
[[0.388, 11.625, 8.25, 0.71], [0.362, 12.75, 10.375, 0.673], [1, 0]]
[[0.413, 13.1, 8.6, 0.741], [0.426, 14.444, 8.056, 0.739], [0, 1]]
[[0.357, 12.6, 9.6, 0.599], [0.373, 11.4, 9.6, 0.62], [1, 0]]
[[0.432, 14.897, 11.862, 0.728], [0.418, 14.483, 11.69, 0.672], [0, 1]]
[[0.413, 12.6, 9.7, 0.661], [0.397, 14.3, 10.2, 0.65], [0, 1]]
[[0.442, 15.375, 11.438, 0.716], [0.462, 13.697, 9.394, 0.781], [0, 1]]
[[0.454, 13.484, 8.645, 0.748], [0.458, 14.049, 9.59, 0.749], [1, 0]]
[[0.456, 13.758, 9.548, 0.763], [0.462, 13.869, 8.59, 0.775], [1, 0]]
[[0.418, 13.05, 9.2, 0.683], [0.435, 13.579, 10.421, 0.746], [0, 1]]
[[0.442, 13.469, 9.551, 0.755], [0.44, 13.896, 11.729, 0.686], [0, 1]]
[[0.471, 12.8, 9.417, 0.789], [0.45, 13.536, 9.107, 0.727], [1, 0]]
[[0.424, 12.6, 9.05, 0.702], [0.423, 13.5, 9.95, 0.748], [0, 1]]
[[0.399, 12.1, 9.3, 0.731], [0.382, 14.556, 10.111, 0.654], [1, 0]]
[[0.449, 13.281, 8.877, 0.756], [0.449, 12.929, 9.929, 0.766], [0, 1]]
[[0.419, 13.417, 7.583, 0.714], [0.417, 15.455, 7.455, 0.724], [1, 0]]
[[0.447, 13.986, 8.296, 0.763], [0.452, 13.125, 9.056, 0.743], [1, 0]]
[[0.407, 14.727, 10.0, 0.707], [0.373, 11.222, 7.667, 0.658], [1, 0]]
[[0.461, 13.778, 8.306, 0.755], [0.443, 13.139, 9.639, 0.764], [0, 1]]
[[0.444, 14.265, 7.941, 0.756], [0.437, 13.176, 9.265, 0.767], [1, 0]]
[[0.463, 12.533, 8.978, 0.74], [0.443, 13.841, 7.932, 0.773], [1, 0]]
[[0.439, 12.321, 8.472, 0.757], [0.458, 14.212, 9.654, 0.748], [0, 1]]
[[0.218, 6.5, 5.5, 0.383], [0.239, 7.0, 5.5, 0.38], [0, 1]]
[[0.468, 13.938, 8.765, 0.779], [0.455, 13.506, 10.58, 0.783], [1, 0]]
[[0.464, 14.075, 8.582, 0.774], [0.451, 13.701, 10.478, 0.782], [1, 0]]
[[0.436, 14.75, 8.875, 0.747], [0.447, 15.833, 9.875, 0.74], [1, 0]]
[[0.44, 13.083, 9.271, 0.77], [0.445, 13.089, 9.911, 0.766], [0, 1]]
[[0.472, 14.557, 9.852, 0.783], [0.444, 13.758, 11.532, 0.689], [1, 0]]
[[0.439, 13.103, 9.207, 0.754], [0.442, 14.414, 8.379, 0.766], [1, 0]]
[[0.438, 13.132, 9.264, 0.748], [0.451, 13.736, 10.491, 0.778], [1, 0]]
[[0.459, 14.183, 10.333, 0.75], [0.446, 12.689, 9.574, 0.772], [1, 0]]
[[0.46, 13.707, 10.451, 0.755], [0.446, 12.634, 10.0, 0.777], [1, 0]]
[[0.448, 13.635, 9.038, 0.755], [0.466, 12.648, 8.981, 0.745], [1, 0]]
[[0.443, 13.553, 10.526, 0.748], [0.438, 12.833, 9.333, 0.707], [1, 0]]
[[0.436, 13.178, 8.933, 0.749], [0.438, 14.9, 11.575, 0.737], [1, 0]]
[[0.466, 14.4, 9.78, 0.777], [0.467, 12.827, 9.596, 0.781], [1, 0]]
[[0.433, 14.143, 7.143, 0.724], [0.414, 13.538, 8.385, 0.714], [1, 0]]
[[0.442, 13.826, 9.457, 0.753], [0.442, 13.106, 9.106, 0.769], [0, 1]]
[[0.466, 13.889, 9.583, 0.771], [0.455, 12.528, 8.528, 0.753], [1, 0]]
[[0.447, 13.667, 9.762, 0.722], [0.443, 14.417, 10.0, 0.708], [1, 0]]
[[0.463, 13.441, 8.926, 0.755], [0.452, 14.314, 10.186, 0.754], [1, 0]]
[[0.461, 13.728, 10.457, 0.755], [0.463, 13.728, 10.025, 0.748], [1, 0]]
[[0.449, 13.727, 8.068, 0.75], [0.44, 12.467, 8.178, 0.754], [0, 1]]
[[0.415, 14.471, 11.353, 0.688], [0.424, 15.842, 7.947, 0.76], [1, 0]]
[[0.449, 13.031, 9.922, 0.744], [0.449, 13.25, 8.516, 0.749], [0, 1]]
[[0.453, 14.074, 8.481, 0.741], [0.471, 14.867, 8.933, 0.742], [0, 1]]
[[0.443, 15.238, 9.571, 0.729], [0.434, 13.55, 9.05, 0.761], [0, 1]]
[[0.463, 13.46, 8.94, 0.758], [0.447, 13.2, 9.36, 0.741], [0, 1]]
[[0.422, 13.824, 7.824, 0.744], [0.402, 12.647, 9.059, 0.667], [1, 0]]
[[0.438, 12.938, 8.219, 0.744], [0.443, 13.758, 10.424, 0.737], [0, 1]]
[[0.436, 13.152, 8.606, 0.757], [0.444, 14.677, 8.613, 0.762], [1, 0]]
[[0.445, 13.653, 9.061, 0.752], [0.449, 13.4, 8.08, 0.741], [0, 1]]
[[0.463, 12.906, 9.25, 0.752], [0.457, 13.692, 9.446, 0.764], [1, 0]]
[[0.41, 12.75, 9.5, 0.705], [0.432, 12.0, 10.545, 0.712], [1, 0]]
[[0.407, 14.75, 8.125, 0.695], [0.37, 14.143, 11.429, 0.654], [0, 1]]
[[0.464, 13.352, 9.0, 0.758], [0.465, 13.915, 8.662, 0.773], [1, 0]]
[[0.463, 13.329, 9.014, 0.755], [0.445, 12.471, 8.657, 0.758], [1, 0]]
[[0.454, 15.636, 9.455, 0.746], [0.447, 13.174, 9.565, 0.754], [0, 1]]
[[0.446, 13.714, 8.929, 0.747], [0.406, 12.786, 8.714, 0.664], [1, 0]]
[[0.464, 13.097, 9.081, 0.764], [0.452, 13.033, 9.787, 0.769], [0, 1]]
[[0.443, 13.167, 9.423, 0.764], [0.467, 13.975, 8.772, 0.775], [0, 1]]
[[0.437, 13.286, 8.25, 0.736], [0.453, 13.25, 9.536, 0.759], [0, 1]]
[[0.464, 13.373, 8.896, 0.754], [0.456, 14.642, 10.657, 0.719], [0, 1]]
[[0.44, 15.091, 11.318, 0.744], [0.441, 14.255, 9.766, 0.758], [0, 1]]
[[0.467, 14.095, 9.774, 0.768], [0.446, 12.619, 9.929, 0.775], [1, 0]]
[[0.435, 13.444, 8.667, 0.736], [0.419, 14.407, 11.259, 0.679], [1, 0]]
[[0.464, 13.5, 8.796, 0.752], [0.471, 12.741, 9.414, 0.787], [1, 0]]
[[0.462, 13.629, 9.486, 0.774], [0.444, 15.576, 10.606, 0.698], [1, 0]]
[[0.439, 13.203, 9.339, 0.752], [0.463, 13.482, 8.821, 0.755], [0, 1]]
[[0.426, 14.944, 9.944, 0.721], [0.428, 13.389, 9.833, 0.736], [0, 1]]
[[0.438, 12.977, 9.0, 0.743], [0.46, 13.463, 9.293, 0.775], [1, 0]]
[[0.453, 13.134, 8.94, 0.758], [0.447, 13.343, 9.91, 0.773], [0, 1]]
[[0.4, 14.714, 10.786, 0.668], [0.437, 12.929, 10.714, 0.723], [1, 0]]
[[0.461, 14.789, 9.658, 0.78], [0.44, 14.027, 9.297, 0.761], [1, 0]]
[[0.377, 10.4, 7.4, 0.659], [0.326, 9.75, 8.0, 0.59], [1, 0]]
[[0.438, 13.241, 9.414, 0.752], [0.466, 12.632, 8.947, 0.749], [0, 1]]
[[0.445, 14.026, 8.974, 0.757], [0.445, 12.658, 9.132, 0.71], [1, 0]]
[[0.463, 14.489, 9.711, 0.779], [0.448, 12.881, 9.833, 0.767], [1, 0]]
[[0.442, 12.824, 8.471, 0.71], [0.428, 15.944, 8.0, 0.753], [0, 1]]
[[0.434, 14.556, 9.833, 0.702], [0.425, 15.647, 9.588, 0.695], [1, 0]]
[[0.44, 15.163, 11.326, 0.742], [0.465, 14.109, 8.348, 0.764], [1, 0]]
[[0.466, 13.292, 8.931, 0.759], [0.454, 12.959, 9.767, 0.769], [1, 0]]
[[0.213, 4.0, 4.5, 0.459], [0.208, 9.5, 5.0, 0.445], [1, 0]]
[[0.449, 13.692, 8.923, 0.713], [0.43, 13.769, 7.308, 0.72], [0, 1]]
[[0.461, 13.886, 9.352, 0.772], [0.456, 12.761, 9.58, 0.767], [0, 1]]
[[0.445, 14.929, 9.786, 0.767], [0.444, 13.615, 9.808, 0.72], [1, 0]]
[[0.45, 13.183, 10.0, 0.771], [0.455, 12.592, 8.521, 0.753], [1, 0]]
[[0.426, 13.3, 8.1, 0.674], [0.369, 11.0, 8.0, 0.644], [0, 1]]
[[0.461, 13.771, 8.257, 0.75], [0.434, 14.0, 11.757, 0.675], [1, 0]]
[[0.4, 12.8, 8.3, 0.652], [0.388, 13.1, 9.5, 0.695], [0, 1]]
[[0.448, 14.52, 7.88, 0.721], [0.433, 12.731, 8.038, 0.753], [1, 0]]
[[0.451, 13.234, 8.922, 0.754], [0.446, 14.565, 10.742, 0.75], [0, 1]]
[[0.448, 13.0, 8.25, 0.705], [0.441, 12.909, 6.727, 0.72], [1, 0]]
[[0.443, 13.28, 9.415, 0.761], [0.462, 14.024, 9.329, 0.77], [0, 1]]
[[0.445, 13.87, 9.826, 0.725], [0.425, 14.696, 11.696, 0.703], [0, 1]]
[[0.466, 14.517, 9.379, 0.765], [0.455, 14.842, 10.526, 0.717], [1, 0]]
[[0.448, 13.152, 9.747, 0.738], [0.448, 14.481, 10.81, 0.744], [0, 1]]
[[0.439, 13.927, 9.366, 0.759], [0.444, 13.154, 9.538, 0.766], [0, 1]]
[[0.457, 13.656, 9.422, 0.761], [0.452, 13.097, 9.871, 0.768], [0, 1]]
[[0.423, 12.889, 8.778, 0.698], [0.442, 13.316, 9.158, 0.75], [1, 0]]
[[0.441, 13.932, 9.568, 0.756], [0.455, 13.227, 9.386, 0.748], [0, 1]]
[[0.463, 13.426, 8.787, 0.752], [0.447, 13.238, 9.825, 0.769], [1, 0]]
[[0.452, 15.205, 9.974, 0.758], [0.439, 13.051, 9.0, 0.747], [0, 1]]
[[0.462, 14.718, 9.59, 0.779], [0.449, 12.625, 8.05, 0.754], [1, 0]]
[[0.454, 13.111, 8.852, 0.728], [0.446, 15.88, 9.92, 0.74], [1, 0]]
[[0.466, 13.092, 8.862, 0.762], [0.462, 13.138, 9.563, 0.761], [1, 0]]
[[0.328, 14.0, 6.667, 0.591], [0.326, 10.667, 8.667, 0.491], [1, 0]]
[[0.45, 13.098, 9.756, 0.768], [0.446, 12.829, 8.878, 0.754], [1, 0]]
[[0.375, 11.429, 7.286, 0.695], [0.402, 13.167, 6.167, 0.636], [1, 0]]
[[0.447, 14.286, 7.857, 0.713], [0.436, 15.095, 8.762, 0.745], [1, 0]]
[[0.372, 11.375, 8.0, 0.667], [0.378, 12.143, 7.286, 0.625], [0, 1]]
[[0.382, 14.833, 6.333, 0.678], [0.395, 14.833, 7.667, 0.647], [0, 1]]
[[0.443, 14.286, 9.343, 0.758], [0.469, 14.686, 9.114, 0.744], [0, 1]]
[[0.457, 15.265, 9.353, 0.761], [0.444, 12.686, 7.914, 0.747], [1, 0]]
[[0.446, 13.136, 9.023, 0.702], [0.437, 13.867, 11.8, 0.679], [0, 1]]
[[0.456, 13.2, 9.089, 0.757], [0.465, 13.064, 9.511, 0.778], [1, 0]]
[[0.465, 13.934, 9.618, 0.775], [0.446, 12.533, 9.933, 0.774], [0, 1]]
[[0.447, 13.19, 7.983, 0.748], [0.45, 12.982, 9.93, 0.768], [0, 1]]
[[0.454, 13.558, 9.577, 0.75], [0.447, 13.078, 10.137, 0.764], [1, 0]]
[[0.448, 13.5, 9.273, 0.73], [0.424, 14.19, 8.238, 0.733], [1, 0]]
[[0.445, 13.686, 9.943, 0.741], [0.454, 13.081, 8.486, 0.749], [0, 1]]
[[0.351, 14.0, 10.6, 0.639], [0.316, 12.2, 6.6, 0.605], [0, 1]]
[[0.463, 13.115, 9.115, 0.766], [0.445, 13.857, 11.571, 0.691], [0, 1]]
[[0.357, 10.0, 8.333, 0.653], [0.371, 15.286, 10.857, 0.628], [0, 1]]
[[0.461, 13.875, 9.438, 0.776], [0.43, 12.452, 8.484, 0.751], [1, 0]]
[[0.437, 15.737, 9.526, 0.767], [0.408, 13.833, 10.222, 0.676], [0, 1]]
[[0.438, 14.222, 9.194, 0.763], [0.445, 15.412, 10.441, 0.704], [1, 0]]
[[0.454, 13.465, 8.767, 0.743], [0.471, 12.477, 9.698, 0.788], [0, 1]]
[[0.45, 12.96, 8.92, 0.749], [0.449, 13.875, 10.667, 0.767], [1, 0]]
[[0.45, 12.948, 9.431, 0.751], [0.455, 14.85, 9.867, 0.771], [1, 0]]
[[0.466, 14.061, 9.695, 0.769], [0.463, 13.646, 10.012, 0.748], [1, 0]]
[[0.462, 12.971, 9.275, 0.755], [0.446, 14.672, 10.731, 0.751], [1, 0]]
[[0.43, 13.667, 10.0, 0.692], [0.445, 13.667, 7.467, 0.727], [0, 1]]
[[0.435, 14.895, 11.553, 0.73], [0.439, 12.9, 9.375, 0.772], [1, 0]]
[[0.416, 14.444, 9.444, 0.695], [0.431, 13.667, 8.0, 0.714], [0, 1]]
[[0.451, 13.014, 9.041, 0.758], [0.45, 13.205, 10.014, 0.768], [1, 0]]
[[0.448, 14.96, 9.36, 0.784], [0.431, 14.292, 8.25, 0.723], [1, 0]]
[[0.454, 14.933, 9.467, 0.768], [0.437, 12.967, 8.233, 0.74], [1, 0]]
[[0.442, 13.571, 7.214, 0.725], [0.419, 13.571, 8.357, 0.725], [1, 0]]
[[0.396, 12.0, 6.2, 0.576], [0.349, 11.8, 8.4, 0.663], [0, 1]]
[[0.446, 12.766, 9.703, 0.773], [0.455, 14.651, 10.683, 0.718], [0, 1]]
[[0.444, 13.386, 9.568, 0.757], [0.468, 13.795, 8.727, 0.778], [1, 0]]
[[0.307, 9.0, 6.333, 0.556], [0.332, 11.0, 6.0, 0.522], [0, 1]]
[[0.442, 13.296, 9.63, 0.763], [0.453, 14.962, 10.481, 0.707], [0, 1]]
[[0.44, 13.065, 9.371, 0.755], [0.45, 13.758, 10.597, 0.78], [1, 0]]
[[0.465, 12.855, 9.161, 0.751], [0.455, 15.19, 9.889, 0.769], [0, 1]]
[[0.436, 14.517, 8.793, 0.748], [0.446, 12.821, 9.25, 0.757], [0, 1]]
[[0.467, 13.096, 8.892, 0.766], [0.203, 12.5, 5.5, 0.342], [0, 1]]
[[0.459, 13.792, 9.319, 0.769], [0.447, 12.822, 9.699, 0.774], [0, 1]]
[[0.448, 15.867, 9.533, 0.762], [0.439, 13.067, 8.0, 0.695], [1, 0]]
[[0.391, 13.333, 9.0, 0.643], [0.365, 12.0, 8.6, 0.701], [1, 0]]
[[0.454, 13.537, 8.851, 0.749], [0.455, 12.632, 8.353, 0.748], [1, 0]]
[[0.463, 13.196, 9.321, 0.764], [0.461, 13.929, 8.518, 0.772], [0, 1]]
[[0.437, 13.118, 8.618, 0.758], [0.454, 12.781, 9.125, 0.734], [1, 0]]
[[0.462, 14.082, 10.397, 0.754], [0.446, 12.514, 8.722, 0.759], [1, 0]]
[[0.454, 12.827, 9.16, 0.76], [0.458, 13.3, 8.988, 0.774], [1, 0]]
[[0.442, 13.117, 9.416, 0.764], [0.455, 12.688, 9.701, 0.768], [1, 0]]
[[0.444, 12.614, 9.649, 0.761], [0.45, 13.455, 9.0, 0.728], [1, 0]]
[[0.454, 12.962, 9.101, 0.763], [0.447, 14.506, 10.883, 0.747], [0, 1]]
[[0.446, 14.681, 9.493, 0.774], [0.444, 12.464, 8.623, 0.76], [0, 1]]
[[0.448, 13.986, 8.284, 0.764], [0.448, 12.824, 9.716, 0.775], [0, 1]]
[[0.453, 13.69, 9.638, 0.751], [0.449, 13.85, 10.467, 0.779], [1, 0]]
[[0.442, 12.946, 9.162, 0.764], [0.453, 13.889, 10.528, 0.78], [1, 0]]
[[0.435, 13.5, 9.5, 0.679], [0.413, 14.5, 7.857, 0.703], [1, 0]]
[[0.442, 13.125, 9.389, 0.756], [0.449, 14.041, 11.473, 0.699], [1, 0]]
[[0.447, 13.12, 9.84, 0.738], [0.455, 14.554, 10.568, 0.719], [1, 0]]
[[0.239, 7.0, 5.5, 0.38], [0.46, 14.0, 9.434, 0.768], [1, 0]]
[[0.414, 13.25, 8.375, 0.642], [0.406, 13.625, 9.25, 0.699], [1, 0]]
[[0.372, 13.429, 9.286, 0.631], [0.4, 12.375, 9.125, 0.679], [1, 0]]
[[0.453, 14.2, 8.2, 0.722], [0.445, 13.054, 9.297, 0.753], [0, 1]]
[[0.446, 14.662, 10.853, 0.749], [0.454, 13.714, 10.486, 0.781], [1, 0]]
[[0.455, 13.462, 8.846, 0.738], [0.434, 12.88, 8.68, 0.685], [1, 0]]
[[0.46, 13.86, 8.614, 0.772], [0.455, 14.831, 9.864, 0.769], [1, 0]]
[[0.449, 13.429, 8.02, 0.744], [0.445, 13.347, 9.041, 0.711], [0, 1]]
[[0.438, 12.868, 8.526, 0.75], [0.443, 12.971, 9.286, 0.753], [0, 1]]
[[0.349, 10.75, 6.75, 0.547], [0.336, 13.0, 7.75, 0.546], [1, 0]]
[[0.448, 13.099, 9.803, 0.738], [0.452, 13.068, 9.014, 0.744], [1, 0]]
[[0.451, 13.224, 8.657, 0.747], [0.447, 14.523, 10.754, 0.748], [1, 0]]
[[0.422, 15.154, 10.769, 0.664], [0.387, 14.333, 10.333, 0.642], [1, 0]]
[[0.455, 13.893, 10.536, 0.775], [0.439, 15.667, 10.444, 0.698], [1, 0]]
[[0.441, 13.203, 9.405, 0.766], [0.455, 12.633, 9.722, 0.768], [0, 1]]
[[0.445, 13.759, 9.793, 0.733], [0.451, 15.552, 9.655, 0.744], [1, 0]]
[[0.256, 6.5, 7.0, 0.4], [0.244, 8.0, 7.5, 0.393], [0, 1]]
[[0.332, 11.333, 7.333, 0.514], [0.297, 11.667, 8.667, 0.543], [1, 0]]
[[0.424, 15.0, 10.2, 0.708], [0.379, 12.889, 9.778, 0.682], [1, 0]]
[[0.462, 13.269, 9.173, 0.764], [0.453, 13.679, 9.585, 0.753], [0, 1]]
[[0.203, 12.5, 5.5, 0.342], [0.216, 9.0, 6.5, 0.363], [0, 1]]
[[0.454, 12.887, 9.125, 0.763], [0.445, 12.696, 8.911, 0.758], [0, 1]]
[[0.452, 14.903, 9.645, 0.772], [0.442, 15.621, 10.517, 0.694], [1, 0]]
[[0.449, 14.318, 7.955, 0.715], [0.446, 12.957, 8.739, 0.746], [1, 0]]
[[0.467, 12.882, 9.529, 0.78], [0.446, 12.837, 9.347, 0.752], [0, 1]]
[[0.467, 12.782, 9.564, 0.784], [0.446, 13.02, 10.1, 0.761], [0, 1]]
[[0.441, 12.976, 9.333, 0.766], [0.441, 12.95, 9.0, 0.746], [0, 1]]
[[0.468, 14.092, 9.736, 0.77], [0.158, 8.0, 5.0, 0.361], [1, 0]]
[[0.466, 14.365, 9.492, 0.766], [0.454, 12.662, 8.369, 0.747], [1, 0]]
[[0.46, 13.362, 9.106, 0.755], [0.441, 12.94, 9.3, 0.773], [0, 1]]
[[0.444, 13.286, 9.19, 0.746], [0.446, 13.045, 9.636, 0.747], [1, 0]]
[[0.446, 13.727, 9.5, 0.718], [0.444, 13.087, 9.391, 0.756], [0, 1]]
[[0.441, 13.941, 7.529, 0.712], [0.433, 14.647, 9.882, 0.703], [1, 0]]
[[0.447, 13.317, 9.783, 0.768], [0.466, 12.644, 9.068, 0.748], [0, 1]]
[[0.455, 12.841, 9.134, 0.76], [0.462, 13.146, 9.622, 0.763], [0, 1]]
[[0.462, 13.0, 9.403, 0.759], [0.456, 14.69, 10.62, 0.718], [1, 0]]
[[0.436, 13.483, 8.655, 0.741], [0.434, 14.034, 8.207, 0.736], [0, 1]]
[[0.437, 14.4, 8.28, 0.766], [0.452, 13.96, 10.64, 0.766], [0, 1]]
[[0.447, 14.85, 11.025, 0.725], [0.445, 12.974, 9.103, 0.71], [0, 1]]
[[0.441, 12.976, 9.049, 0.746], [0.439, 13.667, 11.762, 0.682], [1, 0]]
[[0.386, 14.6, 6.0, 0.62], [0.338, 10.2, 8.2, 0.579], [1, 0]]
[[0.443, 15.19, 9.429, 0.78], [0.448, 15.571, 9.429, 0.739], [1, 0]]
[[0.455, 13.071, 8.75, 0.731], [0.44, 14.808, 11.269, 0.705], [0, 1]]
[[0.464, 12.985, 9.194, 0.753], [0.455, 15.209, 9.746, 0.771], [1, 0]]
[[0.459, 12.583, 9.167, 0.743], [0.44, 13.02, 9.224, 0.773], [1, 0]]
[[0.45, 13.077, 9.0, 0.739], [0.419, 12.375, 8.042, 0.719], [1, 0]]
[[0.452, 13.157, 8.714, 0.748], [0.452, 13.157, 9.143, 0.745], [0, 1]]
[[0.452, 12.946, 9.068, 0.759], [0.445, 14.767, 9.616, 0.773], [1, 0]]
[[0.431, 14.75, 12.036, 0.726], [0.455, 13.621, 9.448, 0.762], [1, 0]]
[[0.445, 13.758, 9.97, 0.74], [0.456, 14.061, 10.545, 0.777], [1, 0]]
[[0.425, 15.25, 9.875, 0.688], [0.395, 13.125, 10.375, 0.7], [0, 1]]
[[0.444, 14.692, 11.115, 0.75], [0.453, 13.673, 9.673, 0.751], [1, 0]]
[[0.447, 13.608, 9.0, 0.753], [0.456, 15.058, 10.077, 0.771], [1, 0]]
[[0.452, 14.429, 10.156, 0.75], [0.461, 13.842, 9.987, 0.75], [0, 1]]
[[0.218, 6.5, 5.5, 0.383], [0.45, 14.455, 10.852, 0.744], [0, 1]]
[[0.443, 14.672, 9.623, 0.776], [0.452, 14.25, 10.312, 0.753], [0, 1]]
[[0.441, 13.907, 9.488, 0.754], [0.45, 15.163, 10.233, 0.755], [1, 0]]
[[0.448, 13.407, 9.695, 0.766], [0.457, 14.089, 9.554, 0.747], [0, 1]]
[[0.464, 13.929, 8.614, 0.772], [0.458, 15.07, 9.592, 0.773], [1, 0]]
[[0.471, 14.667, 9.819, 0.787], [0.447, 12.792, 9.667, 0.775], [0, 1]]
[[0.446, 14.023, 10.535, 0.742], [0.437, 13.634, 11.854, 0.679], [1, 0]]
[[0.418, 14.25, 6.875, 0.674], [0.363, 10.286, 8.143, 0.65], [1, 0]]
[[0.375, 13.2, 6.2, 0.67], [0.352, 9.75, 9.5, 0.581], [0, 1]]
[[0.469, 14.564, 8.744, 0.754], [0.461, 13.357, 9.381, 0.779], [0, 1]]
[[0.388, 9.4, 9.4, 0.579], [0.412, 12.0, 7.0, 0.583], [1, 0]]
[[0.463, 13.641, 9.359, 0.775], [0.447, 15.432, 10.541, 0.706], [1, 0]]
[[0.452, 13.387, 8.952, 0.759], [0.442, 12.306, 8.435, 0.756], [1, 0]]
[[0.452, 12.491, 8.396, 0.746], [0.45, 14.302, 10.245, 0.755], [0, 1]]
[[0.464, 12.5, 8.929, 0.739], [0.449, 13.738, 8.286, 0.747], [0, 1]]
[[0.457, 13.267, 9.022, 0.756], [0.456, 13.348, 9.196, 0.755], [1, 0]]
[[0.453, 12.949, 9.128, 0.761], [0.46, 13.922, 9.351, 0.768], [0, 1]]
[[0.454, 13.506, 8.788, 0.744], [0.47, 12.541, 9.718, 0.789], [1, 0]]
[[0.453, 13.165, 8.684, 0.752], [0.456, 15.013, 9.38, 0.773], [1, 0]]
[[0.442, 14.643, 9.857, 0.772], [0.444, 13.983, 11.603, 0.689], [0, 1]]
[[0.449, 13.917, 8.524, 0.764], [0.451, 14.0, 11.476, 0.71], [0, 1]]
[[0.452, 14.231, 10.354, 0.752], [0.445, 13.938, 11.754, 0.695], [0, 1]]
[[0.45, 14.538, 10.577, 0.749], [0.444, 12.889, 9.481, 0.774], [0, 1]]
[[0.465, 13.918, 8.767, 0.774], [0.447, 12.411, 8.699, 0.761], [1, 0]]
[[0.234, 10.0, 3.5, 0.459], [0.472, 12.578, 9.675, 0.789], [0, 1]]
[[0.427, 15.938, 7.688, 0.762], [0.446, 14.333, 10.333, 0.729], [0, 1]]
[[0.345, 13.0, 8.75, 0.595], [0.365, 14.0, 7.0, 0.502], [1, 0]]
[[0.448, 14.487, 10.908, 0.746], [0.456, 15.026, 9.403, 0.77], [1, 0]]
[[0.43, 14.68, 11.64, 0.708], [0.441, 15.84, 10.12, 0.697], [0, 1]]
[[0.443, 14.556, 8.333, 0.719], [0.438, 14.4, 9.95, 0.702], [1, 0]]
[[0.471, 14.568, 8.865, 0.746], [0.453, 13.676, 10.486, 0.782], [0, 1]]
[[0.446, 14.579, 10.754, 0.748], [0.442, 12.136, 8.356, 0.758], [1, 0]]
[[0.472, 12.58, 9.593, 0.789], [0.457, 14.45, 10.625, 0.718], [1, 0]]
[[0.426, 12.5, 9.333, 0.681], [0.413, 14.333, 10.083, 0.718], [0, 1]]
[[0.456, 13.186, 8.93, 0.755], [0.464, 12.535, 8.86, 0.74], [0, 1]]
[[0.458, 13.329, 8.902, 0.77], [0.467, 13.963, 8.805, 0.78], [0, 1]]
[[0.386, 12.0, 7.9, 0.685], [0.412, 15.556, 8.667, 0.656], [1, 0]]
[[0.445, 12.766, 9.875, 0.769], [0.445, 13.909, 11.712, 0.695], [1, 0]]
[[0.458, 13.39, 8.974, 0.773], [0.456, 15.013, 9.346, 0.773], [0, 1]]
[[0.463, 13.429, 8.98, 0.757], [0.446, 13.265, 9.388, 0.743], [1, 0]]
[[0.445, 13.806, 9.903, 0.732], [0.455, 12.906, 8.562, 0.744], [1, 0]]
[[0.439, 13.467, 9.4, 0.749], [0.425, 13.125, 9.438, 0.717], [1, 0]]
[[0.442, 13.053, 9.387, 0.763], [0.451, 14.342, 10.145, 0.751], [1, 0]]
[[0.448, 13.397, 8.879, 0.758], [0.462, 13.103, 9.259, 0.767], [1, 0]]
[[0.451, 13.104, 9.935, 0.768], [0.453, 13.154, 8.654, 0.751], [1, 0]]
[[0.456, 13.387, 8.987, 0.745], [0.455, 14.96, 9.48, 0.771], [1, 0]]
[[0.45, 15.741, 9.741, 0.742], [0.454, 13.889, 10.37, 0.777], [0, 1]]
[[0.451, 13.056, 9.315, 0.741], [0.445, 13.351, 9.649, 0.767], [1, 0]]
[[0.446, 13.511, 9.362, 0.743], [0.447, 14.184, 8.102, 0.77], [0, 1]]
[[0.445, 14.79, 9.565, 0.777], [0.461, 14.397, 10.492, 0.752], [0, 1]]
[[0.464, 13.473, 8.745, 0.755], [0.456, 14.912, 9.895, 0.769], [1, 0]]
[[0.432, 13.538, 9.385, 0.678], [0.405, 13.923, 10.154, 0.737], [1, 0]]
[[0.453, 12.821, 9.179, 0.738], [0.44, 15.037, 11.556, 0.709], [1, 0]]
[[0.454, 12.697, 8.379, 0.747], [0.461, 14.308, 10.523, 0.752], [1, 0]]
[[0.452, 13.182, 8.939, 0.756], [0.448, 14.469, 10.781, 0.748], [0, 1]]
[[0.452, 14.396, 10.547, 0.75], [0.443, 14.0, 11.774, 0.693], [1, 0]]
[[0.448, 13.373, 8.137, 0.744], [0.453, 12.5, 8.269, 0.75], [1, 0]]
[[0.438, 15.2, 9.5, 0.726], [0.441, 14.0, 11.0, 0.755], [1, 0]]
[[0.413, 14.5, 9.4, 0.703], [0.404, 13.545, 9.091, 0.711], [1, 0]]
[[0.47, 14.522, 9.022, 0.761], [0.441, 14.065, 9.63, 0.759], [1, 0]]
[[0.427, 16.133, 7.6, 0.75], [0.438, 14.0, 9.286, 0.753], [0, 1]]
[[0.428, 14.542, 11.833, 0.706], [0.443, 14.231, 10.346, 0.72], [0, 1]]
[[0.452, 14.375, 10.062, 0.749], [0.453, 13.0, 8.9, 0.742], [1, 0]]
[[0.448, 13.981, 8.245, 0.767], [0.446, 12.893, 9.357, 0.776], [1, 0]]
[[0.437, 13.404, 9.0, 0.752], [0.438, 15.143, 11.333, 0.739], [0, 1]]
[[0.448, 12.675, 9.9, 0.77], [0.457, 14.57, 10.532, 0.718], [0, 1]]
[[0.455, 12.96, 8.6, 0.726], [0.449, 13.739, 10.478, 0.77], [1, 0]]
[[0.403, 12.25, 9.167, 0.751], [0.402, 13.667, 9.333, 0.734], [1, 0]]
[[0.449, 13.254, 8.413, 0.75], [0.455, 14.645, 10.694, 0.717], [0, 1]]
[[0.426, 13.417, 9.25, 0.674], [0.426, 12.692, 9.154, 0.688], [1, 0]]
[[0.446, 13.486, 9.703, 0.745], [0.447, 13.974, 8.237, 0.746], [0, 1]]
[[0.454, 13.531, 9.633, 0.746], [0.441, 13.898, 11.755, 0.688], [0, 1]]
[[0.355, 12.286, 8.429, 0.641], [0.399, 15.143, 8.286, 0.669], [1, 0]]
[[0.405, 12.846, 9.385, 0.75], [0.423, 15.417, 9.083, 0.68], [1, 0]]
[[0.44, 13.098, 9.344, 0.753], [0.451, 12.915, 9.441, 0.749], [1, 0]]
[[0.441, 14.154, 9.333, 0.764], [0.462, 13.5, 9.3, 0.776], [1, 0]]
[[0.466, 13.073, 8.902, 0.765], [0.456, 13.512, 10.549, 0.779], [1, 0]]
[[0.438, 13.048, 8.81, 0.745], [0.458, 13.256, 8.821, 0.754], [1, 0]]
[[0.449, 12.709, 9.835, 0.771], [0.461, 13.785, 10.051, 0.749], [0, 1]]
[[0.459, 13.35, 8.95, 0.753], [0.456, 13.22, 8.902, 0.749], [1, 0]]
[[0.357, 10.2, 6.6, 0.67], [0.327, 10.25, 7.5, 0.523], [0, 1]]
[[0.45, 14.349, 10.795, 0.742], [0.467, 14.036, 8.819, 0.781], [1, 0]]
[[0.461, 12.571, 9.041, 0.742], [0.449, 14.163, 10.265, 0.755], [1, 0]]
[[0.457, 13.776, 9.313, 0.766], [0.465, 14.152, 9.561, 0.769], [1, 0]]
[[0.447, 13.281, 8.0, 0.747], [0.461, 13.964, 8.491, 0.771], [1, 0]]
[[0.447, 14.729, 10.812, 0.742], [0.444, 12.896, 9.417, 0.751], [1, 0]]
[[0.441, 13.314, 9.706, 0.759], [0.467, 12.868, 9.623, 0.782], [0, 1]]
[[0.449, 13.0, 9.366, 0.751], [0.467, 13.769, 8.231, 0.759], [0, 1]]
[[0.465, 14.0, 9.625, 0.775], [0.452, 14.383, 10.099, 0.75], [1, 0]]
[[0.445, 13.377, 8.264, 0.743], [0.443, 14.58, 11.02, 0.751], [0, 1]]
[[0.242, 6.0, 5.0, 0.342], [0.269, 8.5, 3.0, 0.453], [1, 0]]
[[0.376, 12.0, 8.667, 0.701], [0.394, 16.333, 7.167, 0.588], [1, 0]]
[[0.393, 13.778, 11.333, 0.66], [0.392, 12.25, 8.375, 0.704], [1, 0]]
[[0.443, 13.291, 9.709, 0.764], [0.463, 13.868, 8.358, 0.77], [0, 1]]
[[0.464, 13.244, 9.533, 0.774], [0.452, 13.605, 10.674, 0.78], [1, 0]]
[[0.417, 14.75, 8.25, 0.686], [0.415, 14.077, 10.231, 0.698], [1, 0]]
[[0.434, 13.148, 8.444, 0.748], [0.435, 13.538, 8.385, 0.73], [1, 0]]
[[0.466, 12.679, 9.019, 0.741], [0.446, 14.333, 9.784, 0.761], [1, 0]]
[[0.462, 13.45, 8.883, 0.752], [0.445, 12.726, 9.629, 0.771], [0, 1]]
[[0.437, 12.9, 8.825, 0.748], [0.454, 14.206, 8.206, 0.719], [1, 0]]
[[0.434, 14.067, 7.133, 0.717], [0.428, 12.667, 9.333, 0.697], [1, 0]]
[[0.437, 14.909, 8.682, 0.748], [0.431, 13.957, 8.348, 0.728], [1, 0]]
[[0.387, 14.0, 7.714, 0.614], [0.407, 12.429, 8.286, 0.623], [1, 0]]
[[0.449, 13.901, 8.407, 0.763], [0.457, 14.494, 10.58, 0.718], [1, 0]]
[[0.466, 13.071, 8.881, 0.765], [0.461, 13.095, 9.655, 0.76], [0, 1]]
[[0.437, 13.333, 9.083, 0.751], [0.456, 13.383, 9.234, 0.759], [0, 1]]
[[0.452, 13.226, 8.679, 0.75], [0.45, 14.298, 10.869, 0.742], [0, 1]]
[[0.234, 10.0, 3.5, 0.459], [0.253, 7.5, 3.0, 0.469], [0, 1]]
[[0.456, 14.533, 8.033, 0.715], [0.446, 14.219, 7.938, 0.754], [1, 0]]
[[0.392, 12.143, 9.571, 0.643], [0.355, 13.0, 10.143, 0.698], [1, 0]]
[[0.448, 12.95, 9.35, 0.749], [0.44, 14.125, 9.425, 0.752], [1, 0]]
[[0.452, 12.833, 8.095, 0.759], [0.449, 13.537, 10.537, 0.787], [0, 1]]
[[0.445, 14.697, 9.618, 0.771], [0.447, 12.526, 9.908, 0.773], [1, 0]]
[[0.444, 14.905, 8.429, 0.728], [0.423, 13.043, 8.13, 0.75], [1, 0]]
[[0.448, 13.938, 7.953, 0.767], [0.451, 13.297, 9.047, 0.737], [1, 0]]
[[0.442, 14.83, 11.191, 0.745], [0.443, 13.941, 11.784, 0.691], [0, 1]]
[[0.46, 14.808, 9.192, 0.745], [0.441, 14.84, 11.28, 0.701], [1, 0]]
[[0.45, 12.605, 9.827, 0.77], [0.447, 12.58, 9.901, 0.778], [1, 0]]
[[0.432, 14.926, 11.852, 0.726], [0.465, 14.857, 9.107, 0.742], [0, 1]]
[[0.413, 13.211, 8.684, 0.743], [0.423, 14.263, 8.526, 0.75], [1, 0]]
[[0.464, 13.286, 8.825, 0.753], [0.462, 14.312, 10.516, 0.752], [0, 1]]
[[0.454, 12.627, 8.407, 0.747], [0.45, 13.456, 9.018, 0.728], [0, 1]]
[[0.42, 13.227, 8.273, 0.745], [0.441, 13.429, 10.619, 0.76], [1, 0]]
[[0.461, 13.951, 9.321, 0.77], [0.455, 14.926, 9.383, 0.773], [0, 1]]
[[0.455, 14.194, 8.389, 0.721], [0.447, 15.194, 10.583, 0.706], [1, 0]]
[[0.454, 13.014, 8.685, 0.746], [0.454, 13.671, 10.603, 0.781], [1, 0]]
[[0.208, 9.5, 5.0, 0.445], [0.235, 8.5, 6.5, 0.465], [0, 1]]
[[0.444, 12.723, 9.831, 0.769], [0.455, 14.641, 10.625, 0.718], [1, 0]]
[[0.438, 13.086, 9.257, 0.764], [0.435, 13.091, 9.182, 0.706], [1, 0]]
[[0.397, 14.077, 10.385, 0.648], [0.434, 12.5, 11.0, 0.711], [1, 0]]
[[0.445, 12.75, 9.404, 0.756], [0.44, 12.346, 8.385, 0.752], [1, 0]]
[[0.444, 12.623, 9.82, 0.766], [0.453, 14.161, 10.242, 0.751], [1, 0]]
[[0.418, 12.545, 9.182, 0.681], [0.414, 13.7, 10.4, 0.699], [0, 1]]
[[0.446, 13.162, 9.892, 0.737], [0.447, 12.405, 8.77, 0.759], [1, 0]]
[[0.471, 14.493, 9.813, 0.787], [0.462, 13.118, 9.526, 0.761], [0, 1]]
[[0.439, 13.312, 9.312, 0.774], [0.44, 13.4, 10.033, 0.729], [1, 0]]
[[0.472, 14.5, 9.776, 0.788], [0.467, 13.947, 8.671, 0.775], [0, 1]]
[[0.344, 13.2, 7.0, 0.597], [0.354, 14.4, 10.4, 0.58], [1, 0]]
[[0.456, 13.214, 8.905, 0.749], [0.454, 12.628, 8.023, 0.761], [0, 1]]
[[0.453, 12.961, 9.145, 0.76], [0.454, 13.632, 10.592, 0.785], [1, 0]]
[[0.452, 13.193, 8.675, 0.751], [0.455, 12.602, 9.711, 0.765], [1, 0]]
[[0.422, 15.438, 8.75, 0.743], [0.431, 15.941, 7.824, 0.758], [1, 0]]
[[0.451, 13.079, 9.974, 0.768], [0.461, 13.467, 8.92, 0.772], [1, 0]]
[[0.44, 14.079, 9.368, 0.754], [0.441, 12.919, 9.243, 0.708], [1, 0]]
[[0.431, 13.1, 8.7, 0.75], [0.424, 12.222, 8.148, 0.714], [0, 1]]
[[0.307, 10.333, 5.667, 0.558], [0.324, 9.667, 6.667, 0.508], [1, 0]]
[[0.469, 14.375, 9.943, 0.794], [0.231, 5.5, 6.0, 0.448], [1, 0]]
[[0.448, 14.014, 11.486, 0.7], [0.461, 13.913, 9.855, 0.752], [1, 0]]
[[0.442, 14.217, 10.087, 0.705], [0.406, 12.65, 8.1, 0.699], [1, 0]]
[[0.404, 13.857, 9.857, 0.68], [0.382, 12.5, 7.833, 0.646], [1, 0]]
[[0.452, 13.134, 9.836, 0.769], [0.452, 13.662, 10.529, 0.784], [1, 0]]
[[0.437, 13.265, 9.184, 0.748], [0.455, 15.0, 10.146, 0.707], [0, 1]]
[[0.433, 14.409, 8.682, 0.755], [0.43, 13.217, 9.391, 0.76], [0, 1]]
[[0.462, 13.931, 8.603, 0.773], [0.459, 14.305, 10.322, 0.751], [0, 1]]
[[0.442, 13.093, 9.302, 0.766], [0.446, 12.9, 9.075, 0.708], [1, 0]]
[[0.457, 12.459, 8.919, 0.735], [0.435, 12.528, 8.25, 0.736], [0, 1]]
[[0.44, 13.444, 8.889, 0.746], [0.446, 13.706, 7.529, 0.715], [1, 0]]
[[0.447, 13.971, 8.3, 0.762], [0.451, 14.423, 10.169, 0.753], [1, 0]]
[[0.46, 13.278, 8.833, 0.746], [0.437, 12.914, 9.143, 0.708], [0, 1]]
[[0.462, 13.218, 9.345, 0.764], [0.454, 15.018, 9.964, 0.771], [1, 0]]
[[0.447, 13.333, 9.667, 0.754], [0.444, 14.455, 10.136, 0.705], [1, 0]]
[[0.466, 13.878, 9.568, 0.773], [0.456, 14.708, 10.569, 0.719], [1, 0]]
[[0.418, 13.273, 9.364, 0.677], [0.401, 12.4, 8.8, 0.63], [1, 0]]
[[0.443, 12.894, 9.258, 0.757], [0.443, 12.406, 8.531, 0.757], [1, 0]]
[[0.465, 13.974, 9.577, 0.774], [0.449, 14.076, 11.633, 0.704], [0, 1]]
[[0.216, 4.5, 8.0, 0.395], [0.231, 8.5, 5.5, 0.368], [0, 1]]
[[0.449, 13.987, 8.342, 0.764], [0.456, 14.59, 10.615, 0.717], [1, 0]]
[[0.436, 15.121, 11.455, 0.73], [0.445, 13.406, 9.344, 0.758], [0, 1]]
[[0.458, 12.359, 9.0, 0.74], [0.465, 13.838, 8.243, 0.758], [0, 1]]
[[0.353, 11.6, 7.2, 0.552], [0.392, 11.333, 8.667, 0.632], [0, 1]]
[[0.471, 14.506, 9.792, 0.789], [0.455, 13.077, 8.833, 0.745], [1, 0]]
[[0.369, 12.2, 7.0, 0.629], [0.382, 15.4, 6.8, 0.564], [0, 1]]
[[0.47, 14.446, 9.843, 0.792], [0.45, 13.915, 8.451, 0.763], [0, 1]]
[[0.453, 12.828, 9.241, 0.736], [0.418, 14.357, 11.464, 0.677], [0, 1]]
[[0.454, 13.038, 8.886, 0.742], [0.455, 14.597, 10.571, 0.718], [1, 0]]
[[0.413, 12.571, 5.286, 0.644], [0.373, 12.625, 9.375, 0.695], [1, 0]]
[[0.438, 14.421, 9.789, 0.703], [0.407, 12.067, 7.467, 0.677], [1, 0]]
[[0.367, 11.333, 6.667, 0.67], [0.404, 12.0, 5.667, 0.617], [1, 0]]
[[0.451, 13.222, 10.014, 0.769], [0.446, 14.732, 9.549, 0.773], [1, 0]]
[[0.349, 12.429, 10.0, 0.685], [0.364, 14.0, 10.5, 0.65], [0, 1]]
[[0.341, 12.0, 7.833, 0.611], [0.36, 9.6, 10.8, 0.637], [0, 1]]
[[0.457, 14.387, 8.097, 0.713], [0.441, 15.567, 10.567, 0.697], [0, 1]]
[[0.443, 14.6, 9.818, 0.769], [0.449, 14.0, 8.218, 0.763], [0, 1]]
[[0.369, 12.0, 7.8, 0.645], [0.326, 12.4, 9.4, 0.565], [0, 1]]
[[0.437, 13.156, 8.562, 0.753], [0.445, 14.567, 7.933, 0.754], [0, 1]]
[[0.449, 12.549, 9.841, 0.77], [0.452, 13.012, 8.976, 0.74], [1, 0]]
[[0.421, 13.222, 8.0, 0.647], [0.397, 13.333, 7.444, 0.67], [1, 0]]
[[0.464, 14.651, 9.651, 0.774], [0.452, 13.683, 9.927, 0.746], [0, 1]]
[[0.444, 15.5, 9.35, 0.778], [0.401, 12.556, 8.222, 0.69], [1, 0]]
[[0.462, 13.099, 9.408, 0.757], [0.46, 13.817, 9.324, 0.769], [0, 1]]
[[0.374, 10.75, 6.75, 0.564], [0.296, 11.0, 7.25, 0.569], [1, 0]]
[[0.458, 14.919, 9.73, 0.776], [0.445, 13.917, 8.611, 0.755], [0, 1]]
[[0.432, 14.476, 8.762, 0.758], [0.432, 13.091, 9.455, 0.759], [0, 1]]
[[0.448, 13.078, 9.255, 0.741], [0.445, 14.231, 9.788, 0.765], [1, 0]]
[[0.445, 13.376, 9.459, 0.758], [0.467, 13.941, 8.847, 0.78], [1, 0]]
[[0.454, 14.0, 8.679, 0.738], [0.428, 12.31, 8.069, 0.723], [0, 1]]
[[0.443, 14.0, 8.784, 0.756], [0.446, 13.306, 10.111, 0.743], [0, 1]]
[[0.438, 13.308, 8.308, 0.68], [0.423, 14.357, 10.0, 0.696], [1, 0]]
[[0.454, 13.818, 8.727, 0.739], [0.465, 13.021, 9.479, 0.775], [1, 0]]
[[0.461, 13.922, 10.429, 0.754], [0.45, 14.026, 11.603, 0.703], [1, 0]]
[[0.45, 13.292, 9.417, 0.756], [0.413, 14.409, 10.636, 0.697], [0, 1]]
[[0.436, 13.0, 8.556, 0.751], [0.456, 14.156, 10.406, 0.779], [0, 1]]
[[0.439, 13.3, 9.267, 0.751], [0.442, 13.464, 10.143, 0.736], [1, 0]]
[[0.445, 14.25, 7.85, 0.716], [0.441, 13.65, 10.9, 0.756], [1, 0]]
[[0.45, 12.935, 9.758, 0.747], [0.461, 13.855, 8.548, 0.775], [1, 0]]
[[0.455, 13.882, 8.431, 0.741], [0.444, 12.818, 9.436, 0.775], [1, 0]]
[[0.463, 13.397, 8.931, 0.751], [0.454, 13.627, 9.627, 0.755], [0, 1]]
[[0.471, 14.439, 9.854, 0.791], [0.453, 14.341, 10.037, 0.749], [1, 0]]
[[0.462, 13.452, 8.613, 0.746], [0.446, 14.484, 8.032, 0.751], [1, 0]]
[[0.438, 13.7, 10.5, 0.742], [0.435, 15.571, 9.619, 0.696], [1, 0]]
[[0.453, 13.754, 9.614, 0.751], [0.44, 12.304, 8.375, 0.76], [1, 0]]
[[0.466, 13.301, 9.014, 0.759], [0.452, 14.338, 10.135, 0.753], [1, 0]]
[[0.371, 10.833, 7.5, 0.659], [0.351, 13.5, 9.0, 0.617], [1, 0]]
[[0.432, 12.556, 9.333, 0.715], [0.422, 14.353, 8.118, 0.731], [1, 0]]
[[0.456, 12.829, 8.429, 0.74], [0.443, 13.118, 9.147, 0.755], [0, 1]]
[[0.395, 12.333, 8.5, 0.645], [0.416, 12.333, 7.0, 0.629], [1, 0]]
[[0.375, 15.0, 9.4, 0.666], [0.371, 11.8, 8.6, 0.618], [0, 1]]
[[0.371, 13.667, 9.667, 0.686], [0.363, 11.0, 8.5, 0.606], [1, 0]]
[[0.446, 14.891, 10.957, 0.741], [0.457, 13.978, 9.844, 0.747], [0, 1]]
[[0.472, 14.614, 9.814, 0.789], [0.452, 13.127, 9.141, 0.744], [0, 1]]
[[0.416, 12.857, 8.81, 0.738], [0.441, 12.95, 9.05, 0.705], [1, 0]]
[[0.242, 6.0, 5.0, 0.342], [0.253, 7.5, 3.0, 0.469], [1, 0]]
[[0.452, 13.875, 10.708, 0.78], [0.455, 15.085, 10.213, 0.705], [0, 1]]
[[0.452, 12.688, 8.406, 0.746], [0.443, 12.317, 8.476, 0.755], [0, 1]]
[[0.441, 15.029, 11.343, 0.717], [0.441, 14.0, 8.0, 0.761], [1, 0]]
[[0.456, 15.041, 9.575, 0.773], [0.452, 13.068, 9.054, 0.747], [0, 1]]
[[0.446, 14.565, 8.087, 0.716], [0.441, 16.042, 9.917, 0.705], [1, 0]]
[[0.453, 14.135, 8.405, 0.725], [0.455, 13.075, 8.775, 0.751], [1, 0]]
[[0.393, 16.0, 8.714, 0.671], [0.352, 12.4, 11.2, 0.569], [0, 1]]
[[0.453, 13.176, 8.603, 0.746], [0.457, 13.794, 9.294, 0.767], [1, 0]]
[[0.443, 12.938, 9.281, 0.757], [0.452, 13.286, 8.952, 0.756], [1, 0]]
[[0.204, 5.0, 4.5, 0.38], [0.229, 8.5, 4.5, 0.42], [0, 1]]
[[0.436, 13.217, 9.022, 0.75], [0.47, 14.727, 9.023, 0.759], [0, 1]]
[[0.438, 13.0, 8.805, 0.745], [0.439, 14.054, 9.459, 0.761], [1, 0]]
[[0.469, 14.622, 9.089, 0.76], [0.45, 15.089, 10.222, 0.757], [0, 1]]
[[0.452, 13.198, 8.744, 0.75], [0.451, 14.314, 10.802, 0.743], [0, 1]]
[[0.449, 13.864, 8.102, 0.763], [0.452, 14.15, 10.35, 0.752], [1, 0]]
[[0.454, 12.674, 8.13, 0.758], [0.447, 14.8, 10.756, 0.739], [0, 1]]
[[0.456, 13.562, 8.719, 0.75], [0.446, 14.0, 11.642, 0.697], [1, 0]]
[[0.462, 13.027, 9.419, 0.761], [0.462, 13.849, 9.986, 0.755], [1, 0]]
[[0.427, 14.0, 8.778, 0.752], [0.423, 13.95, 8.3, 0.738], [0, 1]]
[[0.47, 14.463, 8.878, 0.753], [0.44, 14.073, 9.415, 0.75], [0, 1]]
[[0.462, 13.304, 8.855, 0.771], [0.447, 12.855, 9.681, 0.771], [0, 1]]
[[0.462, 13.898, 8.542, 0.775], [0.45, 12.949, 9.881, 0.77], [1, 0]]
[[0.419, 13.091, 8.864, 0.75], [0.441, 12.857, 8.905, 0.729], [1, 0]]
[[0.446, 14.691, 10.891, 0.751], [0.448, 13.898, 10.542, 0.779], [1, 0]]
[[0.457, 13.136, 8.955, 0.754], [0.454, 13.186, 9.465, 0.748], [0, 1]]
[[0.437, 13.212, 9.346, 0.751], [0.45, 14.569, 10.588, 0.744], [1, 0]]
[[0.442, 13.727, 8.697, 0.743], [0.457, 13.806, 8.419, 0.746], [0, 1]]
[[0.454, 15.029, 9.794, 0.779], [0.439, 15.206, 11.382, 0.714], [0, 1]]
[[0.437, 13.083, 9.5, 0.758], [0.447, 14.84, 8.04, 0.758], [0, 1]]
[[0.442, 15.591, 11.273, 0.697], [0.408, 12.619, 8.238, 0.701], [1, 0]]
[[0.44, 14.533, 8.7, 0.749], [0.451, 12.581, 9.226, 0.739], [0, 1]]
[[0.445, 12.909, 8.864, 0.734], [0.441, 12.818, 9.0, 0.709], [1, 0]]
[[0.414, 13.625, 8.0, 0.743], [0.404, 12.75, 9.062, 0.66], [0, 1]]
[[0.42, 12.8, 8.6, 0.706], [0.404, 12.8, 8.8, 0.725], [1, 0]]
[[0.449, 13.95, 8.225, 0.748], [0.442, 13.878, 7.854, 0.769], [1, 0]]
[[0.239, 10.0, 5.5, 0.453], [0.26, 7.0, 7.0, 0.391], [0, 1]]
[[0.436, 13.167, 8.0, 0.673], [0.439, 14.667, 10.167, 0.71], [1, 0]]
[[0.413, 15.2, 8.3, 0.724], [0.422, 15.6, 8.5, 0.661], [0, 1]]
[[0.469, 14.692, 8.942, 0.76], [0.444, 14.037, 11.648, 0.693], [1, 0]]
[[0.453, 12.667, 8.404, 0.75], [0.454, 14.75, 10.589, 0.715], [1, 0]]
[[0.43, 13.375, 9.333, 0.759], [0.414, 14.652, 10.826, 0.688], [0, 1]]
[[0.458, 13.467, 9.4, 0.765], [0.436, 13.207, 8.862, 0.692], [1, 0]]
[[0.446, 14.067, 10.533, 0.729], [0.436, 13.179, 8.643, 0.687], [0, 1]]
[[0.452, 14.268, 10.179, 0.755], [0.453, 14.981, 10.556, 0.71], [0, 1]]
[[0.447, 13.66, 9.064, 0.749], [0.469, 14.708, 8.979, 0.76], [0, 1]]
[[0.394, 15.714, 7.429, 0.68], [0.392, 16.286, 8.143, 0.604], [1, 0]]
[[0.455, 13.093, 8.884, 0.753], [0.469, 13.854, 8.22, 0.757], [0, 1]]
[[0.463, 13.462, 8.827, 0.755], [0.453, 13.827, 8.365, 0.741], [0, 1]]
[[0.453, 14.18, 10.311, 0.752], [0.457, 13.915, 9.661, 0.749], [0, 1]]
[[0.451, 13.238, 9.357, 0.75], [0.443, 13.833, 7.929, 0.769], [0, 1]]
[[0.455, 13.709, 8.564, 0.745], [0.455, 14.232, 10.393, 0.75], [1, 0]]
[[0.439, 14.071, 9.476, 0.751], [0.448, 14.767, 10.884, 0.734], [0, 1]]
[[0.45, 13.2, 8.631, 0.75], [0.453, 14.299, 10.358, 0.75], [1, 0]]
[[0.452, 15.2, 9.975, 0.759], [0.453, 15.3, 10.475, 0.711], [0, 1]]
[[0.403, 12.818, 7.818, 0.701], [0.39, 13.7, 9.2, 0.71], [1, 0]]
[[0.363, 12.667, 7.5, 0.605], [0.384, 11.714, 10.0, 0.663], [1, 0]]
[[0.457, 12.316, 9.026, 0.737], [0.462, 13.553, 9.421, 0.772], [0, 1]]
[[0.47, 14.534, 9.966, 0.78], [0.453, 14.254, 10.288, 0.75], [1, 0]]
[[0.466, 14.0, 9.595, 0.775], [0.445, 14.785, 9.595, 0.769], [1, 0]]
[[0.453, 14.939, 9.788, 0.777], [0.44, 15.548, 10.71, 0.696], [1, 0]]
[[0.456, 15.162, 9.757, 0.753], [0.435, 12.972, 8.806, 0.746], [1, 0]]
[[0.457, 13.238, 8.929, 0.755], [0.444, 13.049, 10.0, 0.765], [0, 1]]
[[0.364, 15.0, 8.25, 0.612], [0.29, 11.0, 7.75, 0.658], [1, 0]]
[[0.442, 13.6, 10.0, 0.718], [0.449, 14.542, 8.417, 0.737], [0, 1]]
[[0.443, 13.357, 9.488, 0.762], [0.466, 14.048, 8.845, 0.782], [1, 0]]
[[0.464, 14.0, 8.603, 0.77], [0.446, 14.706, 9.515, 0.773], [1, 0]]
[[0.472, 14.457, 9.877, 0.791], [0.466, 14.037, 9.605, 0.773], [0, 1]]
[[0.434, 14.29, 8.323, 0.731], [0.451, 15.484, 9.581, 0.751], [0, 1]]
[[0.445, 14.5, 7.917, 0.72], [0.448, 14.963, 8.074, 0.756], [1, 0]]
[[0.455, 13.5, 8.75, 0.74], [0.431, 14.846, 11.462, 0.72], [1, 0]]
[[0.454, 14.552, 7.897, 0.711], [0.455, 14.034, 8.517, 0.741], [1, 0]]
[[0.463, 13.067, 9.133, 0.767], [0.448, 14.569, 10.724, 0.75], [0, 1]]
[[0.466, 13.962, 8.769, 0.776], [0.461, 13.859, 10.436, 0.756], [0, 1]]
[[0.465, 13.089, 8.949, 0.762], [0.455, 12.667, 9.692, 0.768], [1, 0]]
[[0.398, 12.154, 7.308, 0.673], [0.402, 14.067, 9.933, 0.67], [0, 1]]
[[0.444, 12.694, 8.139, 0.747], [0.442, 13.303, 9.545, 0.758], [1, 0]]
[[0.41, 13.25, 9.0, 0.739], [0.416, 15.667, 9.067, 0.742], [1, 0]]
[[0.46, 13.5, 8.947, 0.771], [0.443, 12.545, 8.935, 0.759], [0, 1]]
[[0.442, 14.086, 8.2, 0.741], [0.454, 12.944, 8.472, 0.742], [1, 0]]
[[0.461, 13.431, 8.792, 0.771], [0.453, 13.056, 9.764, 0.767], [0, 1]]
[[0.455, 13.38, 9.014, 0.746], [0.473, 12.542, 9.667, 0.788], [1, 0]]
[[0.403, 13.3, 8.2, 0.68], [0.422, 11.0, 10.667, 0.698], [1, 0]]
[[0.445, 14.027, 8.27, 0.747], [0.457, 13.053, 8.5, 0.749], [1, 0]]
[[0.436, 13.28, 9.4, 0.759], [0.429, 12.76, 8.08, 0.751], [1, 0]]
[[0.46, 13.5, 8.633, 0.741], [0.441, 15.75, 10.643, 0.696], [1, 0]]
[[0.425, 12.636, 8.818, 0.715], [0.41, 13.769, 8.462, 0.719], [0, 1]]
[[0.465, 14.134, 9.567, 0.77], [0.446, 13.956, 8.176, 0.767], [0, 1]]
[[0.466, 12.717, 9.167, 0.749], [0.455, 14.967, 9.803, 0.768], [1, 0]]
[[0.441, 12.762, 8.952, 0.704], [0.421, 14.474, 11.316, 0.701], [0, 1]]
[[0.435, 12.946, 8.973, 0.748], [0.435, 12.395, 8.395, 0.742], [1, 0]]
[[0.436, 13.097, 8.548, 0.752], [0.439, 15.207, 11.828, 0.715], [1, 0]]
[[0.449, 15.095, 10.286, 0.755], [0.45, 14.786, 10.952, 0.733], [1, 0]]
[[0.45, 14.432, 10.753, 0.743], [0.452, 12.378, 8.439, 0.752], [1, 0]]
[[0.445, 13.45, 9.0, 0.751], [0.421, 13.238, 8.0, 0.746], [0, 1]]
[[0.446, 13.913, 7.913, 0.774], [0.45, 13.809, 10.787, 0.782], [0, 1]]
[[0.435, 13.179, 8.536, 0.753], [0.435, 13.63, 9.407, 0.772], [0, 1]]
[[0.444, 12.976, 9.098, 0.707], [0.454, 15.537, 10.439, 0.709], [0, 1]]
[[0.442, 14.812, 11.167, 0.749], [0.467, 14.0, 8.26, 0.77], [0, 1]]
[[0.445, 13.884, 9.0, 0.75], [0.446, 13.442, 9.442, 0.748], [1, 0]]
[[0.452, 12.636, 8.382, 0.749], [0.459, 14.189, 9.566, 0.75], [0, 1]]
[[0.444, 12.451, 8.732, 0.758], [0.454, 13.667, 10.569, 0.781], [0, 1]]
[[0.448, 13.279, 9.941, 0.771], [0.446, 14.576, 10.788, 0.75], [0, 1]]
[[0.461, 13.343, 8.886, 0.746], [0.454, 15.029, 9.8, 0.779], [0, 1]]
[[0.451, 14.279, 10.309, 0.752], [0.448, 14.059, 11.559, 0.697], [0, 1]]
[[0.454, 13.957, 8.638, 0.734], [0.454, 12.49, 8.184, 0.752], [1, 0]]
[[0.452, 13.145, 8.623, 0.745], [0.445, 12.779, 9.956, 0.772], [0, 1]]
[[0.45, 15.159, 10.25, 0.759], [0.443, 13.196, 9.152, 0.77], [1, 0]]
[[0.445, 12.694, 9.823, 0.766], [0.45, 13.274, 8.984, 0.737], [1, 0]]
[[0.449, 13.061, 9.732, 0.739], [0.455, 12.646, 9.598, 0.766], [0, 1]]
[[0.466, 13.917, 8.653, 0.772], [0.462, 13.917, 9.931, 0.754], [0, 1]]
[[0.467, 14.17, 8.34, 0.764], [0.449, 14.125, 10.271, 0.755], [1, 0]]
[[0.447, 13.778, 9.067, 0.749], [0.449, 13.426, 8.085, 0.749], [0, 1]]
[[0.466, 14.403, 9.484, 0.766], [0.446, 12.714, 9.667, 0.772], [1, 0]]
[[0.444, 13.812, 9.688, 0.734], [0.408, 12.714, 9.071, 0.671], [1, 0]]
[[0.472, 14.676, 9.803, 0.788], [0.452, 14.389, 10.153, 0.754], [1, 0]]
[[0.457, 14.152, 8.242, 0.717], [0.431, 14.2, 11.657, 0.68], [0, 1]]
[[0.456, 13.396, 9.271, 0.761], [0.447, 13.354, 9.083, 0.71], [0, 1]]
[[0.437, 12.784, 8.541, 0.753], [0.433, 12.576, 8.212, 0.732], [1, 0]]
[[0.447, 13.304, 8.929, 0.757], [0.45, 13.964, 8.196, 0.764], [0, 1]]
[[0.472, 14.677, 9.8, 0.787], [0.446, 13.348, 9.97, 0.772], [1, 0]]
[[0.454, 13.586, 8.466, 0.746], [0.449, 13.448, 8.983, 0.731], [1, 0]]
[[0.459, 13.324, 8.838, 0.748], [0.441, 13.895, 7.974, 0.764], [0, 1]]
[[0.464, 14.103, 10.382, 0.752], [0.452, 13.221, 9.103, 0.743], [1, 0]]
[[0.455, 13.476, 8.786, 0.745], [0.471, 12.583, 9.69, 0.789], [1, 0]]
[[0.455, 15.391, 9.304, 0.74], [0.442, 14.792, 7.958, 0.757], [0, 1]]
[[0.458, 13.739, 9.319, 0.768], [0.472, 12.514, 9.686, 0.788], [0, 1]]
[[0.472, 12.645, 9.435, 0.79], [0.455, 14.81, 10.534, 0.717], [1, 0]]
[[0.437, 13.034, 8.241, 0.74], [0.434, 13.379, 9.448, 0.768], [1, 0]]
[[0.453, 12.619, 8.333, 0.745], [0.445, 13.984, 11.688, 0.695], [0, 1]]
[[0.45, 13.317, 9.05, 0.731], [0.456, 14.767, 10.683, 0.716], [0, 1]]
[[0.472, 14.636, 9.803, 0.787], [0.447, 12.833, 9.682, 0.773], [1, 0]]
[[0.437, 13.333, 8.556, 0.686], [0.445, 13.32, 9.04, 0.759], [0, 1]]
[[0.448, 13.528, 9.113, 0.757], [0.453, 14.327, 10.073, 0.759], [1, 0]]
[[0.451, 15.188, 10.125, 0.763], [0.445, 13.106, 10.064, 0.765], [0, 1]]
[[0.472, 14.567, 9.817, 0.782], [0.458, 13.983, 9.552, 0.752], [1, 0]]
[[0.438, 13.923, 9.385, 0.741], [0.43, 14.6, 9.8, 0.694], [0, 1]]
[[0.467, 14.102, 8.265, 0.767], [0.441, 12.471, 8.314, 0.755], [1, 0]]
[[0.301, 12.0, 8.333, 0.506], [0.314, 10.5, 7.0, 0.551], [1, 0]]
[[0.45, 13.931, 8.609, 0.761], [0.45, 14.034, 11.425, 0.712], [1, 0]]
[[0.442, 13.055, 9.411, 0.757], [0.447, 12.603, 9.795, 0.772], [1, 0]]
[[0.451, 13.127, 8.761, 0.747], [0.456, 14.714, 10.571, 0.719], [1, 0]]
[[0.464, 13.962, 8.308, 0.769], [0.45, 13.815, 10.63, 0.778], [1, 0]]
[[0.452, 13.188, 8.7, 0.75], [0.456, 14.963, 9.387, 0.773], [1, 0]]
[[0.429, 13.5, 10.062, 0.699], [0.433, 12.471, 9.294, 0.707], [0, 1]]
[[0.441, 13.0, 8.684, 0.709], [0.441, 13.526, 9.211, 0.75], [0, 1]]
[[0.462, 13.049, 9.679, 0.761], [0.455, 12.713, 9.713, 0.767], [0, 1]]
[[0.455, 13.526, 8.456, 0.748], [0.472, 12.689, 9.41, 0.788], [1, 0]]
[[0.446, 13.291, 8.182, 0.744], [0.462, 13.245, 9.321, 0.764], [0, 1]]
[[0.456, 12.528, 8.861, 0.736], [0.445, 12.757, 8.108, 0.749], [0, 1]]
[[0.463, 12.954, 9.231, 0.754], [0.462, 14.046, 8.569, 0.776], [1, 0]]
[[0.448, 14.897, 9.655, 0.767], [0.433, 12.593, 8.185, 0.759], [1, 0]]
[[0.445, 14.7, 8.35, 0.721], [0.43, 13.045, 8.818, 0.681], [1, 0]]
[[0.468, 14.596, 10.018, 0.782], [0.444, 12.81, 9.414, 0.773], [1, 0]]
[[0.449, 13.944, 8.652, 0.758], [0.216, 9.0, 6.5, 0.363], [1, 0]]
[[0.464, 14.174, 10.304, 0.752], [0.456, 14.647, 10.676, 0.718], [0, 1]]
[[0.434, 14.806, 11.548, 0.725], [0.435, 13.355, 9.097, 0.697], [0, 1]]
[[0.44, 14.314, 8.829, 0.766], [0.442, 13.676, 10.595, 0.746], [0, 1]]
[[0.471, 12.746, 9.441, 0.787], [0.439, 12.291, 8.418, 0.758], [0, 1]]
[[0.444, 13.014, 9.275, 0.757], [0.458, 13.814, 9.371, 0.768], [0, 1]]
[[0.436, 13.423, 8.577, 0.727], [0.441, 15.654, 10.077, 0.694], [0, 1]]
[[0.439, 14.026, 9.474, 0.76], [0.454, 13.026, 8.769, 0.749], [1, 0]]
[[0.438, 13.913, 12.0, 0.683], [0.45, 15.311, 10.267, 0.717], [1, 0]]
[[0.447, 13.5, 9.37, 0.743], [0.442, 13.667, 9.417, 0.756], [0, 1]]
[[0.363, 8.25, 9.5, 0.565], [0.318, 9.0, 5.667, 0.445], [0, 1]]
[[0.435, 14.971, 11.647, 0.727], [0.455, 14.088, 10.588, 0.779], [1, 0]]
[[0.449, 13.952, 7.905, 0.766], [0.471, 12.612, 9.582, 0.79], [1, 0]]
[[0.459, 12.426, 9.149, 0.747], [0.452, 15.283, 10.174, 0.704], [0, 1]]
[[0.455, 13.559, 8.853, 0.749], [0.447, 12.868, 9.662, 0.77], [1, 0]]
[[0.443, 14.303, 9.242, 0.754], [0.455, 12.647, 9.118, 0.739], [0, 1]]
[[0.431, 13.824, 10.118, 0.699], [0.439, 13.706, 9.294, 0.752], [1, 0]]
[[0.406, 13.0, 8.615, 0.663], [0.445, 14.385, 10.0, 0.717], [0, 1]]
[[0.446, 12.568, 9.838, 0.773], [0.449, 13.987, 11.566, 0.701], [1, 0]]
[[0.453, 13.07, 9.761, 0.769], [0.45, 14.055, 11.521, 0.7], [0, 1]]
[[0.427, 13.375, 8.625, 0.744], [0.425, 14.636, 11.909, 0.698], [1, 0]]
[[0.447, 13.154, 9.782, 0.738], [0.451, 13.051, 9.936, 0.768], [1, 0]]
[[0.447, 13.258, 8.452, 0.749], [0.446, 14.717, 10.817, 0.751], [1, 0]]
[[0.416, 15.7, 7.4, 0.709], [0.397, 12.333, 8.556, 0.728], [0, 1]]
[[0.445, 14.675, 9.584, 0.77], [0.449, 13.987, 8.377, 0.763], [0, 1]]
[[0.47, 14.559, 9.932, 0.783], [0.445, 12.627, 9.814, 0.766], [0, 1]]
[[0.449, 13.897, 8.155, 0.764], [0.444, 12.746, 9.407, 0.772], [1, 0]]
[[0.449, 15.174, 9.391, 0.782], [0.438, 15.864, 9.727, 0.699], [1, 0]]
[[0.426, 13.118, 9.588, 0.721], [0.404, 13.688, 10.125, 0.67], [1, 0]]
[[0.443, 12.972, 9.278, 0.753], [0.457, 15.143, 9.543, 0.759], [0, 1]]
[[0.41, 15.692, 9.0, 0.737], [0.405, 12.692, 7.846, 0.697], [1, 0]]
[[0.446, 14.629, 9.557, 0.774], [0.463, 14.085, 10.408, 0.752], [1, 0]]
[[0.449, 14.2, 10.26, 0.754], [0.454, 13.784, 10.49, 0.78], [0, 1]]
[[0.456, 13.5, 8.805, 0.746], [0.457, 14.524, 10.561, 0.72], [1, 0]]
[[0.45, 13.162, 9.946, 0.767], [0.454, 12.905, 9.703, 0.766], [0, 1]]
[[0.406, 12.0, 7.875, 0.695], [0.357, 12.833, 10.5, 0.616], [0, 1]]
[[0.34, 9.75, 7.5, 0.608], [0.326, 10.25, 9.5, 0.564], [1, 0]]
[[0.446, 12.833, 9.0, 0.747], [0.442, 13.273, 9.273, 0.755], [0, 1]]
[[0.445, 14.641, 9.531, 0.775], [0.447, 12.877, 9.646, 0.771], [0, 1]]
[[0.443, 15.529, 9.471, 0.767], [0.408, 14.188, 11.5, 0.689], [1, 0]]
[[0.456, 13.5, 8.875, 0.742], [0.436, 14.304, 8.565, 0.759], [1, 0]]
[[0.463, 13.182, 9.545, 0.777], [0.438, 13.767, 11.721, 0.684], [1, 0]]
[[0.471, 14.641, 9.875, 0.786], [0.457, 15.234, 9.766, 0.77], [1, 0]]
[[0.457, 13.359, 8.949, 0.773], [0.454, 13.57, 10.582, 0.783], [1, 0]]
[[0.447, 13.732, 8.195, 0.75], [0.443, 13.15, 9.8, 0.767], [1, 0]]
[[0.441, 14.067, 9.622, 0.755], [0.447, 13.239, 9.0, 0.705], [1, 0]]
[[0.444, 14.648, 10.963, 0.753], [0.457, 14.127, 9.545, 0.748], [1, 0]]
[[0.435, 12.971, 9.206, 0.705], [0.444, 13.235, 10.088, 0.736], [0, 1]]
[[0.425, 13.824, 8.941, 0.741], [0.42, 13.5, 7.667, 0.746], [0, 1]]
[[0.385, 13.889, 10.0, 0.635], [0.38, 13.222, 9.667, 0.696], [1, 0]]
[[0.466, 12.672, 9.131, 0.751], [0.453, 12.565, 8.339, 0.748], [0, 1]]
[[0.33, 12.667, 9.833, 0.676], [0.339, 9.8, 7.8, 0.641], [0, 1]]
[[0.463, 13.348, 8.986, 0.756], [0.446, 12.754, 9.841, 0.769], [0, 1]]
[[0.458, 13.341, 8.927, 0.753], [0.462, 13.163, 9.512, 0.778], [0, 1]]
[[0.441, 14.077, 9.385, 0.751], [0.449, 13.459, 9.946, 0.745], [0, 1]]
[[0.436, 14.296, 8.778, 0.74], [0.438, 13.036, 9.321, 0.763], [1, 0]]
[[0.418, 14.0, 8.824, 0.741], [0.435, 13.312, 9.5, 0.757], [0, 1]]
[[0.449, 13.622, 8.0, 0.75], [0.467, 14.044, 8.356, 0.763], [1, 0]]
[[0.437, 13.72, 8.48, 0.729], [0.441, 15.083, 11.333, 0.7], [1, 0]]
[[0.436, 13.684, 10.105, 0.714], [0.411, 14.158, 10.105, 0.682], [1, 0]]
[[0.462, 13.071, 9.4, 0.756], [0.451, 13.029, 9.841, 0.77], [0, 1]]
[[0.158, 8.0, 5.0, 0.361], [0.244, 8.0, 7.5, 0.393], [1, 0]]
[[0.45, 12.949, 9.282, 0.749], [0.452, 13.692, 10.462, 0.782], [1, 0]]
[[0.456, 13.342, 8.987, 0.746], [0.446, 12.48, 8.827, 0.757], [1, 0]]
[[0.444, 12.933, 9.311, 0.752], [0.448, 13.935, 10.37, 0.751], [1, 0]]
[[0.437, 13.26, 9.2, 0.752], [0.459, 14.146, 9.75, 0.746], [1, 0]]
[[0.416, 14.154, 10.077, 0.716], [0.427, 13.0, 8.25, 0.723], [0, 1]]
[[0.346, 13.25, 6.0, 0.562], [0.313, 8.667, 9.0, 0.552], [0, 1]]
[[0.452, 15.5, 9.278, 0.727], [0.405, 13.706, 10.059, 0.675], [1, 0]]
[[0.462, 14.209, 10.418, 0.753], [0.456, 14.667, 10.606, 0.716], [1, 0]]
[[0.466, 13.02, 9.62, 0.779], [0.459, 14.043, 9.745, 0.747], [1, 0]]
[[0.441, 13.34, 9.717, 0.764], [0.442, 14.673, 11.061, 0.751], [1, 0]]
[[0.459, 13.758, 8.242, 0.749], [0.433, 12.382, 8.412, 0.728], [0, 1]]
[[0.453, 15.474, 9.158, 0.737], [0.426, 13.474, 9.737, 0.747], [1, 0]]
[[0.471, 12.6, 9.523, 0.791], [0.451, 13.295, 9.033, 0.734], [1, 0]]
[[0.433, 15.067, 9.733, 0.716], [0.409, 14.733, 10.133, 0.745], [1, 0]]
[[0.442, 13.219, 9.125, 0.752], [0.47, 14.906, 9.062, 0.741], [1, 0]]
[[0.445, 14.26, 9.7, 0.761], [0.449, 14.25, 10.288, 0.755], [1, 0]]
[[0.455, 13.333, 8.962, 0.747], [0.449, 12.718, 9.833, 0.77], [0, 1]]
[[0.443, 13.277, 9.542, 0.761], [0.239, 10.0, 5.5, 0.453], [1, 0]]
[[0.423, 13.261, 8.696, 0.742], [0.44, 13.4, 10.0, 0.72], [0, 1]]
[[0.466, 13.112, 8.82, 0.76], [0.462, 13.079, 9.562, 0.761], [0, 1]]
[[0.455, 13.493, 8.884, 0.746], [0.46, 13.809, 9.765, 0.752], [1, 0]]
[[0.432, 14.074, 8.222, 0.73], [0.444, 14.357, 8.321, 0.76], [1, 0]]
[[0.399, 12.727, 9.364, 0.697], [0.405, 13.909, 10.091, 0.689], [1, 0]]
[[0.435, 12.8, 9.15, 0.721], [0.439, 13.316, 9.158, 0.755], [1, 0]]
[[0.443, 13.708, 9.708, 0.72], [0.429, 13.48, 9.36, 0.768], [0, 1]]
[[0.446, 13.229, 10.229, 0.738], [0.447, 15.314, 10.457, 0.703], [1, 0]]
[[0.455, 14.917, 9.292, 0.751], [0.427, 12.917, 7.958, 0.749], [1, 0]]
[[0.466, 14.118, 9.812, 0.768], [0.447, 12.635, 9.929, 0.774], [1, 0]]
[[0.447, 15.0, 11.051, 0.724], [0.442, 13.95, 7.85, 0.766], [1, 0]]
[[0.452, 13.014, 8.847, 0.758], [0.447, 14.529, 10.971, 0.751], [0, 1]]
[[0.466, 12.638, 9.069, 0.748], [0.449, 13.81, 10.603, 0.778], [1, 0]]
[[0.457, 14.188, 8.125, 0.715], [0.441, 13.375, 9.969, 0.73], [0, 1]]
[[0.397, 12.625, 8.625, 0.688], [0.406, 13.889, 8.889, 0.687], [0, 1]]
[[0.463, 13.404, 8.982, 0.754], [0.445, 13.864, 11.576, 0.688], [1, 0]]
[[0.424, 12.643, 9.286, 0.687], [0.397, 12.0, 7.636, 0.666], [1, 0]]
[[0.461, 13.466, 8.822, 0.771], [0.447, 14.458, 10.819, 0.75], [0, 1]]
[[0.456, 15.097, 9.806, 0.768], [0.455, 14.705, 10.639, 0.716], [0, 1]]
[[0.434, 15.2, 8.9, 0.744], [0.431, 14.35, 8.65, 0.752], [1, 0]]
[[0.448, 13.169, 9.831, 0.739], [0.454, 13.603, 10.577, 0.784], [1, 0]]
[[0.443, 14.143, 9.653, 0.76], [0.459, 14.245, 9.714, 0.746], [0, 1]]
[[0.41, 13.353, 8.882, 0.733], [0.441, 15.812, 9.375, 0.768], [1, 0]]
[[0.428, 15.182, 10.091, 0.718], [0.414, 14.545, 10.636, 0.646], [1, 0]]
[[0.454, 13.147, 8.882, 0.757], [0.452, 14.246, 10.261, 0.752], [1, 0]]
[[0.391, 14.333, 10.75, 0.667], [0.409, 13.0, 8.417, 0.652], [0, 1]]
[[0.454, 13.4, 8.92, 0.743], [0.418, 12.348, 8.087, 0.716], [1, 0]]
[[0.442, 13.269, 9.231, 0.762], [0.445, 13.269, 10.192, 0.746], [0, 1]]
[[0.422, 14.556, 7.556, 0.662], [0.401, 14.7, 11.0, 0.658], [0, 1]]
[[0.44, 12.951, 9.317, 0.767], [0.446, 14.095, 10.595, 0.746], [1, 0]]
[[0.443, 13.337, 9.528, 0.758], [0.468, 13.742, 8.708, 0.776], [0, 1]]
[[0.44, 13.562, 7.5, 0.715], [0.421, 14.111, 8.722, 0.747], [0, 1]]
[[0.471, 14.554, 9.838, 0.788], [0.447, 13.947, 8.36, 0.765], [0, 1]]
[[0.435, 13.167, 8.967, 0.696], [0.447, 12.897, 9.138, 0.757], [0, 1]]
[[0.439, 13.148, 9.222, 0.761], [0.447, 13.28, 10.48, 0.746], [0, 1]]
[[0.441, 14.163, 9.395, 0.754], [0.45, 15.295, 10.364, 0.711], [1, 0]]
[[0.463, 13.355, 8.871, 0.751], [0.445, 14.623, 10.803, 0.75], [0, 1]]
[[0.46, 13.867, 9.32, 0.769], [0.448, 12.75, 9.855, 0.773], [1, 0]]
[[0.439, 13.093, 9.222, 0.751], [0.455, 15.0, 9.962, 0.774], [1, 0]]
[[0.44, 14.194, 9.417, 0.758], [0.443, 14.194, 8.194, 0.745], [1, 0]]
[[0.465, 14.388, 9.755, 0.781], [0.454, 13.857, 10.612, 0.782], [1, 0]]
[[0.445, 13.951, 8.902, 0.751], [0.441, 13.837, 7.93, 0.771], [1, 0]]
[[0.446, 14.0, 8.925, 0.75], [0.454, 12.523, 7.909, 0.762], [0, 1]]
[[0.42, 14.714, 7.429, 0.643], [0.431, 13.0, 7.875, 0.696], [0, 1]]
[[0.471, 14.459, 9.8, 0.793], [0.448, 12.553, 9.776, 0.773], [1, 0]]
[[0.453, 12.6, 8.317, 0.748], [0.456, 14.831, 10.576, 0.717], [0, 1]]
[[0.449, 13.721, 8.163, 0.749], [0.468, 13.814, 8.256, 0.762], [1, 0]]
[[0.447, 13.429, 8.929, 0.716], [0.412, 14.0, 8.571, 0.727], [1, 0]]
[[0.472, 14.638, 9.797, 0.79], [0.456, 14.638, 10.623, 0.717], [1, 0]]
[[0.432, 13.167, 8.667, 0.73], [0.418, 15.692, 9.692, 0.684], [1, 0]]
[[0.444, 14.698, 11.057, 0.752], [0.468, 14.582, 9.091, 0.76], [1, 0]]
[[0.439, 12.512, 8.256, 0.753], [0.451, 13.643, 10.548, 0.783], [1, 0]]
[[0.447, 13.181, 9.833, 0.737], [0.452, 14.301, 10.178, 0.755], [1, 0]]
[[0.341, 10.75, 7.25, 0.631], [0.341, 12.0, 9.25, 0.553], [0, 1]]
[[0.463, 14.426, 9.851, 0.78], [0.442, 12.522, 8.109, 0.757], [1, 0]]
[[0.468, 14.12, 9.711, 0.768], [0.449, 12.602, 9.867, 0.771], [1, 0]]
[[0.455, 13.311, 9.511, 0.747], [0.467, 14.023, 8.318, 0.763], [0, 1]]
[[0.45, 13.377, 9.0, 0.759], [0.451, 13.0, 9.5, 0.746], [1, 0]]
[[0.452, 13.097, 8.736, 0.746], [0.463, 14.069, 10.417, 0.753], [1, 0]]
[[0.447, 13.792, 9.0, 0.751], [0.451, 15.102, 10.143, 0.765], [1, 0]]
[[0.411, 14.923, 7.923, 0.699], [0.416, 16.231, 7.462, 0.734], [1, 0]]
[[0.388, 14.091, 10.545, 0.663], [0.418, 16.0, 7.5, 0.73], [1, 0]]
[[0.444, 13.345, 9.621, 0.758], [0.469, 13.828, 8.747, 0.779], [0, 1]]
[[0.456, 13.39, 8.974, 0.746], [0.452, 14.372, 10.128, 0.749], [1, 0]]
[[0.445, 13.7, 9.1, 0.75], [0.464, 12.654, 9.038, 0.743], [0, 1]]
[[0.414, 15.111, 8.333, 0.72], [0.401, 14.125, 8.125, 0.672], [0, 1]]
[[0.438, 13.438, 8.812, 0.764], [0.439, 14.0, 10.562, 0.738], [1, 0]]
[[0.455, 12.853, 8.559, 0.743], [0.468, 14.879, 9.091, 0.741], [0, 1]]
[[0.456, 12.507, 8.521, 0.756], [0.447, 13.973, 8.329, 0.763], [0, 1]]
[[0.467, 13.118, 8.835, 0.764], [0.462, 13.118, 9.612, 0.76], [1, 0]]
[[0.204, 5.0, 4.5, 0.38], [0.216, 4.5, 8.0, 0.395], [1, 0]]
[[0.357, 11.75, 5.75, 0.528], [0.324, 12.6, 8.2, 0.66], [1, 0]]
[[0.435, 14.16, 8.32, 0.728], [0.434, 13.654, 9.231, 0.768], [0, 1]]
[[0.406, 13.667, 9.111, 0.694], [0.403, 15.5, 7.25, 0.695], [0, 1]]
[[0.434, 14.947, 9.737, 0.719], [0.434, 13.333, 10.556, 0.738], [0, 1]]
[[0.437, 13.246, 9.351, 0.751], [0.454, 13.75, 9.625, 0.749], [1, 0]]
[[0.449, 13.906, 8.541, 0.762], [0.45, 14.0, 11.518, 0.71], [1, 0]]
[[0.47, 14.553, 8.789, 0.749], [0.442, 14.051, 7.949, 0.77], [1, 0]]
[[0.407, 15.364, 8.818, 0.726], [0.405, 14.083, 10.167, 0.689], [1, 0]]
[[0.444, 14.2, 7.886, 0.759], [0.427, 14.206, 11.735, 0.677], [0, 1]]
[[0.437, 13.152, 9.394, 0.77], [0.433, 12.781, 8.5, 0.754], [1, 0]]
[[0.408, 13.182, 8.0, 0.69], [0.426, 15.636, 8.455, 0.672], [0, 1]]
[[0.442, 14.059, 7.971, 0.738], [0.467, 14.824, 9.206, 0.742], [0, 1]]
[[0.46, 13.988, 9.393, 0.77], [0.456, 12.655, 9.655, 0.765], [0, 1]]
[[0.443, 12.83, 9.415, 0.77], [0.445, 13.26, 8.98, 0.715], [1, 0]]
[[0.449, 13.125, 9.7, 0.736], [0.453, 12.395, 8.42, 0.756], [1, 0]]
[[0.448, 14.466, 10.767, 0.748], [0.472, 12.507, 9.667, 0.788], [1, 0]]
[[0.455, 14.051, 8.436, 0.731], [0.446, 13.385, 9.487, 0.741], [0, 1]]
[[0.428, 14.889, 9.778, 0.704], [0.399, 10.286, 11.429, 0.66], [1, 0]]
[[0.445, 13.75, 9.781, 0.737], [0.441, 12.909, 8.091, 0.746], [0, 1]]
[[0.472, 14.651, 8.953, 0.757], [0.453, 13.795, 10.659, 0.78], [1, 0]]
[[0.466, 13.125, 8.9, 0.762], [0.461, 13.9, 9.35, 0.771], [1, 0]]
[[0.444, 14.321, 9.849, 0.767], [0.449, 12.981, 10.019, 0.765], [0, 1]]
[[0.447, 13.359, 9.922, 0.769], [0.452, 13.302, 9.016, 0.739], [0, 1]]
[[0.434, 12.765, 8.735, 0.746], [0.44, 15.594, 10.719, 0.693], [1, 0]]
[[0.448, 13.111, 9.753, 0.736], [0.447, 14.753, 9.58, 0.768], [0, 1]]
[[0.449, 14.4, 8.24, 0.742], [0.436, 13.407, 8.333, 0.735], [1, 0]]
[[0.445, 14.705, 9.577, 0.77], [0.447, 12.5, 9.923, 0.777], [0, 1]]
[[0.448, 13.962, 8.359, 0.765], [0.474, 12.519, 9.506, 0.787], [1, 0]]
[[0.392, 12.222, 7.889, 0.671], [0.375, 13.625, 9.375, 0.644], [0, 1]]
[[0.457, 14.276, 10.31, 0.751], [0.445, 12.717, 9.433, 0.773], [1, 0]]
[[0.448, 14.043, 7.979, 0.774], [0.457, 13.978, 9.783, 0.748], [1, 0]]
[[0.452, 12.756, 8.049, 0.755], [0.439, 12.375, 8.325, 0.748], [0, 1]]
[[0.462, 13.569, 8.882, 0.754], [0.446, 13.423, 8.115, 0.744], [1, 0]]
[[0.437, 15.062, 11.594, 0.725], [0.446, 13.129, 9.419, 0.761], [0, 1]]
[[0.452, 14.938, 9.781, 0.776], [0.44, 14.719, 8.812, 0.765], [1, 0]]
[[0.303, 8.333, 5.0, 0.531], [0.214, 6.0, 5.5, 0.262], [0, 1]]
[[0.438, 14.375, 8.458, 0.764], [0.452, 13.231, 9.269, 0.764], [1, 0]]
[[0.461, 13.255, 9.118, 0.762], [0.453, 14.961, 10.333, 0.707], [1, 0]]
[[0.454, 13.145, 8.87, 0.758], [0.465, 14.103, 9.632, 0.77], [0, 1]]
[[0.423, 14.938, 10.062, 0.738], [0.402, 12.733, 8.867, 0.659], [1, 0]]
[[0.441, 14.935, 11.065, 0.746], [0.442, 12.942, 9.346, 0.771], [1, 0]]
[[0.28, 10.0, 6.667, 0.558], [0.275, 10.0, 8.0, 0.505], [1, 0]]
[[0.415, 12.895, 9.368, 0.67], [0.433, 15.5, 9.6, 0.685], [1, 0]]
[[0.451, 15.109, 10.087, 0.761], [0.44, 12.532, 8.128, 0.755], [0, 1]]
[[0.43, 14.688, 9.75, 0.689], [0.416, 15.4, 9.733, 0.689], [0, 1]]
[[0.471, 14.571, 9.984, 0.784], [0.457, 13.762, 9.444, 0.764], [1, 0]]
[[0.439, 14.576, 8.909, 0.765], [0.44, 13.514, 10.657, 0.742], [0, 1]]
[[0.466, 14.571, 10.0, 0.779], [0.451, 12.589, 8.393, 0.751], [1, 0]]
[[0.461, 13.775, 10.4, 0.756], [0.473, 12.488, 9.55, 0.788], [1, 0]]
[[0.47, 14.537, 9.95, 0.792], [0.464, 13.062, 9.65, 0.762], [0, 1]]
[[0.455, 13.273, 8.773, 0.745], [0.217, 6.5, 5.5, 0.369], [1, 0]]
[[0.446, 12.494, 9.948, 0.775], [0.46, 13.792, 10.0, 0.748], [1, 0]]
[[0.466, 13.156, 8.984, 0.764], [0.445, 14.698, 9.619, 0.775], [1, 0]]
[[0.439, 14.609, 8.87, 0.746], [0.446, 15.565, 9.783, 0.734], [0, 1]]
[[0.443, 12.667, 9.49, 0.754], [0.458, 14.235, 9.647, 0.746], [1, 0]]
[[0.396, 12.9, 7.7, 0.689], [0.39, 14.125, 10.375, 0.671], [1, 0]]
[[0.444, 13.833, 9.143, 0.751], [0.437, 13.773, 11.659, 0.684], [0, 1]]
[[0.404, 13.7, 9.1, 0.705], [0.415, 11.0, 10.875, 0.681], [0, 1]]
[[0.442, 14.229, 9.792, 0.761], [0.441, 13.02, 9.294, 0.773], [0, 1]]
[[0.294, 8.667, 7.333, 0.538], [0.238, 8.5, 4.5, 0.4], [1, 0]]
[[0.456, 13.034, 8.793, 0.736], [0.449, 15.731, 9.885, 0.739], [0, 1]]
[[0.399, 12.111, 9.111, 0.725], [0.389, 12.222, 8.889, 0.624], [1, 0]]
[[0.443, 12.892, 9.292, 0.759], [0.455, 13.476, 8.667, 0.751], [0, 1]]
[[0.413, 15.786, 9.071, 0.737], [0.42, 16.214, 7.786, 0.742], [0, 1]]
[[0.45, 13.925, 8.363, 0.763], [0.461, 13.812, 10.062, 0.749], [1, 0]]
[[0.47, 12.53, 9.561, 0.791], [0.445, 12.73, 9.81, 0.768], [0, 1]]
[[0.403, 15.667, 7.667, 0.7], [0.368, 12.111, 8.556, 0.679], [1, 0]]
[[0.443, 12.881, 9.313, 0.756], [0.471, 12.588, 9.574, 0.79], [1, 0]]
[[0.456, 15.222, 9.667, 0.756], [0.441, 13.171, 9.743, 0.762], [0, 1]]
[[0.436, 12.821, 8.795, 0.749], [0.444, 13.829, 8.629, 0.751], [1, 0]]
[[0.437, 14.308, 8.769, 0.739], [0.434, 14.077, 8.308, 0.733], [0, 1]]
[[0.217, 6.5, 5.5, 0.369], [0.231, 5.5, 6.0, 0.448], [0, 1]]
[[0.441, 12.984, 9.365, 0.754], [0.443, 14.65, 9.65, 0.776], [1, 0]]
[[0.427, 12.786, 9.5, 0.698], [0.403, 12.083, 7.417, 0.662], [1, 0]]
[[0.31, 12.0, 9.5, 0.522], [0.314, 10.0, 7.0, 0.589], [0, 1]]
[[0.453, 13.07, 8.887, 0.757], [0.454, 13.634, 10.507, 0.781], [0, 1]]
[[0.449, 13.116, 9.855, 0.742], [0.464, 14.186, 10.3, 0.753], [0, 1]]
[[0.436, 13.833, 7.944, 0.714], [0.427, 13.75, 8.562, 0.733], [1, 0]]
[[0.212, 5.5, 7.5, 0.285], [0.45, 13.964, 11.506, 0.708], [0, 1]]
[[0.471, 14.407, 9.802, 0.793], [0.449, 12.523, 9.709, 0.774], [1, 0]]
[[0.407, 12.9, 10.0, 0.675], [0.435, 13.0, 6.2, 0.706], [1, 0]]
[[0.432, 14.0, 8.625, 0.73], [0.44, 13.5, 10.5, 0.742], [1, 0]]
[[0.456, 15.206, 9.676, 0.772], [0.444, 12.418, 8.627, 0.759], [0, 1]]
[[0.459, 13.836, 9.301, 0.768], [0.462, 14.027, 10.351, 0.756], [0, 1]]
[[0.356, 10.6, 6.8, 0.632], [0.328, 12.75, 9.25, 0.564], [1, 0]]
[[0.441, 13.235, 9.471, 0.763], [0.433, 14.139, 11.75, 0.681], [0, 1]]
[[0.45, 13.373, 9.0, 0.731], [0.446, 13.738, 11.492, 0.69], [0, 1]]
[[0.455, 15.184, 9.947, 0.756], [0.447, 13.925, 10.55, 0.749], [0, 1]]
[[0.359, 12.0, 7.0, 0.624], [0.348, 14.75, 8.5, 0.575], [1, 0]]
[[0.444, 14.07, 11.649, 0.689], [0.453, 14.855, 10.6, 0.713], [0, 1]]
[[0.421, 11.889, 7.889, 0.703], [0.408, 12.778, 9.889, 0.664], [0, 1]]
[[0.443, 15.438, 9.5, 0.731], [0.43, 13.533, 9.2, 0.755], [0, 1]]
[[0.456, 13.319, 8.986, 0.746], [0.446, 12.597, 9.806, 0.77], [1, 0]]
[[0.422, 14.227, 8.273, 0.727], [0.449, 13.727, 10.5, 0.764], [0, 1]]
[[0.452, 13.4, 9.36, 0.757], [0.439, 13.217, 10.652, 0.749], [1, 0]]
[[0.444, 14.657, 9.493, 0.775], [0.455, 12.657, 8.388, 0.748], [0, 1]]
[[0.455, 12.629, 8.457, 0.751], [0.452, 12.986, 9.786, 0.769], [0, 1]]
[[0.451, 13.188, 9.159, 0.744], [0.448, 14.0, 11.386, 0.696], [0, 1]]
[[0.41, 14.5, 8.062, 0.722], [0.441, 13.688, 9.125, 0.758], [1, 0]]
[[0.433, 13.4, 8.68, 0.728], [0.419, 12.32, 8.08, 0.719], [0, 1]]
[[0.462, 13.884, 9.302, 0.773], [0.456, 12.733, 9.628, 0.767], [1, 0]]
[[0.406, 12.188, 7.938, 0.678], [0.429, 15.421, 9.895, 0.689], [0, 1]]
[[0.435, 13.5, 9.429, 0.773], [0.447, 14.138, 10.448, 0.727], [1, 0]]
[[0.44, 13.385, 9.731, 0.761], [0.453, 13.731, 10.519, 0.78], [0, 1]]
[[0.446, 15.074, 9.593, 0.776], [0.431, 13.375, 8.792, 0.726], [1, 0]]
[[0.454, 12.434, 8.461, 0.756], [0.455, 14.56, 10.52, 0.719], [0, 1]]
[[0.437, 13.275, 9.235, 0.751], [0.466, 14.333, 9.784, 0.779], [0, 1]]
[[0.454, 12.455, 8.429, 0.755], [0.472, 12.474, 9.551, 0.788], [0, 1]]
[[0.441, 14.861, 11.333, 0.721], [0.463, 13.417, 9.417, 0.773], [0, 1]]
[[0.466, 13.02, 9.449, 0.778], [0.446, 13.043, 10.022, 0.766], [1, 0]]
[[0.372, 10.571, 8.0, 0.646], [0.361, 13.5, 7.0, 0.638], [1, 0]]
[[0.457, 13.25, 9.023, 0.756], [0.463, 14.5, 9.761, 0.777], [0, 1]]
[[0.424, 14.15, 8.25, 0.737], [0.404, 12.526, 7.842, 0.697], [1, 0]]
[[0.396, 12.818, 7.818, 0.694], [0.389, 14.2, 9.7, 0.642], [1, 0]]
[[0.447, 13.23, 8.41, 0.749], [0.443, 14.729, 9.729, 0.776], [1, 0]]
[[0.448, 14.103, 8.231, 0.75], [0.451, 13.7, 10.575, 0.786], [1, 0]]
[[0.425, 14.786, 9.929, 0.721], [0.432, 12.385, 10.769, 0.722], [1, 0]]
[[0.409, 13.667, 8.917, 0.714], [0.442, 14.1, 8.2, 0.722], [0, 1]]
[[0.455, 14.1, 8.5, 0.731], [0.438, 12.429, 8.214, 0.751], [1, 0]]
[[0.473, 12.486, 9.622, 0.789], [0.454, 13.676, 10.541, 0.783], [1, 0]]
[[0.425, 15.267, 11.0, 0.685], [0.413, 13.286, 7.857, 0.71], [0, 1]]
[[0.471, 14.519, 9.911, 0.79], [0.45, 14.062, 11.562, 0.706], [1, 0]]
[[0.444, 14.438, 8.969, 0.754], [0.439, 13.03, 9.061, 0.752], [1, 0]]
[[0.465, 14.185, 9.554, 0.769], [0.453, 13.333, 9.076, 0.741], [1, 0]]
[[0.454, 13.379, 8.782, 0.745], [0.47, 12.517, 9.701, 0.786], [1, 0]]
[[0.321, 12.5, 9.5, 0.592], [0.342, 11.0, 6.5, 0.64], [1, 0]]
[[0.464, 14.043, 9.71, 0.771], [0.447, 12.871, 9.714, 0.773], [0, 1]]
[[0.455, 13.517, 8.617, 0.747], [0.46, 14.246, 10.344, 0.751], [1, 0]]
[[0.455, 12.467, 8.493, 0.756], [0.453, 13.053, 8.908, 0.746], [1, 0]]
[[0.4, 13.0, 10.333, 0.659], [0.405, 16.0, 8.5, 0.627], [0, 1]]
[[0.45, 15.171, 10.195, 0.759], [0.451, 13.625, 10.075, 0.744], [0, 1]]
[[0.441, 14.091, 9.523, 0.754], [0.45, 13.739, 10.696, 0.784], [1, 0]]
[[0.385, 11.4, 7.7, 0.675], [0.417, 13.0, 8.636, 0.727], [0, 1]]
[[0.445, 14.259, 10.259, 0.726], [0.444, 13.435, 8.87, 0.757], [0, 1]]
[[0.464, 13.253, 9.027, 0.759], [0.453, 13.039, 8.658, 0.748], [0, 1]]
[[0.433, 12.625, 9.062, 0.709], [0.425, 13.6, 8.533, 0.728], [1, 0]]
[[0.422, 12.385, 8.077, 0.713], [0.453, 13.962, 10.538, 0.775], [1, 0]]
[[0.446, 14.576, 10.831, 0.75], [0.456, 13.721, 9.574, 0.761], [0, 1]]
[[0.466, 13.196, 9.478, 0.775], [0.442, 13.023, 9.318, 0.749], [1, 0]]
[[0.454, 13.976, 8.571, 0.734], [0.447, 14.136, 10.386, 0.743], [1, 0]]
[[0.197, 7.0, 8.5, 0.462], [0.203, 9.5, 6.0, 0.304], [0, 1]]
[[0.466, 14.459, 9.426, 0.766], [0.453, 14.159, 10.302, 0.752], [1, 0]]
[[0.439, 15.389, 9.667, 0.763], [0.427, 15.412, 8.588, 0.74], [1, 0]]
[[0.45, 13.965, 8.593, 0.761], [0.451, 14.035, 11.453, 0.71], [1, 0]]
[[0.463, 13.123, 9.281, 0.767], [0.44, 12.281, 8.421, 0.76], [0, 1]]
[[0.471, 14.667, 8.824, 0.758], [0.446, 13.275, 9.078, 0.718], [0, 1]]
[[0.471, 14.63, 9.111, 0.765], [0.449, 13.981, 8.204, 0.763], [0, 1]]
[[0.464, 13.182, 8.909, 0.767], [0.455, 14.662, 10.585, 0.716], [0, 1]]
[[0.436, 13.8, 11.85, 0.675], [0.452, 13.447, 9.974, 0.744], [1, 0]]
[[0.455, 12.84, 9.733, 0.767], [0.462, 13.851, 10.027, 0.753], [0, 1]]
[[0.456, 13.38, 8.886, 0.746], [0.46, 13.886, 9.316, 0.77], [1, 0]]
[[0.444, 12.956, 9.265, 0.758], [0.463, 13.029, 9.206, 0.754], [0, 1]]
[[0.449, 13.09, 9.896, 0.744], [0.443, 12.53, 8.561, 0.758], [1, 0]]
[[0.465, 13.324, 8.588, 0.743], [0.435, 12.5, 8.094, 0.733], [1, 0]]
[[0.47, 14.562, 9.822, 0.788], [0.455, 14.986, 9.514, 0.769], [1, 0]]
[[0.445, 12.441, 8.588, 0.759], [0.461, 13.851, 9.672, 0.751], [0, 1]]
[[0.458, 13.774, 9.516, 0.769], [0.445, 13.719, 10.5, 0.731], [0, 1]]
[[0.443, 13.07, 9.366, 0.754], [0.465, 13.958, 9.592, 0.774], [0, 1]]
[[0.44, 13.938, 7.0, 0.721], [0.425, 13.5, 9.143, 0.737], [0, 1]]
[[0.445, 13.122, 10.102, 0.764], [0.453, 14.94, 10.32, 0.706], [1, 0]]
[[0.451, 15.149, 10.085, 0.766], [0.448, 14.083, 7.958, 0.772], [1, 0]]
[[0.405, 12.667, 8.167, 0.598], [0.347, 12.667, 9.833, 0.694], [1, 0]]
[[0.44, 13.923, 8.846, 0.734], [0.405, 14.643, 10.143, 0.735], [1, 0]]
[[0.454, 15.273, 9.455, 0.759], [0.427, 14.424, 11.636, 0.673], [0, 1]]
[[0.454, 14.571, 7.893, 0.707], [0.435, 13.367, 9.533, 0.769], [1, 0]]
[[0.466, 13.865, 8.77, 0.773], [0.448, 12.813, 9.853, 0.776], [1, 0]]
[[0.444, 12.86, 9.386, 0.774], [0.453, 14.228, 10.246, 0.755], [1, 0]]
[[0.432, 13.034, 8.621, 0.754], [0.443, 13.593, 9.778, 0.723], [1, 0]]
[[0.464, 13.194, 8.851, 0.768], [0.452, 13.373, 9.134, 0.743], [0, 1]]
[[0.434, 14.133, 8.333, 0.728], [0.44, 13.276, 10.103, 0.737], [1, 0]]
[[0.438, 12.774, 8.258, 0.743], [0.437, 13.226, 9.355, 0.773], [0, 1]]
[[0.452, 13.074, 9.556, 0.758], [0.444, 13.292, 10.542, 0.749], [1, 0]]
[[0.429, 13.304, 8.826, 0.724], [0.453, 13.0, 8.692, 0.73], [1, 0]]
[[0.463, 13.206, 8.853, 0.768], [0.462, 13.924, 9.652, 0.749], [0, 1]]
[[0.449, 13.684, 9.158, 0.725], [0.432, 15.611, 8.556, 0.737], [1, 0]]
[[0.436, 14.68, 8.8, 0.743], [0.415, 14.68, 11.12, 0.681], [1, 0]]
[[0.442, 14.053, 7.947, 0.715], [0.438, 15.474, 11.316, 0.698], [1, 0]]
[[0.456, 15.026, 9.408, 0.771], [0.473, 12.519, 9.597, 0.787], [0, 1]]
[[0.456, 15.083, 9.625, 0.775], [0.447, 13.972, 8.333, 0.763], [1, 0]]
[[0.444, 13.344, 9.544, 0.757], [0.214, 6.0, 5.5, 0.262], [1, 0]]
[[0.19, 8.5, 8.0, 0.414], [0.212, 5.5, 7.5, 0.285], [0, 1]]
[[0.461, 14.306, 10.387, 0.751], [0.458, 14.017, 9.683, 0.75], [0, 1]]
[[0.441, 13.214, 8.286, 0.682], [0.43, 14.929, 10.929, 0.672], [0, 1]]
[[0.454, 12.596, 8.191, 0.759], [0.444, 12.851, 9.319, 0.751], [0, 1]]
[[0.45, 13.212, 8.697, 0.75], [0.457, 13.758, 9.424, 0.765], [0, 1]]
[[0.461, 13.344, 8.75, 0.74], [0.44, 13.129, 9.097, 0.753], [1, 0]]
[[0.444, 13.794, 8.706, 0.743], [0.458, 13.656, 8.375, 0.749], [1, 0]]
[[0.386, 13.143, 9.429, 0.657], [0.368, 10.0, 11.0, 0.642], [1, 0]]
[[0.456, 13.591, 8.727, 0.751], [0.452, 13.182, 9.864, 0.769], [0, 1]]
[[0.446, 14.78, 9.585, 0.769], [0.472, 12.634, 9.695, 0.789], [0, 1]]
[[0.466, 14.423, 9.808, 0.779], [0.448, 14.059, 8.235, 0.767], [0, 1]]
[[0.446, 13.417, 9.438, 0.743], [0.442, 13.94, 11.78, 0.689], [0, 1]]
[[0.447, 14.885, 8.077, 0.756], [0.416, 14.792, 10.875, 0.688], [0, 1]]
[[0.461, 13.541, 8.892, 0.771], [0.451, 14.333, 10.133, 0.754], [1, 0]]
[[0.472, 14.567, 9.746, 0.788], [0.445, 12.791, 9.97, 0.771], [0, 1]]
[[0.466, 13.243, 8.986, 0.76], [0.451, 13.133, 9.96, 0.767], [1, 0]]
[[0.276, 12.667, 5.0, 0.531], [0.274, 9.333, 5.0, 0.571], [1, 0]]
[[0.231, 8.5, 5.5, 0.368], [0.235, 8.5, 6.5, 0.465], [0, 1]]
[[0.449, 14.467, 10.853, 0.747], [0.454, 13.662, 10.584, 0.785], [1, 0]]
[[0.441, 13.48, 9.58, 0.757], [0.468, 14.062, 8.229, 0.767], [0, 1]]
[[0.441, 15.182, 11.394, 0.711], [0.435, 12.818, 8.727, 0.753], [1, 0]]
[[0.444, 14.333, 8.03, 0.754], [0.423, 14.281, 11.531, 0.675], [0, 1]]
[[0.447, 14.947, 11.132, 0.73], [0.446, 13.878, 10.634, 0.748], [1, 0]]
[[0.454, 13.878, 8.429, 0.737], [0.449, 14.157, 10.196, 0.756], [1, 0]]
[[0.439, 13.0, 8.125, 0.695], [0.417, 13.4, 7.8, 0.73], [0, 1]]
[[0.459, 13.838, 9.311, 0.769], [0.454, 13.68, 10.587, 0.782], [0, 1]]
[[0.448, 14.632, 8.316, 0.722], [0.433, 15.143, 7.81, 0.755], [0, 1]]
[[0.438, 14.471, 10.765, 0.751], [0.431, 13.235, 10.647, 0.73], [1, 0]]
[[0.467, 13.763, 8.342, 0.76], [0.446, 13.079, 9.5, 0.765], [0, 1]]
[[0.443, 13.262, 9.363, 0.762], [0.445, 12.75, 8.912, 0.756], [1, 0]]
[[0.451, 12.947, 9.12, 0.758], [0.455, 12.5, 8.473, 0.756], [1, 0]]
[[0.458, 15.056, 9.639, 0.779], [0.44, 13.973, 8.054, 0.761], [1, 0]]
[[0.439, 14.061, 8.03, 0.735], [0.443, 12.765, 7.941, 0.745], [1, 0]]
[[0.455, 13.978, 8.63, 0.735], [0.448, 13.438, 8.083, 0.748], [1, 0]]
[[0.436, 14.971, 11.543, 0.728], [0.436, 12.771, 8.629, 0.745], [0, 1]]
[[0.461, 13.237, 8.816, 0.748], [0.436, 13.0, 9.079, 0.746], [1, 0]]
[[0.456, 13.444, 8.815, 0.744], [0.449, 14.025, 11.605, 0.707], [0, 1]]
[[0.447, 13.14, 9.093, 0.705], [0.455, 13.744, 9.814, 0.751], [0, 1]]
[[0.437, 12.727, 8.273, 0.701], [0.395, 13.636, 9.727, 0.728], [0, 1]]
[[0.472, 14.5, 9.756, 0.79], [0.452, 14.38, 10.114, 0.75], [1, 0]]
[[0.463, 13.076, 9.608, 0.762], [0.461, 13.848, 10.38, 0.756], [0, 1]]
[[0.463, 14.591, 9.614, 0.778], [0.471, 13.786, 8.262, 0.759], [1, 0]]
[[0.444, 14.077, 9.051, 0.757], [0.45, 15.231, 10.59, 0.709], [1, 0]]
[[0.455, 13.525, 8.559, 0.748], [0.471, 12.603, 9.54, 0.79], [1, 0]]
[[0.439, 12.846, 9.308, 0.77], [0.452, 13.684, 10.526, 0.782], [1, 0]]
[[0.462, 14.0, 10.329, 0.757], [0.455, 12.789, 9.724, 0.767], [0, 1]]
[[0.44, 15.278, 11.111, 0.701], [0.407, 12.667, 9.333, 0.671], [1, 0]]
[[0.399, 12.889, 8.0, 0.653], [0.431, 13.0, 6.111, 0.685], [1, 0]]
[[0.458, 13.967, 10.4, 0.776], [0.418, 14.467, 11.833, 0.669], [1, 0]]
[[0.447, 13.158, 9.842, 0.738], [0.46, 13.882, 9.355, 0.77], [1, 0]]
[[0.449, 13.045, 9.879, 0.743], [0.451, 13.185, 9.908, 0.77], [0, 1]]
[[0.431, 12.826, 8.783, 0.681], [0.414, 12.591, 8.227, 0.705], [1, 0]]
[[0.447, 12.59, 8.077, 0.752], [0.437, 13.816, 11.658, 0.674], [1, 0]]
[[0.443, 13.068, 9.378, 0.76], [0.453, 13.093, 8.973, 0.747], [1, 0]]
[[0.448, 12.826, 8.696, 0.708], [0.408, 14.238, 10.524, 0.685], [1, 0]]
[[0.462, 13.874, 9.299, 0.771], [0.456, 12.793, 9.621, 0.767], [1, 0]]
[[0.45, 13.049, 9.802, 0.766], [0.446, 12.753, 8.864, 0.756], [1, 0]]
[[0.446, 12.623, 9.547, 0.759], [0.449, 13.019, 10.019, 0.763], [0, 1]]
[[0.438, 13.923, 7.0, 0.725], [0.418, 15.429, 9.643, 0.696], [1, 0]]
[[0.413, 13.333, 8.722, 0.737], [0.426, 14.941, 10.0, 0.742], [1, 0]]
[[0.462, 13.525, 8.864, 0.752], [0.443, 14.655, 9.741, 0.775], [1, 0]]
[[0.44, 13.333, 6.917, 0.736], [0.414, 12.769, 9.615, 0.689], [1, 0]]
[[0.464, 13.169, 8.938, 0.765], [0.448, 13.954, 7.923, 0.765], [0, 1]]
[[0.445, 13.455, 9.477, 0.741], [0.446, 13.091, 9.932, 0.769], [0, 1]]
[[0.269, 8.5, 3.0, 0.453], [0.19, 8.5, 8.0, 0.414], [1, 0]]
[[0.443, 14.265, 9.324, 0.755], [0.44, 13.056, 9.139, 0.765], [0, 1]]
[[0.447, 13.647, 9.971, 0.742], [0.455, 12.629, 9.0, 0.738], [1, 0]]
[[0.455, 13.541, 8.623, 0.747], [0.448, 13.984, 8.0, 0.766], [1, 0]]
[[0.468, 14.66, 9.113, 0.762], [0.469, 12.772, 9.509, 0.784], [0, 1]]
[[0.437, 15.81, 11.524, 0.701], [0.435, 14.955, 7.864, 0.761], [0, 1]]
[[0.447, 13.369, 9.969, 0.772], [0.461, 13.937, 9.619, 0.751], [0, 1]]
[[0.447, 15.091, 9.5, 0.782], [0.422, 13.095, 9.19, 0.684], [0, 1]]
[[0.412, 14.667, 8.133, 0.712], [0.443, 13.6, 9.067, 0.76], [0, 1]]
[[0.451, 13.292, 9.138, 0.737], [0.451, 13.738, 10.492, 0.784], [1, 0]]
[[0.439, 13.055, 9.218, 0.75], [0.445, 12.537, 9.556, 0.759], [1, 0]]
[[0.448, 14.521, 10.873, 0.751], [0.446, 14.708, 9.625, 0.774], [1, 0]]
[[0.413, 14.4, 8.733, 0.73], [0.404, 14.143, 9.857, 0.656], [0, 1]]
[[0.439, 14.407, 8.556, 0.758], [0.414, 14.5, 11.346, 0.677], [0, 1]]
[[0.452, 13.195, 8.671, 0.751], [0.449, 13.963, 11.549, 0.708], [0, 1]]
[[0.386, 10.667, 7.833, 0.668], [0.392, 16.0, 9.333, 0.664], [0, 1]]
[[0.411, 13.417, 8.167, 0.712], [0.403, 12.917, 7.583, 0.706], [1, 0]]
[[0.451, 12.982, 9.456, 0.749], [0.465, 14.579, 9.333, 0.763], [0, 1]]
[[0.439, 15.049, 11.537, 0.739], [0.447, 12.93, 9.884, 0.77], [1, 0]]
[[0.416, 12.6, 8.733, 0.687], [0.407, 12.143, 7.143, 0.679], [0, 1]]
[[0.434, 15.385, 9.769, 0.738], [0.441, 14.167, 8.583, 0.736], [1, 0]]
[[0.45, 13.0, 9.557, 0.746], [0.451, 13.033, 9.817, 0.773], [0, 1]]
[[0.463, 13.038, 9.564, 0.763], [0.461, 13.782, 10.026, 0.748], [1, 0]]
[[0.404, 12.929, 9.214, 0.738], [0.403, 12.692, 9.154, 0.67], [1, 0]]
[[0.437, 13.086, 8.543, 0.752], [0.433, 14.156, 8.219, 0.732], [0, 1]]
[[0.425, 14.429, 11.762, 0.702], [0.442, 13.182, 9.091, 0.752], [1, 0]]
[[0.442, 14.633, 8.433, 0.764], [0.451, 15.6, 9.567, 0.748], [1, 0]]
[[0.45, 15.5, 9.45, 0.741], [0.441, 14.429, 10.095, 0.703], [1, 0]]
[[0.472, 14.548, 9.855, 0.783], [0.451, 13.73, 10.556, 0.781], [1, 0]]
[[0.444, 13.439, 9.366, 0.749], [0.441, 13.905, 9.405, 0.756], [1, 0]]
[[0.447, 13.283, 8.317, 0.748], [0.466, 14.492, 9.441, 0.764], [0, 1]]
[[0.45, 13.05, 9.875, 0.764], [0.468, 14.012, 8.713, 0.777], [1, 0]]
[[0.428, 13.0, 9.0, 0.718], [0.425, 14.522, 8.304, 0.722], [0, 1]]
[[0.467, 13.102, 8.841, 0.763], [0.461, 13.148, 9.568, 0.763], [1, 0]]
[[0.199, 8.5, 1.5, 0.397], [0.462, 13.06, 9.663, 0.762], [1, 0]]
[[0.454, 13.625, 8.446, 0.744], [0.452, 12.69, 8.466, 0.749], [1, 0]]
[[0.444, 12.818, 9.909, 0.771], [0.451, 13.742, 10.47, 0.782], [1, 0]]
[[0.451, 13.652, 9.217, 0.734], [0.447, 15.409, 9.682, 0.731], [1, 0]]
[[0.449, 14.5, 10.811, 0.748], [0.462, 14.04, 10.333, 0.755], [1, 0]]
[[0.449, 13.407, 8.949, 0.759], [0.446, 13.246, 9.803, 0.767], [1, 0]]
[[0.453, 12.418, 8.367, 0.757], [0.447, 12.506, 9.861, 0.778], [1, 0]]
[[0.407, 13.364, 8.455, 0.656], [0.384, 14.182, 9.636, 0.654], [1, 0]]
[[0.463, 13.102, 9.186, 0.766], [0.45, 13.754, 10.557, 0.78], [0, 1]]
[[0.463, 12.439, 9.0, 0.74], [0.467, 13.85, 8.15, 0.76], [1, 0]]
[[0.45, 15.125, 9.542, 0.78], [0.455, 13.083, 8.625, 0.72], [1, 0]]
[[0.452, 12.5, 8.407, 0.747], [0.449, 13.547, 9.0, 0.723], [1, 0]]
[[0.446, 13.379, 9.724, 0.765], [0.467, 14.589, 9.25, 0.763], [0, 1]]
[[0.466, 14.266, 9.484, 0.768], [0.461, 13.922, 9.625, 0.749], [1, 0]]
[[0.423, 12.875, 5.75, 0.671], [0.377, 15.125, 10.0, 0.652], [0, 1]]
[[0.376, 14.0, 11.625, 0.661], [0.378, 14.143, 10.571, 0.659], [0, 1]]
[[0.437, 13.7, 8.533, 0.733], [0.429, 12.533, 8.4, 0.749], [0, 1]]
[[0.449, 14.378, 10.72, 0.742], [0.221, 7.5, 4.5, 0.428], [1, 0]]
[[0.453, 13.93, 8.674, 0.736], [0.457, 13.841, 9.682, 0.75], [0, 1]]
[[0.446, 12.974, 9.368, 0.752], [0.435, 12.514, 8.297, 0.738], [1, 0]]
[[0.469, 14.425, 9.966, 0.794], [0.449, 12.471, 9.678, 0.774], [0, 1]]
[[0.453, 14.269, 8.231, 0.746], [0.447, 15.0, 8.107, 0.754], [1, 0]]
[[0.361, 12.0, 5.75, 0.633], [0.281, 11.667, 7.0, 0.453], [1, 0]]
[[0.448, 14.019, 8.192, 0.768], [0.452, 14.241, 10.222, 0.754], [1, 0]]
[[0.431, 13.2, 8.44, 0.746], [0.444, 14.24, 10.24, 0.709], [1, 0]]
[[0.445, 14.787, 9.6, 0.768], [0.453, 13.025, 8.938, 0.742], [0, 1]]
[[0.464, 12.939, 9.197, 0.753], [0.447, 13.924, 8.015, 0.765], [0, 1]]
[[0.462, 13.357, 8.857, 0.773], [0.464, 13.957, 8.609, 0.77], [1, 0]]
[[0.335, 11.333, 6.667, 0.504], [0.299, 12.667, 7.333, 0.431], [0, 1]]
[[0.434, 13.964, 8.107, 0.735], [0.434, 12.679, 8.25, 0.754], [0, 1]]
[[0.449, 13.916, 8.518, 0.764], [0.446, 12.602, 9.964, 0.776], [0, 1]]
[[0.38, 11.0, 10.167, 0.626], [0.365, 14.6, 9.4, 0.575], [0, 1]]
[[0.448, 13.418, 9.0, 0.756], [0.444, 12.625, 9.607, 0.762], [0, 1]]
[[0.455, 13.84, 8.42, 0.738], [0.459, 13.24, 9.22, 0.762], [1, 0]]
[[0.464, 12.889, 9.238, 0.751], [0.461, 13.857, 8.619, 0.775], [1, 0]]
[[0.436, 13.897, 11.769, 0.672], [0.451, 15.263, 10.447, 0.708], [1, 0]]
[[0.463, 13.08, 9.427, 0.762], [0.453, 13.027, 8.653, 0.748], [1, 0]]
[[0.465, 13.893, 8.76, 0.772], [0.462, 13.84, 10.0, 0.75], [0, 1]]
[[0.444, 15.857, 9.357, 0.754], [0.397, 14.692, 10.923, 0.669], [1, 0]]
[[0.221, 7.5, 4.5, 0.428], [0.256, 6.5, 7.0, 0.4], [1, 0]]
[[0.464, 13.103, 9.038, 0.76], [0.453, 12.487, 8.372, 0.757], [1, 0]]
[[0.435, 14.917, 11.5, 0.728], [0.442, 14.811, 11.216, 0.725], [1, 0]]
[[0.446, 12.662, 9.803, 0.77], [0.461, 13.9, 9.829, 0.753], [1, 0]]
[[0.471, 14.871, 9.0, 0.738], [0.44, 15.333, 11.667, 0.715], [0, 1]]
[[0.414, 12.688, 8.625, 0.687], [0.434, 12.75, 10.688, 0.731], [1, 0]]
[[0.442, 13.092, 9.421, 0.764], [0.447, 13.974, 8.395, 0.765], [1, 0]]
[[0.454, 13.114, 8.829, 0.756], [0.458, 15.014, 9.614, 0.77], [1, 0]]
[[0.367, 11.875, 8.375, 0.656], [0.377, 12.143, 8.286, 0.714], [0, 1]]
[[0.456, 15.167, 9.803, 0.769], [0.451, 13.25, 9.891, 0.768], [0, 1]]
[[0.445, 13.447, 9.605, 0.741], [0.436, 14.821, 11.59, 0.735], [0, 1]]
[[0.465, 13.158, 9.053, 0.76], [0.453, 12.961, 9.104, 0.762], [1, 0]]
[[0.452, 12.574, 8.328, 0.749], [0.448, 13.852, 8.016, 0.767], [0, 1]]
[[0.458, 13.259, 8.951, 0.772], [0.455, 12.765, 9.667, 0.766], [0, 1]]
[[0.467, 13.151, 8.837, 0.764], [0.462, 13.163, 9.581, 0.76], [0, 1]]
[[0.444, 13.867, 9.267, 0.723], [0.444, 14.571, 10.214, 0.721], [1, 0]]
[[0.444, 13.247, 9.37, 0.76], [0.456, 14.902, 9.329, 0.774], [0, 1]]
[[0.453, 14.654, 7.808, 0.714], [0.468, 14.655, 8.931, 0.74], [1, 0]]
[[0.451, 12.982, 9.4, 0.744], [0.458, 14.093, 9.519, 0.75], [0, 1]]
[[0.449, 13.463, 9.037, 0.755], [0.455, 14.309, 10.455, 0.749], [0, 1]]
[[0.446, 13.467, 9.422, 0.743], [0.457, 13.362, 9.426, 0.749], [0, 1]]
[[0.471, 12.578, 9.547, 0.789], [0.443, 12.167, 8.283, 0.757], [1, 0]]
[[0.448, 14.809, 10.809, 0.74], [0.448, 13.979, 10.298, 0.752], [0, 1]]
[[0.446, 13.524, 9.476, 0.729], [0.423, 14.3, 11.3, 0.706], [1, 0]]
[[0.448, 13.1, 9.829, 0.742], [0.446, 12.729, 9.829, 0.771], [0, 1]]
[[0.45, 14.694, 10.633, 0.743], [0.456, 13.78, 10.46, 0.783], [1, 0]]
[[0.383, 13.143, 8.286, 0.67], [0.378, 11.571, 9.143, 0.612], [1, 0]]
[[0.453, 14.481, 7.741, 0.713], [0.434, 13.393, 8.786, 0.736], [1, 0]]
[[0.453, 12.973, 8.676, 0.748], [0.449, 14.0, 11.48, 0.7], [0, 1]]
[[0.322, 10.25, 7.25, 0.586], [0.283, 9.333, 10.0, 0.492], [1, 0]]
[[0.46, 12.35, 9.025, 0.741], [0.438, 12.463, 8.341, 0.749], [1, 0]]
[[0.464, 13.297, 8.859, 0.754], [0.448, 13.0, 9.892, 0.743], [1, 0]]
[[0.439, 13.871, 8.645, 0.738], [0.456, 14.065, 10.387, 0.777], [1, 0]]
[[0.45, 13.317, 9.017, 0.76], [0.454, 13.633, 9.567, 0.758], [1, 0]]
[[0.43, 14.211, 8.474, 0.748], [0.441, 15.75, 11.5, 0.692], [0, 1]]
[[0.455, 14.049, 8.439, 0.731], [0.441, 12.976, 9.238, 0.746], [1, 0]]
[[0.426, 12.571, 8.952, 0.709], [0.439, 13.333, 9.143, 0.759], [0, 1]]
[[0.445, 13.407, 9.547, 0.757], [0.468, 13.884, 8.826, 0.779], [0, 1]]
[[0.463, 14.667, 9.619, 0.774], [0.448, 14.756, 11.073, 0.726], [1, 0]]
[[0.465, 14.02, 8.392, 0.77], [0.468, 12.786, 9.464, 0.785], [0, 1]]
[[0.452, 13.264, 8.793, 0.747], [0.45, 14.448, 10.874, 0.743], [0, 1]]
[[0.461, 14.889, 9.259, 0.741], [0.435, 13.038, 8.615, 0.693], [0, 1]]
[[0.44, 13.1, 9.3, 0.755], [0.457, 13.982, 9.579, 0.751], [0, 1]]
[[0.461, 13.918, 9.329, 0.771], [0.456, 12.671, 9.647, 0.766], [0, 1]]
[[0.447, 14.793, 8.138, 0.751], [0.426, 12.357, 8.036, 0.724], [0, 1]]
[[0.47, 14.723, 8.957, 0.763], [0.44, 12.542, 8.271, 0.757], [1, 0]]
[[0.444, 14.703, 9.635, 0.774], [0.455, 14.658, 10.575, 0.719], [0, 1]]
[[0.431, 12.526, 9.263, 0.719], [0.44, 13.333, 8.611, 0.704], [1, 0]]
[[0.443, 14.519, 9.833, 0.767], [0.455, 14.982, 9.982, 0.773], [0, 1]]
[[0.348, 12.75, 8.5, 0.598], [0.297, 8.333, 7.0, 0.452], [0, 1]]
[[0.312, 9.0, 10.0, 0.497], [0.297, 9.667, 5.333, 0.505], [0, 1]]
[[0.437, 15.471, 11.471, 0.69], [0.431, 15.611, 9.778, 0.687], [0, 1]]
[[0.446, 14.12, 8.26, 0.769], [0.444, 13.104, 10.062, 0.764], [1, 0]]
[[0.197, 7.0, 8.5, 0.462], [0.203, 9.5, 6.0, 0.304], [1, 0]]
[[0.454, 13.759, 8.519, 0.745], [0.447, 13.214, 8.107, 0.745], [1, 0]]
[[0.454, 12.556, 7.978, 0.761], [0.451, 15.349, 10.326, 0.708], [0, 1]]
[[0.441, 13.25, 9.25, 0.765], [0.453, 15.524, 10.476, 0.706], [0, 1]]
[[0.471, 14.544, 9.779, 0.79], [0.471, 12.536, 9.623, 0.789], [0, 1]]
[[0.435, 13.231, 8.423, 0.748], [0.447, 14.652, 8.217, 0.739], [1, 0]]
[[0.438, 13.125, 9.214, 0.75], [0.45, 13.019, 9.926, 0.766], [0, 1]]
[[0.459, 13.483, 8.655, 0.739], [0.451, 15.536, 9.75, 0.748], [1, 0]]
[[0.4, 13.5, 10.0, 0.699], [0.404, 13.889, 10.222, 0.695], [0, 1]]
[[0.461, 12.5, 9.087, 0.746], [0.443, 12.826, 9.326, 0.747], [0, 1]]
[[0.447, 13.63, 9.087, 0.748], [0.447, 13.277, 9.043, 0.707], [1, 0]]
[[0.426, 14.211, 8.316, 0.733], [0.443, 13.5, 9.2, 0.757], [1, 0]]
[[0.443, 13.83, 9.468, 0.753], [0.448, 13.565, 8.087, 0.749], [1, 0]]
[[0.426, 14.095, 8.286, 0.737], [0.409, 14.3, 10.0, 0.686], [1, 0]]
[[0.451, 13.173, 8.679, 0.753], [0.455, 13.55, 10.562, 0.782], [0, 1]]
[[0.457, 15.215, 9.692, 0.767], [0.452, 14.258, 10.333, 0.754], [1, 0]]
[[0.441, 14.441, 8.794, 0.765], [0.441, 13.242, 10.121, 0.735], [1, 0]]
[[0.396, 11.714, 7.429, 0.678], [0.391, 13.286, 9.714, 0.695], [0, 1]]
[[0.399, 14.333, 11.533, 0.678], [0.42, 15.438, 9.625, 0.696], [1, 0]]
[[0.446, 14.667, 9.5, 0.775], [0.446, 13.94, 8.045, 0.765], [0, 1]]
[[0.456, 12.867, 8.7, 0.738], [0.444, 13.222, 10.074, 0.74], [0, 1]]
[[0.457, 13.354, 8.987, 0.772], [0.453, 12.4, 8.4, 0.756], [1, 0]]
[[0.446, 13.35, 9.55, 0.744], [0.471, 14.6, 8.75, 0.752], [0, 1]]
[[0.455, 12.903, 8.613, 0.742], [0.432, 12.759, 8.241, 0.753], [0, 1]]
[[0.464, 13.394, 8.924, 0.753], [0.461, 13.908, 9.677, 0.747], [0, 1]]
[[0.448, 15.294, 9.412, 0.723], [0.438, 15.188, 11.125, 0.69], [0, 1]]
[[0.416, 14.667, 11.333, 0.689], [0.415, 13.684, 7.842, 0.737], [1, 0]]
[[0.45, 13.169, 8.923, 0.755], [0.451, 13.127, 9.857, 0.768], [0, 1]]
[[0.46, 13.949, 9.308, 0.771], [0.444, 12.603, 8.897, 0.759], [0, 1]]
[[0.471, 14.694, 9.0, 0.745], [0.446, 12.632, 8.0, 0.752], [0, 1]]
[[0.445, 14.127, 11.582, 0.692], [0.453, 15.0, 10.528, 0.706], [0, 1]]
[[0.419, 12.941, 8.765, 0.693], [0.438, 13.5, 9.333, 0.757], [1, 0]]
[[0.452, 13.471, 9.608, 0.75], [0.442, 14.058, 11.827, 0.693], [1, 0]]
[[0.447, 12.866, 9.701, 0.771], [0.448, 14.058, 11.478, 0.695], [0, 1]]
[[0.457, 15.087, 9.667, 0.772], [0.448, 14.014, 11.408, 0.698], [0, 1]]
[[0.465, 14.352, 9.852, 0.778], [0.452, 14.37, 10.556, 0.747], [0, 1]]
[[0.47, 14.452, 9.845, 0.791], [0.448, 12.595, 9.786, 0.771], [1, 0]]
[[0.443, 13.086, 9.371, 0.757], [0.461, 13.38, 8.831, 0.775], [1, 0]]
[[0.463, 13.926, 8.407, 0.768], [0.45, 13.839, 10.679, 0.775], [1, 0]]
[[0.335, 7.667, 8.333, 0.515], [0.255, 9.333, 5.333, 0.463], [0, 1]]
[[0.454, 13.4, 8.943, 0.746], [0.464, 14.014, 9.657, 0.773], [1, 0]]
