[[0.446, 16.325, 11.688, 0.724], [0.452, 12.75, 11.137, 0.746], [0, 1]]
[[0.471, 14.943, 8.83, 0.735], [0.461, 14.054, 10.589, 0.784], [1, 0]]
[[0.433, 13.929, 10.179, 0.743], [0.444, 14.5, 11.857, 0.684], [0, 1]]
[[0.411, 14.0, 12.0, 0.635], [0.391, 11.111, 9.333, 0.695], [1, 0]]
[[0.422, 13.176, 9.353, 0.68], [0.415, 13.375, 10.0, 0.715], [1, 0]]
[[0.438, 13.842, 11.0, 0.762], [0.454, 14.763, 10.197, 0.748], [0, 1]]
[[0.454, 14.077, 10.705, 0.763], [0.45, 14.025, 11.063, 0.743], [1, 0]]
[[0.455, 14.099, 11.704, 0.749], [0.451, 13.951, 11.073, 0.743], [0, 1]]
[[0.452, 14.222, 9.222, 0.757], [0.443, 15.193, 10.807, 0.733], [0, 1]]
[[0.457, 12.671, 10.11, 0.754], [0.451, 14.153, 11.139, 0.747], [1, 0]]
[[0.456, 13.878, 10.892, 0.724], [0.462, 14.108, 10.622, 0.782], [1, 0]]
[[0.437, 14.167, 10.679, 0.773], [0.454, 14.726, 9.571, 0.751], [0, 1]]
[[0.44, 14.208, 8.208, 0.711], [0.429, 14.148, 11.222, 0.718], [1, 0]]
[[0.379, 12.333, 9.333, 0.62], [0.352, 10.833, 9.5, 0.538], [0, 1]]
[[0.398, 13.909, 10.727, 0.682], [0.399, 12.364, 12.0, 0.681], [1, 0]]
[[0.349, 13.833, 10.833, 0.651], [0.328, 14.2, 10.4, 0.685], [1, 0]]
[[0.434, 14.038, 10.827, 0.739], [0.452, 13.706, 11.02, 0.747], [1, 0]]
[[0.443, 13.733, 9.417, 0.749], [0.45, 14.81, 9.983, 0.733], [0, 1]]
[[0.426, 12.24, 9.2, 0.727], [0.441, 14.312, 11.833, 0.759], [0, 1]]
[[0.445, 16.447, 11.711, 0.723], [0.435, 11.974, 9.566, 0.733], [0, 1]]
[[0.428, 14.143, 10.914, 0.771], [0.444, 14.703, 12.027, 0.693], [1, 0]]
[[0.384, 13.5, 9.9, 0.716], [0.389, 14.2, 10.8, 0.692], [0, 1]]
[[0.455, 13.013, 10.84, 0.745], [0.451, 14.2, 11.2, 0.746], [0, 1]]
[[0.434, 15.0, 10.9, 0.725], [0.449, 14.606, 10.606, 0.775], [0, 1]]
[[0.451, 15.091, 12.227, 0.697], [0.45, 13.116, 11.605, 0.733], [0, 1]]
[[0.454, 13.638, 10.828, 0.721], [0.447, 12.473, 11.055, 0.749], [0, 1]]
[[0.443, 16.69, 11.828, 0.724], [0.437, 13.825, 11.035, 0.735], [0, 1]]
[[0.442, 12.906, 9.781, 0.765], [0.453, 14.176, 8.882, 0.721], [1, 0]]
[[0.214, 8.0, 3.0, 0.416], [0.453, 14.518, 11.59, 0.732], [1, 0]]
[[0.418, 13.562, 11.938, 0.7], [0.439, 15.667, 11.267, 0.662], [0, 1]]
[[0.436, 13.887, 10.79, 0.751], [0.439, 15.079, 10.952, 0.742], [0, 1]]
[[0.448, 15.526, 11.053, 0.674], [0.43, 14.389, 7.667, 0.679], [1, 0]]
[[0.436, 16.6, 10.867, 0.653], [0.393, 14.167, 10.083, 0.704], [1, 0]]
[[0.435, 13.696, 9.739, 0.688], [0.439, 16.0, 10.87, 0.677], [1, 0]]
[[0.449, 13.375, 9.156, 0.743], [0.451, 14.212, 8.879, 0.715], [0, 1]]
[[0.45, 14.594, 11.375, 0.688], [0.444, 12.034, 11.0, 0.732], [1, 0]]
[[0.444, 14.854, 10.188, 0.728], [0.447, 12.184, 11.449, 0.773], [1, 0]]
[[0.42, 15.364, 9.364, 0.679], [0.424, 15.0, 10.0, 0.714], [0, 1]]
[[0.472, 14.474, 8.808, 0.741], [0.458, 14.051, 9.026, 0.757], [0, 1]]
[[0.434, 14.52, 10.66, 0.772], [0.446, 12.235, 11.49, 0.774], [1, 0]]
[[0.452, 13.709, 10.873, 0.719], [0.439, 16.472, 11.679, 0.718], [1, 0]]
[[0.442, 13.719, 9.594, 0.748], [0.452, 14.629, 11.855, 0.722], [0, 1]]
[[0.442, 14.5, 10.682, 0.768], [0.436, 12.818, 11.773, 0.77], [1, 0]]
[[0.398, 14.0, 10.0, 0.62], [0.38, 11.875, 10.5, 0.646], [0, 1]]
[[0.456, 13.845, 10.901, 0.722], [0.455, 14.643, 12.771, 0.695], [1, 0]]
[[0.442, 13.613, 9.5, 0.749], [0.472, 14.877, 8.877, 0.735], [0, 1]]
[[0.446, 13.78, 11.864, 0.745], [0.454, 13.867, 10.883, 0.751], [1, 0]]
[[0.453, 14.407, 11.767, 0.736], [0.446, 12.663, 11.86, 0.784], [1, 0]]
[[0.45, 12.692, 11.141, 0.747], [0.464, 14.038, 9.372, 0.755], [0, 1]]
[[0.458, 13.882, 10.847, 0.732], [0.447, 14.976, 10.518, 0.755], [1, 0]]
[[0.449, 15.2, 11.68, 0.683], [0.433, 15.8, 9.84, 0.698], [1, 0]]
[[0.425, 12.949, 11.78, 0.725], [0.435, 13.552, 11.483, 0.772], [0, 1]]
[[0.415, 13.5, 11.917, 0.734], [0.434, 16.528, 11.833, 0.706], [1, 0]]
[[0.247, 8.0, 5.0, 0.282], [0.464, 13.928, 9.41, 0.756], [1, 0]]
[[0.432, 13.217, 10.391, 0.694], [0.432, 14.261, 11.261, 0.736], [0, 1]]
[[0.447, 14.524, 7.524, 0.701], [0.428, 13.857, 11.857, 0.717], [1, 0]]
[[0.437, 13.387, 11.532, 0.772], [0.448, 13.825, 11.937, 0.746], [1, 0]]
[[0.433, 14.194, 10.194, 0.739], [0.429, 14.057, 11.971, 0.725], [0, 1]]
[[0.469, 14.447, 8.053, 0.718], [0.448, 13.459, 9.243, 0.746], [0, 1]]
[[0.432, 13.415, 11.453, 0.772], [0.449, 14.75, 9.712, 0.752], [1, 0]]
[[0.47, 14.839, 8.875, 0.734], [0.454, 12.797, 9.915, 0.753], [1, 0]]
[[0.452, 14.538, 11.723, 0.722], [0.452, 14.185, 10.923, 0.753], [0, 1]]
[[0.412, 14.667, 11.056, 0.74], [0.446, 13.579, 9.579, 0.676], [1, 0]]
[[0.426, 15.636, 10.318, 0.709], [0.436, 14.375, 8.75, 0.731], [0, 1]]
[[0.453, 13.567, 10.967, 0.724], [0.449, 12.772, 11.158, 0.739], [1, 0]]
[[0.449, 13.985, 11.182, 0.715], [0.453, 14.227, 10.955, 0.756], [0, 1]]
[[0.438, 13.5, 11.0, 0.73], [0.448, 12.6, 9.711, 0.757], [0, 1]]
[[0.457, 14.058, 8.953, 0.761], [0.443, 13.453, 11.174, 0.769], [1, 0]]
[[0.416, 13.276, 11.931, 0.744], [0.451, 14.367, 9.4, 0.744], [0, 1]]
[[0.428, 14.357, 10.607, 0.758], [0.433, 13.933, 10.067, 0.737], [1, 0]]
[[0.446, 16.235, 11.679, 0.724], [0.436, 12.012, 9.519, 0.734], [0, 1]]
[[0.435, 16.465, 11.628, 0.706], [0.444, 12.837, 9.767, 0.751], [1, 0]]
[[0.444, 14.75, 10.477, 0.723], [0.438, 13.578, 10.378, 0.742], [0, 1]]
[[0.472, 14.923, 8.596, 0.731], [0.445, 15.241, 10.648, 0.732], [1, 0]]
[[0.455, 14.11, 11.793, 0.751], [0.447, 14.768, 10.439, 0.754], [0, 1]]
[[0.455, 13.987, 10.987, 0.728], [0.45, 14.5, 11.461, 0.76], [1, 0]]
[[0.404, 13.692, 10.923, 0.747], [0.417, 15.6, 10.933, 0.733], [1, 0]]
[[0.444, 13.618, 9.662, 0.749], [0.452, 14.788, 10.182, 0.742], [0, 1]]
[[0.452, 15.022, 12.333, 0.694], [0.458, 14.277, 10.83, 0.776], [0, 1]]
[[0.209, 7.0, 5.5, 0.267], [0.203, 6.5, 5.0, 0.44], [1, 0]]
[[0.451, 12.682, 11.212, 0.744], [0.455, 13.976, 10.718, 0.766], [1, 0]]
[[0.461, 13.417, 6.5, 0.661], [0.41, 13.833, 8.667, 0.703], [1, 0]]
[[0.437, 13.459, 11.459, 0.772], [0.453, 13.889, 10.937, 0.75], [1, 0]]
[[0.468, 13.8, 5.8, 0.655], [0.415, 15.7, 10.5, 0.719], [1, 0]]
[[0.452, 14.294, 11.745, 0.709], [0.442, 14.36, 11.76, 0.76], [1, 0]]
[[0.435, 13.943, 10.811, 0.742], [0.462, 14.17, 10.736, 0.781], [0, 1]]
[[0.459, 14.098, 9.049, 0.76], [0.454, 12.671, 10.366, 0.75], [0, 1]]
[[0.462, 13.951, 8.878, 0.735], [0.445, 12.275, 11.825, 0.775], [0, 1]]
[[0.451, 14.383, 9.317, 0.757], [0.449, 12.607, 11.016, 0.753], [1, 0]]
[[0.436, 15.875, 11.125, 0.684], [0.434, 14.652, 11.522, 0.714], [0, 1]]
[[0.443, 13.712, 9.781, 0.752], [0.446, 12.712, 11.795, 0.785], [1, 0]]
[[0.446, 13.682, 10.523, 0.718], [0.451, 15.048, 12.405, 0.69], [1, 0]]
[[0.447, 13.284, 10.284, 0.738], [0.443, 14.531, 11.531, 0.733], [0, 1]]
[[0.414, 15.367, 11.7, 0.726], [0.446, 12.129, 11.29, 0.732], [1, 0]]
[[0.448, 15.083, 11.375, 0.677], [0.436, 12.833, 11.875, 0.778], [0, 1]]
[[0.425, 12.947, 10.0, 0.677], [0.422, 12.444, 11.833, 0.754], [0, 1]]
[[0.434, 14.059, 10.745, 0.74], [0.441, 16.51, 11.608, 0.716], [1, 0]]
[[0.418, 14.696, 10.739, 0.762], [0.445, 14.522, 7.826, 0.702], [1, 0]]
[[0.454, 13.644, 10.814, 0.722], [0.448, 14.069, 10.966, 0.748], [1, 0]]
[[0.45, 15.15, 11.05, 0.676], [0.424, 15.35, 10.9, 0.687], [0, 1]]
[[0.439, 14.758, 10.545, 0.727], [0.418, 12.784, 10.108, 0.717], [1, 0]]
[[0.43, 12.062, 9.262, 0.732], [0.437, 14.375, 11.531, 0.729], [1, 0]]
[[0.422, 13.55, 12.1, 0.719], [0.429, 14.5, 10.188, 0.695], [0, 1]]
[[0.45, 14.371, 11.314, 0.69], [0.448, 14.226, 10.581, 0.735], [0, 1]]
[[0.392, 14.667, 11.0, 0.624], [0.401, 14.0, 7.0, 0.629], [0, 1]]
[[0.45, 14.4, 11.567, 0.693], [0.449, 14.897, 11.552, 0.677], [0, 1]]
[[0.433, 15.143, 11.286, 0.651], [0.437, 15.385, 9.769, 0.728], [0, 1]]
[[0.454, 12.684, 9.825, 0.751], [0.451, 14.625, 9.75, 0.748], [0, 1]]
[[0.473, 14.481, 8.772, 0.743], [0.451, 12.709, 11.152, 0.746], [0, 1]]
[[0.443, 14.324, 9.471, 0.736], [0.466, 14.706, 7.912, 0.725], [0, 1]]
[[0.451, 13.745, 11.036, 0.749], [0.444, 15.345, 10.727, 0.732], [0, 1]]
[[0.427, 14.312, 8.125, 0.663], [0.419, 14.429, 10.214, 0.698], [0, 1]]
[[0.447, 13.474, 9.237, 0.744], [0.427, 14.083, 11.056, 0.77], [0, 1]]
[[0.444, 13.182, 11.045, 0.721], [0.445, 12.565, 10.565, 0.746], [1, 0]]
[[0.462, 13.939, 10.829, 0.772], [0.451, 14.358, 11.481, 0.762], [1, 0]]
[[0.452, 13.868, 11.0, 0.729], [0.452, 14.118, 11.158, 0.745], [0, 1]]
[[0.443, 13.12, 9.56, 0.723], [0.44, 16.111, 11.185, 0.687], [1, 0]]
[[0.451, 13.644, 9.111, 0.758], [0.444, 13.837, 11.041, 0.741], [0, 1]]
[[0.418, 13.0, 10.125, 0.705], [0.45, 14.226, 9.484, 0.743], [0, 1]]
[[0.427, 15.35, 9.85, 0.721], [0.411, 14.3, 10.2, 0.716], [0, 1]]
[[0.428, 14.56, 11.2, 0.718], [0.435, 13.571, 10.238, 0.73], [1, 0]]
[[0.428, 14.056, 10.5, 0.711], [0.426, 12.45, 11.75, 0.767], [0, 1]]
[[0.437, 13.773, 10.985, 0.754], [0.454, 12.731, 10.164, 0.755], [0, 1]]
[[0.474, 14.938, 8.417, 0.725], [0.451, 15.167, 12.792, 0.693], [1, 0]]
[[0.433, 13.75, 11.271, 0.772], [0.448, 12.312, 11.583, 0.771], [0, 1]]
[[0.462, 14.031, 9.277, 0.751], [0.447, 12.712, 11.909, 0.783], [1, 0]]
[[0.443, 13.667, 12.167, 0.745], [0.451, 14.745, 10.021, 0.759], [0, 1]]
[[0.457, 14.763, 12.508, 0.693], [0.461, 14.121, 9.259, 0.743], [0, 1]]
[[0.435, 13.889, 11.704, 0.72], [0.436, 12.821, 12.036, 0.782], [1, 0]]
[[0.45, 12.879, 11.138, 0.734], [0.463, 13.85, 10.517, 0.784], [0, 1]]
[[0.444, 13.657, 9.7, 0.752], [0.451, 14.638, 11.536, 0.759], [0, 1]]
[[0.452, 13.078, 11.031, 0.74], [0.437, 14.365, 11.619, 0.73], [1, 0]]
[[0.221, 8.5, 9.5, 0.261], [0.242, 11.0, 3.5, 0.345], [0, 1]]
[[0.45, 13.829, 11.7, 0.748], [0.45, 12.831, 11.056, 0.749], [0, 1]]
[[0.434, 12.042, 9.542, 0.733], [0.454, 14.535, 11.634, 0.728], [0, 1]]
[[0.441, 16.613, 11.839, 0.725], [0.452, 14.258, 10.903, 0.75], [0, 1]]
[[0.445, 13.571, 11.157, 0.738], [0.445, 14.972, 10.606, 0.745], [0, 1]]
[[0.428, 12.172, 9.293, 0.727], [0.446, 12.446, 11.018, 0.752], [1, 0]]
[[0.439, 14.417, 10.5, 0.775], [0.431, 15.833, 9.958, 0.696], [0, 1]]
[[0.438, 13.218, 10.418, 0.742], [0.448, 12.429, 11.429, 0.776], [0, 1]]
[[0.425, 12.931, 11.81, 0.724], [0.448, 14.86, 10.0, 0.733], [0, 1]]
[[0.422, 14.276, 10.966, 0.745], [0.418, 13.1, 10.267, 0.703], [0, 1]]
[[0.437, 16.111, 11.389, 0.665], [0.436, 13.75, 10.562, 0.695], [0, 1]]
[[0.446, 13.551, 10.837, 0.719], [0.443, 14.935, 10.304, 0.725], [1, 0]]
[[0.452, 14.846, 10.169, 0.741], [0.43, 12.091, 9.242, 0.731], [0, 1]]
[[0.239, 10.0, 5.0, 0.344], [0.243, 8.5, 2.5, 0.386], [0, 1]]
[[0.45, 14.471, 6.941, 0.695], [0.418, 13.75, 11.062, 0.726], [1, 0]]
[[0.458, 14.065, 9.065, 0.758], [0.446, 16.462, 11.756, 0.724], [1, 0]]
[[0.218, 8.0, 6.5, 0.375], [0.25, 9.0, 6.0, 0.394], [0, 1]]
[[0.423, 13.062, 11.625, 0.729], [0.45, 14.32, 11.88, 0.708], [0, 1]]
[[0.437, 14.174, 10.64, 0.773], [0.453, 14.698, 9.512, 0.751], [0, 1]]
[[0.446, 15.0, 10.275, 0.733], [0.45, 13.788, 11.135, 0.749], [1, 0]]
[[0.409, 11.462, 10.0, 0.75], [0.427, 15.692, 9.077, 0.648], [1, 0]]
[[0.411, 14.0, 11.091, 0.674], [0.392, 12.333, 10.556, 0.662], [0, 1]]
[[0.389, 14.0, 10.091, 0.704], [0.417, 12.615, 11.538, 0.726], [0, 1]]
[[0.416, 13.6, 9.933, 0.708], [0.414, 13.4, 11.6, 0.728], [1, 0]]
[[0.433, 13.83, 11.113, 0.742], [0.449, 12.83, 11.208, 0.739], [0, 1]]
[[0.438, 14.2, 9.4, 0.739], [0.447, 14.562, 11.844, 0.686], [1, 0]]
[[0.442, 15.611, 9.0, 0.716], [0.425, 15.368, 9.737, 0.72], [0, 1]]
[[0.414, 15.722, 11.0, 0.678], [0.426, 13.706, 10.294, 0.725], [0, 1]]
[[0.398, 13.45, 11.7, 0.728], [0.436, 14.273, 8.591, 0.729], [0, 1]]
[[0.408, 13.857, 11.571, 0.62], [0.414, 12.125, 11.375, 0.69], [0, 1]]
[[0.403, 13.6, 4.8, 0.6], [0.344, 13.75, 9.75, 0.484], [1, 0]]
[[0.371, 13.0, 4.0, 0.584], [0.296, 11.0, 5.333, 0.495], [0, 1]]
[[0.446, 14.694, 12.056, 0.697], [0.44, 12.686, 9.886, 0.755], [0, 1]]
[[0.445, 13.814, 12.326, 0.74], [0.442, 15.733, 10.511, 0.731], [1, 0]]
[[0.442, 13.225, 11.1, 0.772], [0.454, 12.637, 10.387, 0.75], [0, 1]]
[[0.44, 13.679, 11.304, 0.718], [0.434, 13.947, 10.807, 0.744], [1, 0]]
[[0.455, 14.042, 9.167, 0.76], [0.432, 13.133, 11.493, 0.729], [1, 0]]
[[0.446, 13.824, 9.235, 0.672], [0.414, 12.133, 9.333, 0.732], [1, 0]]
[[0.411, 15.148, 11.926, 0.716], [0.41, 12.926, 11.741, 0.746], [1, 0]]
[[0.274, 14.0, 10.667, 0.432], [0.297, 10.333, 9.0, 0.523], [0, 1]]
[[0.453, 14.482, 11.647, 0.734], [0.446, 12.694, 11.847, 0.783], [0, 1]]
[[0.446, 13.885, 9.897, 0.751], [0.455, 14.143, 11.623, 0.748], [1, 0]]
[[0.446, 13.789, 9.803, 0.752], [0.432, 13.208, 11.442, 0.731], [0, 1]]
[[0.432, 13.32, 10.36, 0.707], [0.44, 14.077, 9.231, 0.74], [0, 1]]
[[0.435, 16.714, 11.943, 0.704], [0.442, 14.143, 12.286, 0.737], [0, 1]]
[[0.455, 12.613, 10.2, 0.753], [0.444, 14.851, 10.581, 0.746], [1, 0]]
[[0.441, 14.028, 12.361, 0.737], [0.436, 14.771, 11.686, 0.746], [0, 1]]
[[0.372, 13.182, 10.636, 0.725], [0.38, 11.7, 9.9, 0.617], [0, 1]]
[[0.432, 13.61, 11.951, 0.729], [0.438, 14.341, 12.024, 0.747], [0, 1]]
[[0.432, 13.62, 11.34, 0.775], [0.454, 13.78, 10.94, 0.743], [0, 1]]
[[0.463, 13.871, 9.414, 0.752], [0.444, 15.014, 10.611, 0.747], [1, 0]]
[[0.414, 15.212, 11.818, 0.73], [0.446, 14.343, 9.714, 0.751], [1, 0]]
[[0.426, 13.091, 11.691, 0.725], [0.438, 16.464, 11.75, 0.723], [1, 0]]
[[0.449, 13.957, 11.072, 0.718], [0.452, 14.8, 10.214, 0.74], [0, 1]]
[[0.434, 16.559, 12.176, 0.705], [0.443, 12.314, 11.714, 0.772], [1, 0]]
[[0.336, 12.333, 4.0, 0.509], [0.269, 9.0, 4.0, 0.416], [0, 1]]
[[0.433, 13.948, 10.879, 0.743], [0.452, 13.804, 10.893, 0.751], [0, 1]]
[[0.427, 13.722, 11.111, 0.73], [0.436, 15.85, 9.4, 0.684], [0, 1]]
[[0.457, 14.256, 10.791, 0.775], [0.446, 12.171, 11.634, 0.775], [0, 1]]
[[0.436, 12.708, 9.292, 0.768], [0.438, 14.24, 9.0, 0.735], [1, 0]]
[[0.416, 12.75, 9.917, 0.701], [0.414, 14.083, 9.75, 0.696], [1, 0]]
[[0.427, 13.019, 11.574, 0.726], [0.454, 15.17, 12.717, 0.694], [1, 0]]
[[0.462, 14.0, 10.549, 0.782], [0.44, 14.286, 11.414, 0.733], [1, 0]]
[[0.439, 13.744, 11.14, 0.743], [0.446, 12.07, 11.721, 0.772], [1, 0]]
[[0.436, 14.481, 10.712, 0.775], [0.435, 14.059, 11.784, 0.728], [1, 0]]
[[0.457, 14.793, 12.569, 0.69], [0.443, 15.069, 10.897, 0.732], [0, 1]]
[[0.449, 13.105, 11.447, 0.73], [0.46, 14.103, 9.051, 0.725], [0, 1]]
[[0.386, 13.0, 8.25, 0.667], [0.384, 11.0, 8.875, 0.704], [0, 1]]
[[0.461, 14.327, 10.796, 0.776], [0.454, 13.638, 10.915, 0.741], [1, 0]]
[[0.201, 7.5, 4.5, 0.396], [0.242, 11.0, 3.5, 0.345], [0, 1]]
[[0.464, 14.25, 10.731, 0.778], [0.436, 13.42, 10.58, 0.74], [1, 0]]
[[0.429, 14.838, 10.595, 0.766], [0.436, 14.6, 10.4, 0.72], [1, 0]]
[[0.327, 14.25, 11.25, 0.551], [0.355, 14.5, 10.5, 0.52], [0, 1]]
[[0.436, 14.548, 10.855, 0.772], [0.43, 12.081, 9.274, 0.728], [0, 1]]
[[0.435, 13.636, 10.545, 0.736], [0.433, 14.087, 11.435, 0.739], [0, 1]]
[[0.429, 13.78, 11.585, 0.768], [0.426, 12.477, 9.386, 0.723], [0, 1]]
[[0.436, 13.846, 10.872, 0.724], [0.417, 13.308, 11.769, 0.724], [0, 1]]
[[0.446, 12.292, 11.188, 0.734], [0.443, 14.02, 11.02, 0.741], [0, 1]]
[[0.443, 13.946, 9.357, 0.746], [0.434, 13.833, 11.037, 0.739], [0, 1]]
[[0.416, 13.714, 9.214, 0.652], [0.426, 15.857, 9.571, 0.648], [1, 0]]
[[0.464, 13.986, 9.425, 0.751], [0.441, 14.541, 11.392, 0.734], [1, 0]]
[[0.417, 13.308, 12.423, 0.726], [0.434, 14.038, 11.192, 0.736], [0, 1]]
[[0.436, 13.87, 11.13, 0.755], [0.46, 13.942, 10.493, 0.782], [0, 1]]
[[0.34, 13.75, 10.5, 0.518], [0.332, 15.0, 10.25, 0.517], [1, 0]]
[[0.439, 13.265, 10.959, 0.73], [0.443, 13.653, 12.143, 0.745], [0, 1]]
[[0.444, 13.778, 10.167, 0.709], [0.45, 14.5, 10.618, 0.773], [1, 0]]
[[0.441, 16.0, 11.308, 0.69], [0.437, 12.88, 11.76, 0.775], [0, 1]]
[[0.363, 12.2, 6.8, 0.542], [0.325, 9.25, 8.75, 0.582], [1, 0]]
[[0.455, 14.535, 12.761, 0.695], [0.444, 13.25, 10.486, 0.737], [1, 0]]
[[0.451, 14.4, 10.533, 0.772], [0.448, 14.516, 8.677, 0.706], [0, 1]]
[[0.472, 14.677, 8.855, 0.745], [0.452, 14.922, 10.188, 0.74], [1, 0]]
[[0.424, 12.314, 9.373, 0.729], [0.44, 15.38, 10.68, 0.731], [1, 0]]
[[0.433, 14.12, 10.72, 0.748], [0.447, 14.519, 10.593, 0.768], [1, 0]]
[[0.381, 14.909, 11.636, 0.68], [0.404, 12.583, 12.083, 0.67], [0, 1]]
[[0.441, 13.359, 11.179, 0.769], [0.447, 13.474, 11.321, 0.742], [1, 0]]
[[0.296, 10.667, 6.333, 0.442], [0.268, 7.5, 3.5, 0.392], [0, 1]]
[[0.324, 12.333, 9.0, 0.499], [0.313, 11.333, 5.667, 0.455], [0, 1]]
[[0.415, 15.125, 11.0, 0.739], [0.421, 14.6, 8.467, 0.704], [1, 0]]
[[0.455, 14.024, 11.073, 0.732], [0.448, 13.28, 10.268, 0.74], [1, 0]]
[[0.44, 13.493, 11.373, 0.77], [0.451, 14.493, 9.672, 0.759], [0, 1]]
[[0.389, 14.143, 9.714, 0.621], [0.371, 15.0, 11.286, 0.645], [0, 1]]
[[0.277, 12.0, 8.0, 0.559], [0.289, 12.333, 6.333, 0.532], [1, 0]]
[[0.437, 14.587, 10.794, 0.771], [0.453, 14.587, 11.762, 0.723], [0, 1]]
[[0.415, 13.154, 9.654, 0.707], [0.435, 13.75, 10.333, 0.744], [1, 0]]
[[0.436, 14.348, 8.652, 0.73], [0.431, 14.381, 10.952, 0.728], [0, 1]]
[[0.467, 14.0, 8.884, 0.731], [0.441, 13.818, 11.068, 0.742], [0, 1]]
[[0.463, 13.859, 10.562, 0.783], [0.449, 12.683, 11.651, 0.784], [1, 0]]
[[0.203, 7.0, 5.5, 0.348], [0.215, 9.0, 4.0, 0.441], [0, 1]]
[[0.441, 13.77, 11.082, 0.739], [0.454, 13.839, 10.968, 0.752], [0, 1]]
[[0.455, 13.667, 10.789, 0.722], [0.462, 13.982, 9.091, 0.737], [0, 1]]
[[0.437, 13.583, 10.917, 0.717], [0.454, 14.417, 10.444, 0.77], [0, 1]]
[[0.427, 13.951, 11.432, 0.758], [0.454, 12.593, 10.346, 0.751], [0, 1]]
[[0.397, 14.588, 12.118, 0.697], [0.437, 13.778, 11.333, 0.707], [0, 1]]
[[0.451, 12.781, 11.027, 0.752], [0.445, 14.932, 10.589, 0.744], [0, 1]]
[[0.446, 14.636, 7.909, 0.702], [0.44, 15.045, 11.545, 0.673], [1, 0]]
[[0.436, 14.225, 10.725, 0.774], [0.447, 13.443, 11.278, 0.74], [1, 0]]
[[0.447, 13.108, 11.676, 0.727], [0.454, 14.385, 10.59, 0.767], [0, 1]]
[[0.437, 13.806, 10.955, 0.753], [0.45, 14.652, 11.667, 0.762], [0, 1]]
[[0.433, 13.694, 11.265, 0.775], [0.437, 13.388, 10.673, 0.745], [1, 0]]
[[0.439, 13.522, 11.565, 0.772], [0.451, 14.171, 11.014, 0.757], [0, 1]]
[[0.437, 15.625, 11.438, 0.669], [0.423, 12.133, 10.133, 0.743], [1, 0]]
[[0.441, 13.694, 11.161, 0.739], [0.452, 12.857, 11.016, 0.74], [0, 1]]
[[0.454, 14.288, 9.121, 0.759], [0.45, 14.618, 11.559, 0.76], [1, 0]]
[[0.447, 14.414, 11.793, 0.691], [0.417, 13.357, 10.179, 0.702], [0, 1]]
[[0.448, 14.393, 10.679, 0.767], [0.437, 14.185, 11.333, 0.743], [0, 1]]
[[0.453, 13.698, 11.032, 0.721], [0.45, 14.525, 11.557, 0.758], [1, 0]]
[[0.47, 14.486, 8.892, 0.746], [0.44, 13.453, 11.307, 0.769], [1, 0]]
[[0.38, 14.7, 10.6, 0.691], [0.389, 12.333, 9.5, 0.66], [1, 0]]
[[0.183, 3.5, 6.0, 0.325], [0.237, 9.0, 7.0, 0.312], [0, 1]]
[[0.473, 14.482, 8.59, 0.749], [0.269, 9.0, 4.0, 0.416], [0, 1]]
[[0.449, 14.318, 11.75, 0.71], [0.446, 12.143, 11.69, 0.775], [1, 0]]
[[0.431, 13.181, 11.514, 0.729], [0.456, 12.676, 10.169, 0.754], [1, 0]]
[[0.399, 14.0, 9.1, 0.617], [0.393, 12.667, 8.778, 0.708], [1, 0]]
[[0.447, 16.866, 11.582, 0.725], [0.449, 12.806, 10.94, 0.753], [0, 1]]
[[0.419, 15.098, 11.829, 0.739], [0.437, 13.674, 10.93, 0.735], [1, 0]]
[[0.447, 14.849, 10.208, 0.728], [0.451, 14.574, 11.889, 0.718], [0, 1]]
[[0.47, 14.447, 8.895, 0.745], [0.455, 14.158, 11.671, 0.749], [0, 1]]
[[0.416, 13.447, 11.658, 0.722], [0.456, 13.917, 10.611, 0.741], [0, 1]]
[[0.377, 14.125, 10.125, 0.691], [0.387, 12.714, 8.0, 0.652], [1, 0]]
[[0.422, 14.308, 10.731, 0.762], [0.458, 14.385, 7.692, 0.712], [0, 1]]
[[0.417, 14.818, 10.545, 0.705], [0.42, 12.6, 10.5, 0.708], [0, 1]]
[[0.448, 14.657, 11.943, 0.694], [0.445, 12.118, 11.324, 0.721], [0, 1]]
[[0.453, 14.083, 9.292, 0.758], [0.463, 14.137, 8.843, 0.739], [1, 0]]
[[0.43, 13.157, 11.529, 0.725], [0.452, 14.174, 11.043, 0.756], [0, 1]]
[[0.44, 14.303, 9.545, 0.735], [0.416, 13.455, 11.848, 0.738], [0, 1]]
[[0.451, 14.041, 9.429, 0.756], [0.452, 15.3, 12.8, 0.691], [0, 1]]
[[0.341, 12.25, 8.0, 0.55], [0.259, 9.333, 7.667, 0.534], [1, 0]]
[[0.445, 15.588, 9.0, 0.706], [0.427, 14.353, 7.882, 0.679], [0, 1]]
[[0.472, 14.439, 8.634, 0.747], [0.455, 14.659, 10.085, 0.747], [0, 1]]
[[0.415, 15.176, 11.882, 0.727], [0.437, 14.882, 11.676, 0.743], [1, 0]]
[[0.44, 14.146, 9.438, 0.744], [0.433, 13.783, 11.37, 0.771], [0, 1]]
[[0.442, 13.291, 11.152, 0.77], [0.446, 16.342, 11.734, 0.725], [1, 0]]
[[0.442, 13.603, 9.524, 0.75], [0.443, 16.607, 11.82, 0.725], [1, 0]]
[[0.413, 15.207, 11.793, 0.724], [0.451, 14.419, 10.419, 0.775], [0, 1]]
[[0.437, 13.483, 11.55, 0.773], [0.44, 15.082, 10.984, 0.738], [1, 0]]
[[0.444, 14.83, 10.255, 0.724], [0.443, 13.98, 11.04, 0.744], [1, 0]]
[[0.436, 14.414, 10.914, 0.774], [0.425, 14.029, 11.557, 0.751], [1, 0]]
[[0.431, 14.308, 10.808, 0.757], [0.433, 14.179, 11.0, 0.743], [1, 0]]
[[0.459, 14.012, 9.075, 0.76], [0.454, 14.662, 9.512, 0.756], [0, 1]]
[[0.385, 14.286, 9.714, 0.617], [0.397, 14.0, 11.0, 0.717], [1, 0]]
[[0.451, 12.72, 11.133, 0.747], [0.442, 14.533, 11.387, 0.732], [1, 0]]
[[0.444, 13.174, 10.957, 0.717], [0.414, 13.0, 12.5, 0.721], [0, 1]]
[[0.439, 14.538, 10.815, 0.771], [0.436, 13.862, 10.969, 0.752], [1, 0]]
[[0.398, 16.0, 11.846, 0.668], [0.426, 15.833, 9.25, 0.66], [0, 1]]
[[0.389, 12.125, 8.875, 0.708], [0.402, 12.556, 7.333, 0.683], [1, 0]]
[[0.443, 14.537, 11.575, 0.733], [0.446, 14.696, 10.532, 0.753], [1, 0]]
[[0.424, 15.278, 9.889, 0.716], [0.427, 14.789, 8.263, 0.727], [1, 0]]
[[0.444, 15.471, 11.235, 0.666], [0.426, 14.647, 8.176, 0.718], [1, 0]]
[[0.457, 13.807, 10.819, 0.73], [0.447, 12.687, 11.699, 0.784], [0, 1]]
[[0.456, 13.808, 10.863, 0.722], [0.455, 13.042, 10.986, 0.744], [0, 1]]
[[0.296, 11.333, 12.333, 0.402], [0.292, 10.0, 7.333, 0.562], [0, 1]]
[[0.418, 13.268, 11.756, 0.724], [0.432, 13.7, 12.0, 0.729], [1, 0]]
[[0.194, 8.5, 6.5, 0.3], [0.437, 14.193, 10.699, 0.773], [0, 1]]
[[0.445, 14.75, 8.5, 0.711], [0.435, 14.222, 10.963, 0.739], [0, 1]]
[[0.441, 14.233, 9.372, 0.741], [0.447, 13.439, 9.22, 0.75], [0, 1]]
[[0.418, 14.72, 11.72, 0.741], [0.441, 15.314, 10.706, 0.731], [0, 1]]
[[0.473, 14.783, 8.304, 0.726], [0.443, 13.854, 11.208, 0.739], [0, 1]]
[[0.443, 14.692, 8.423, 0.707], [0.435, 14.16, 11.28, 0.739], [1, 0]]
[[0.433, 13.787, 11.319, 0.773], [0.435, 13.761, 11.652, 0.73], [1, 0]]
[[0.442, 13.921, 12.447, 0.74], [0.461, 14.237, 9.053, 0.726], [0, 1]]
[[0.38, 11.25, 9.375, 0.576], [0.395, 12.25, 7.25, 0.673], [0, 1]]
[[0.454, 14.215, 13.0, 0.697], [0.453, 14.679, 9.538, 0.759], [1, 0]]
[[0.457, 14.632, 7.105, 0.699], [0.442, 15.053, 11.421, 0.649], [0, 1]]
[[0.432, 14.407, 9.222, 0.743], [0.427, 14.0, 11.276, 0.723], [0, 1]]
[[0.462, 13.857, 10.857, 0.772], [0.463, 13.881, 9.393, 0.756], [0, 1]]
[[0.449, 14.265, 11.918, 0.708], [0.46, 14.333, 10.812, 0.774], [1, 0]]
[[0.421, 14.091, 11.121, 0.751], [0.429, 13.889, 11.0, 0.738], [0, 1]]
[[0.445, 13.625, 6.125, 0.641], [0.39, 14.625, 11.25, 0.658], [0, 1]]
[[0.413, 14.944, 12.0, 0.73], [0.42, 12.615, 9.846, 0.723], [1, 0]]
[[0.435, 13.455, 11.75, 0.73], [0.453, 14.023, 10.75, 0.74], [1, 0]]
[[0.432, 13.192, 11.493, 0.729], [0.438, 13.465, 11.535, 0.769], [1, 0]]
[[0.426, 13.947, 11.461, 0.756], [0.452, 14.707, 9.547, 0.761], [1, 0]]
[[0.422, 14.518, 11.75, 0.749], [0.468, 14.891, 8.982, 0.735], [0, 1]]
[[0.463, 13.779, 10.884, 0.775], [0.464, 14.0, 9.395, 0.755], [1, 0]]
[[0.431, 12.101, 9.406, 0.731], [0.45, 14.485, 9.697, 0.757], [0, 1]]
[[0.387, 14.8, 12.0, 0.687], [0.441, 14.188, 11.062, 0.649], [1, 0]]
[[0.448, 15.269, 11.654, 0.679], [0.437, 13.696, 10.391, 0.74], [0, 1]]
[[0.445, 13.8, 11.133, 0.713], [0.454, 13.932, 10.881, 0.751], [1, 0]]
[[0.408, 15.077, 11.462, 0.715], [0.424, 15.462, 11.538, 0.646], [0, 1]]
[[0.211, 9.0, 5.5, 0.392], [0.218, 8.0, 6.5, 0.375], [0, 1]]
[[0.464, 14.014, 9.417, 0.752], [0.44, 14.548, 11.397, 0.734], [1, 0]]
[[0.428, 13.798, 11.298, 0.757], [0.455, 14.56, 10.131, 0.747], [0, 1]]
[[0.452, 14.27, 9.143, 0.759], [0.438, 13.397, 11.476, 0.771], [1, 0]]
[[0.455, 13.857, 10.957, 0.723], [0.438, 14.294, 11.456, 0.735], [0, 1]]
[[0.451, 13.884, 11.667, 0.747], [0.451, 14.549, 11.493, 0.759], [0, 1]]
[[0.433, 12.042, 9.521, 0.736], [0.448, 12.648, 11.761, 0.783], [1, 0]]
[[0.464, 14.645, 7.839, 0.712], [0.44, 12.484, 12.0, 0.774], [1, 0]]
[[0.452, 14.803, 10.211, 0.74], [0.44, 14.423, 11.423, 0.734], [0, 1]]
[[0.451, 14.525, 9.77, 0.754], [0.44, 15.094, 10.953, 0.743], [0, 1]]
[[0.409, 13.846, 9.769, 0.689], [0.419, 13.8, 11.533, 0.696], [0, 1]]
[[0.456, 12.649, 10.149, 0.752], [0.451, 14.541, 11.459, 0.759], [0, 1]]
[[0.257, 9.0, 2.5, 0.38], [0.183, 3.5, 6.0, 0.325], [1, 0]]
[[0.417, 12.944, 10.167, 0.715], [0.451, 14.061, 10.515, 0.732], [1, 0]]
[[0.474, 14.676, 8.735, 0.748], [0.449, 12.826, 11.0, 0.753], [1, 0]]
[[0.441, 14.16, 9.44, 0.747], [0.434, 14.04, 10.7, 0.738], [0, 1]]
[[0.454, 14.0, 9.197, 0.76], [0.435, 11.986, 9.616, 0.733], [0, 1]]
[[0.367, 13.833, 9.0, 0.609], [0.379, 15.667, 8.667, 0.599], [0, 1]]
[[0.454, 14.623, 11.688, 0.729], [0.443, 14.564, 11.423, 0.733], [1, 0]]
[[0.446, 13.833, 11.9, 0.746], [0.434, 14.233, 11.65, 0.728], [1, 0]]
[[0.438, 14.188, 10.647, 0.774], [0.454, 14.706, 9.576, 0.75], [1, 0]]
[[0.44, 13.208, 11.042, 0.727], [0.426, 12.327, 9.286, 0.727], [0, 1]]
[[0.46, 14.053, 9.263, 0.74], [0.444, 14.4, 11.691, 0.758], [0, 1]]
[[0.439, 13.477, 11.385, 0.766], [0.451, 12.667, 10.894, 0.757], [1, 0]]
[[0.467, 14.619, 8.238, 0.724], [0.45, 14.415, 9.61, 0.759], [0, 1]]
[[0.453, 13.672, 10.984, 0.723], [0.45, 14.525, 11.881, 0.722], [1, 0]]
[[0.442, 13.639, 9.41, 0.749], [0.443, 16.576, 11.797, 0.726], [1, 0]]
[[0.365, 12.286, 8.286, 0.559], [0.381, 15.429, 11.286, 0.59], [1, 0]]
[[0.418, 13.333, 11.967, 0.744], [0.434, 13.968, 10.065, 0.736], [0, 1]]
[[0.453, 14.539, 11.645, 0.729], [0.454, 14.171, 10.724, 0.762], [1, 0]]
[[0.434, 14.542, 11.458, 0.721], [0.442, 14.435, 8.217, 0.711], [0, 1]]
[[0.405, 14.957, 12.348, 0.723], [0.431, 13.826, 10.739, 0.751], [0, 1]]
[[0.434, 14.889, 10.407, 0.726], [0.435, 13.8, 12.367, 0.727], [0, 1]]
[[0.432, 14.211, 11.789, 0.729], [0.447, 12.466, 11.707, 0.777], [0, 1]]
[[0.383, 14.786, 12.0, 0.702], [0.406, 16.176, 11.294, 0.666], [0, 1]]
[[0.437, 13.429, 10.914, 0.717], [0.426, 13.853, 11.912, 0.724], [0, 1]]
[[0.452, 14.615, 9.692, 0.755], [0.438, 14.269, 11.343, 0.733], [1, 0]]
[[0.313, 11.333, 5.667, 0.42], [0.318, 10.0, 4.0, 0.472], [0, 1]]
[[0.451, 14.84, 9.84, 0.755], [0.447, 12.36, 11.18, 0.739], [0, 1]]
[[0.457, 14.825, 12.596, 0.69], [0.461, 14.0, 10.621, 0.781], [0, 1]]
[[0.474, 14.738, 8.708, 0.747], [0.451, 14.567, 11.806, 0.723], [1, 0]]
[[0.445, 13.902, 11.279, 0.711], [0.449, 12.525, 11.689, 0.784], [1, 0]]
[[0.45, 15.286, 10.905, 0.679], [0.427, 14.05, 11.1, 0.737], [0, 1]]
[[0.432, 14.28, 11.24, 0.732], [0.417, 13.2, 12.48, 0.72], [1, 0]]
[[0.452, 14.169, 10.958, 0.757], [0.44, 14.5, 11.431, 0.733], [1, 0]]
[[0.473, 15.041, 8.673, 0.725], [0.449, 13.585, 10.887, 0.718], [1, 0]]
[[0.431, 15.125, 10.042, 0.717], [0.44, 12.96, 9.16, 0.768], [1, 0]]
[[0.425, 13.25, 9.25, 0.672], [0.42, 14.667, 10.333, 0.716], [0, 1]]
[[0.433, 14.609, 10.783, 0.766], [0.44, 14.34, 11.894, 0.756], [0, 1]]
[[0.432, 14.0, 10.714, 0.736], [0.439, 16.574, 11.766, 0.712], [0, 1]]
[[0.226, 9.5, 9.0, 0.322], [0.268, 7.5, 3.5, 0.392], [1, 0]]
[[0.435, 14.017, 10.833, 0.747], [0.452, 14.638, 9.845, 0.752], [1, 0]]
[[0.449, 13.969, 11.328, 0.715], [0.437, 14.21, 11.516, 0.73], [0, 1]]
[[0.441, 14.077, 9.481, 0.747], [0.451, 15.163, 12.755, 0.691], [1, 0]]
[[0.433, 14.617, 10.681, 0.77], [0.451, 13.848, 9.174, 0.76], [1, 0]]
[[0.321, 13.4, 8.8, 0.636], [0.341, 12.4, 9.0, 0.591], [1, 0]]
[[0.429, 12.985, 11.708, 0.73], [0.453, 12.754, 10.077, 0.757], [0, 1]]
[[0.455, 13.041, 10.986, 0.744], [0.445, 13.297, 10.365, 0.738], [1, 0]]
[[0.438, 13.854, 10.902, 0.747], [0.44, 15.881, 10.286, 0.726], [1, 0]]
[[0.467, 14.657, 7.886, 0.721], [0.43, 14.364, 11.061, 0.766], [1, 0]]
[[0.438, 16.4, 11.582, 0.72], [0.437, 13.396, 10.491, 0.738], [0, 1]]
[[0.449, 14.188, 8.719, 0.711], [0.447, 14.167, 10.467, 0.738], [1, 0]]
[[0.432, 14.083, 10.792, 0.739], [0.45, 12.652, 9.761, 0.756], [0, 1]]
[[0.419, 13.467, 9.2, 0.662], [0.416, 12.571, 9.786, 0.694], [1, 0]]
[[0.445, 13.69, 11.879, 0.745], [0.446, 14.544, 11.632, 0.758], [1, 0]]
[[0.417, 14.882, 11.0, 0.743], [0.401, 13.562, 9.312, 0.678], [1, 0]]
[[0.45, 12.975, 11.325, 0.731], [0.439, 15.814, 10.395, 0.727], [0, 1]]
[[0.401, 13.9, 9.9, 0.727], [0.381, 13.778, 9.667, 0.718], [1, 0]]
[[0.452, 14.085, 9.149, 0.759], [0.44, 16.58, 11.6, 0.715], [1, 0]]
[[0.444, 14.725, 10.325, 0.717], [0.448, 14.976, 12.341, 0.692], [0, 1]]
[[0.448, 13.13, 11.435, 0.734], [0.443, 13.696, 12.196, 0.746], [0, 1]]
[[0.413, 12.364, 9.636, 0.703], [0.409, 14.455, 9.818, 0.682], [1, 0]]
[[0.25, 9.0, 6.0, 0.394], [0.454, 14.06, 10.747, 0.763], [0, 1]]
[[0.473, 14.419, 8.453, 0.748], [0.435, 11.86, 9.5, 0.735], [1, 0]]
[[0.423, 14.0, 11.059, 0.755], [0.438, 14.97, 11.758, 0.742], [0, 1]]
[[0.462, 14.0, 10.561, 0.781], [0.443, 15.106, 10.879, 0.742], [0, 1]]
[[0.439, 13.785, 11.025, 0.763], [0.454, 14.671, 9.519, 0.759], [0, 1]]
[[0.427, 12.98, 11.471, 0.73], [0.446, 15.02, 10.28, 0.733], [1, 0]]
[[0.424, 14.281, 11.828, 0.747], [0.472, 14.754, 8.852, 0.741], [1, 0]]
[[0.445, 14.795, 12.564, 0.693], [0.434, 14.459, 11.865, 0.748], [1, 0]]
[[0.434, 13.086, 11.444, 0.731], [0.448, 13.412, 11.312, 0.739], [0, 1]]
[[0.441, 14.176, 12.235, 0.736], [0.438, 13.912, 10.529, 0.742], [0, 1]]
[[0.452, 13.896, 11.052, 0.731], [0.463, 14.038, 10.667, 0.777], [0, 1]]
[[0.426, 13.421, 11.105, 0.738], [0.428, 14.143, 11.429, 0.736], [0, 1]]
[[0.439, 14.618, 10.471, 0.73], [0.444, 13.114, 11.886, 0.724], [1, 0]]
[[0.44, 13.6, 11.345, 0.717], [0.452, 14.655, 11.727, 0.719], [0, 1]]
[[0.413, 12.964, 11.964, 0.745], [0.448, 14.548, 11.613, 0.692], [0, 1]]
[[0.421, 14.611, 11.704, 0.745], [0.434, 13.509, 11.473, 0.769], [1, 0]]
[[0.425, 14.231, 11.723, 0.748], [0.463, 14.062, 9.188, 0.752], [0, 1]]
[[0.473, 14.714, 8.762, 0.745], [0.451, 14.281, 9.141, 0.76], [0, 1]]
[[0.429, 14.5, 10.969, 0.764], [0.437, 14.903, 10.871, 0.727], [1, 0]]
[[0.466, 14.6, 8.35, 0.721], [0.438, 16.625, 11.7, 0.708], [1, 0]]
[[0.422, 15.444, 10.444, 0.639], [0.39, 13.667, 7.222, 0.615], [0, 1]]
[[0.448, 14.184, 11.447, 0.697], [0.444, 14.368, 9.632, 0.758], [0, 1]]
[[0.416, 12.333, 11.222, 0.699], [0.399, 14.556, 9.778, 0.67], [1, 0]]
[[0.445, 13.623, 11.217, 0.738], [0.448, 12.754, 11.826, 0.783], [0, 1]]
[[0.421, 12.471, 11.647, 0.748], [0.422, 13.875, 10.125, 0.72], [0, 1]]
[[0.432, 13.149, 11.514, 0.727], [0.455, 14.486, 12.736, 0.693], [1, 0]]
[[0.462, 13.982, 9.161, 0.737], [0.448, 12.4, 11.473, 0.776], [1, 0]]
[[0.445, 13.923, 10.154, 0.713], [0.433, 14.162, 10.108, 0.739], [1, 0]]
[[0.452, 13.882, 10.559, 0.732], [0.443, 12.417, 11.778, 0.774], [1, 0]]
[[0.434, 14.475, 10.575, 0.775], [0.444, 13.721, 10.581, 0.718], [1, 0]]
[[0.415, 15.333, 10.917, 0.716], [0.413, 13.917, 11.5, 0.69], [0, 1]]
[[0.447, 12.257, 11.257, 0.72], [0.456, 14.028, 9.028, 0.72], [0, 1]]
[[0.433, 12.955, 10.182, 0.699], [0.43, 14.0, 11.227, 0.738], [0, 1]]
[[0.438, 13.434, 11.283, 0.724], [0.436, 13.346, 10.558, 0.737], [0, 1]]
[[0.455, 12.811, 9.792, 0.75], [0.451, 13.87, 11.13, 0.747], [0, 1]]
[[0.434, 13.949, 10.915, 0.746], [0.441, 13.158, 10.456, 0.742], [0, 1]]
[[0.451, 14.587, 11.508, 0.76], [0.442, 15.046, 10.923, 0.741], [0, 1]]
[[0.414, 12.0, 9.25, 0.739], [0.415, 13.25, 11.438, 0.699], [0, 1]]
[[0.468, 14.605, 8.209, 0.724], [0.431, 13.977, 10.705, 0.739], [1, 0]]
[[0.452, 14.861, 10.153, 0.743], [0.451, 14.575, 11.37, 0.758], [0, 1]]
[[0.425, 15.8, 10.7, 0.639], [0.4, 15.7, 12.2, 0.612], [1, 0]]
[[0.427, 13.843, 11.325, 0.757], [0.435, 11.904, 9.494, 0.734], [0, 1]]
[[0.45, 15.273, 11.045, 0.677], [0.433, 16.143, 9.429, 0.689], [1, 0]]
[[0.447, 13.558, 10.962, 0.716], [0.437, 13.702, 11.596, 0.73], [0, 1]]
[[0.439, 15.381, 9.571, 0.705], [0.449, 15.391, 11.217, 0.672], [0, 1]]
[[0.45, 14.362, 9.431, 0.755], [0.437, 13.864, 11.034, 0.736], [1, 0]]
[[0.453, 14.175, 10.841, 0.754], [0.451, 14.516, 11.548, 0.758], [0, 1]]
[[0.444, 13.736, 11.962, 0.75], [0.45, 14.396, 11.868, 0.717], [0, 1]]
[[0.45, 13.809, 11.706, 0.746], [0.455, 14.638, 11.71, 0.724], [0, 1]]
[[0.418, 13.167, 10.167, 0.714], [0.426, 12.353, 10.294, 0.745], [1, 0]]
[[0.454, 14.582, 11.608, 0.731], [0.444, 14.519, 11.405, 0.734], [0, 1]]
[[0.45, 12.88, 11.22, 0.741], [0.443, 13.686, 12.039, 0.746], [1, 0]]
[[0.432, 13.115, 11.423, 0.733], [0.454, 14.724, 9.447, 0.762], [0, 1]]
[[0.371, 15.444, 12.444, 0.649], [0.377, 12.429, 8.714, 0.642], [0, 1]]
[[0.411, 13.333, 9.75, 0.689], [0.396, 12.692, 9.231, 0.665], [0, 1]]
[[0.23, 11.5, 2.5, 0.416], [0.254, 11.0, 3.0, 0.441], [0, 1]]
[[0.455, 13.947, 10.933, 0.725], [0.455, 14.534, 11.712, 0.726], [1, 0]]
[[0.454, 14.63, 10.111, 0.75], [0.449, 13.494, 11.333, 0.738], [1, 0]]
[[0.43, 13.935, 10.978, 0.741], [0.44, 14.391, 11.913, 0.755], [0, 1]]
[[0.226, 9.5, 9.0, 0.322], [0.247, 8.0, 5.0, 0.282], [0, 1]]
[[0.398, 14.5, 9.625, 0.613], [0.394, 12.0, 6.857, 0.656], [0, 1]]
[[0.442, 14.29, 9.226, 0.74], [0.45, 14.188, 9.406, 0.742], [1, 0]]
[[0.473, 14.717, 8.9, 0.737], [0.462, 14.081, 9.194, 0.75], [0, 1]]
[[0.368, 15.571, 10.571, 0.692], [0.363, 13.222, 10.778, 0.713], [1, 0]]
[[0.473, 14.667, 8.267, 0.724], [0.465, 14.022, 8.822, 0.733], [1, 0]]
[[0.426, 15.045, 11.045, 0.699], [0.432, 12.857, 12.0, 0.772], [0, 1]]
[[0.449, 12.794, 10.941, 0.755], [0.443, 13.257, 10.471, 0.737], [1, 0]]
[[0.462, 14.025, 8.9, 0.73], [0.44, 13.561, 10.659, 0.738], [1, 0]]
[[0.446, 14.962, 10.173, 0.733], [0.446, 12.481, 11.096, 0.744], [0, 1]]
[[0.443, 13.673, 12.0, 0.747], [0.445, 12.231, 11.596, 0.773], [0, 1]]
[[0.449, 13.785, 11.738, 0.745], [0.431, 12.134, 9.313, 0.73], [0, 1]]
[[0.456, 13.9, 10.912, 0.73], [0.454, 14.101, 10.759, 0.761], [0, 1]]
[[0.463, 14.567, 7.867, 0.707], [0.447, 14.414, 10.276, 0.738], [0, 1]]
[[0.449, 12.139, 11.333, 0.717], [0.435, 14.528, 11.75, 0.746], [1, 0]]
[[0.359, 13.5, 9.0, 0.683], [0.368, 11.0, 9.857, 0.541], [1, 0]]
[[0.394, 12.625, 10.5, 0.682], [0.361, 15.625, 12.375, 0.624], [1, 0]]
[[0.437, 13.421, 11.158, 0.705], [0.442, 14.429, 10.381, 0.767], [0, 1]]
[[0.43, 13.938, 11.0, 0.74], [0.447, 12.319, 11.191, 0.734], [0, 1]]
[[0.452, 14.262, 9.169, 0.761], [0.452, 14.761, 10.119, 0.741], [0, 1]]
[[0.434, 14.067, 11.267, 0.642], [0.405, 14.429, 10.357, 0.704], [1, 0]]
[[0.431, 13.197, 11.549, 0.726], [0.455, 14.614, 11.614, 0.727], [0, 1]]
[[0.474, 14.741, 8.897, 0.736], [0.428, 12.164, 9.279, 0.729], [1, 0]]
[[0.443, 14.304, 9.457, 0.746], [0.451, 13.182, 11.432, 0.736], [0, 1]]
[[0.434, 16.514, 11.865, 0.706], [0.444, 14.789, 12.368, 0.693], [0, 1]]
[[0.474, 14.6, 8.743, 0.746], [0.447, 12.681, 11.736, 0.785], [1, 0]]
[[0.47, 14.413, 8.88, 0.745], [0.448, 13.566, 11.25, 0.741], [1, 0]]
[[0.367, 12.8, 9.0, 0.586], [0.317, 11.25, 6.75, 0.604], [1, 0]]
[[0.38, 13.615, 11.154, 0.746], [0.406, 14.833, 10.5, 0.702], [0, 1]]
[[0.422, 14.226, 11.258, 0.743], [0.435, 14.0, 12.484, 0.722], [0, 1]]
[[0.391, 13.1, 11.5, 0.685], [0.413, 12.778, 8.556, 0.694], [1, 0]]
[[0.418, 13.778, 11.889, 0.71], [0.414, 13.2, 11.867, 0.695], [0, 1]]
[[0.296, 12.25, 8.5, 0.64], [0.323, 13.5, 9.75, 0.597], [1, 0]]
[[0.404, 14.8, 12.2, 0.709], [0.412, 14.182, 10.364, 0.714], [0, 1]]
[[0.434, 13.792, 9.667, 0.695], [0.428, 13.8, 10.28, 0.738], [1, 0]]
[[0.451, 14.306, 9.177, 0.757], [0.453, 14.047, 11.078, 0.747], [1, 0]]
[[0.203, 6.5, 5.0, 0.44], [0.228, 11.0, 5.0, 0.334], [1, 0]]
[[0.446, 14.471, 9.941, 0.744], [0.43, 15.824, 9.294, 0.663], [1, 0]]
[[0.442, 13.746, 11.288, 0.714], [0.447, 12.491, 10.912, 0.75], [0, 1]]
[[0.44, 13.863, 10.975, 0.766], [0.434, 11.988, 9.525, 0.736], [1, 0]]
[[0.215, 9.0, 4.0, 0.441], [0.259, 7.5, 5.5, 0.389], [0, 1]]
[[0.454, 14.179, 9.104, 0.757], [0.432, 12.143, 9.486, 0.733], [1, 0]]
[[0.432, 13.902, 10.512, 0.732], [0.427, 13.947, 11.395, 0.77], [1, 0]]
[[0.436, 12.833, 9.792, 0.729], [0.442, 14.76, 11.68, 0.679], [0, 1]]
[[0.456, 14.839, 12.536, 0.689], [0.451, 14.709, 9.782, 0.75], [1, 0]]
[[0.457, 14.683, 12.698, 0.699], [0.447, 13.742, 11.935, 0.746], [0, 1]]
[[0.445, 12.125, 11.344, 0.727], [0.435, 14.656, 11.969, 0.74], [1, 0]]
[[0.427, 12.417, 9.292, 0.725], [0.435, 13.511, 11.644, 0.73], [1, 0]]
[[0.433, 13.538, 11.385, 0.772], [0.449, 12.865, 11.269, 0.739], [1, 0]]
[[0.457, 13.893, 10.869, 0.73], [0.447, 14.845, 10.488, 0.754], [0, 1]]
[[0.417, 14.217, 10.652, 0.716], [0.437, 14.5, 8.273, 0.704], [0, 1]]
[[0.437, 13.862, 9.69, 0.701], [0.415, 13.481, 12.519, 0.728], [1, 0]]
[[0.474, 14.83, 8.319, 0.723], [0.455, 12.729, 9.667, 0.752], [1, 0]]
[[0.455, 13.0, 10.713, 0.745], [0.455, 14.062, 10.725, 0.762], [0, 1]]
[[0.455, 15.269, 12.712, 0.695], [0.463, 14.019, 9.094, 0.738], [1, 0]]
[[0.433, 14.453, 10.747, 0.774], [0.432, 13.158, 11.474, 0.73], [0, 1]]
[[0.437, 14.567, 10.867, 0.774], [0.441, 13.05, 10.4, 0.739], [1, 0]]
[[0.369, 13.0, 10.7, 0.727], [0.404, 13.9, 10.8, 0.665], [0, 1]]
[[0.439, 14.25, 9.55, 0.74], [0.416, 14.921, 12.053, 0.73], [0, 1]]
[[0.433, 14.151, 11.906, 0.728], [0.443, 14.377, 11.774, 0.761], [0, 1]]
[[0.416, 14.865, 11.892, 0.726], [0.438, 14.784, 10.459, 0.716], [0, 1]]
[[0.458, 14.079, 9.066, 0.758], [0.454, 14.208, 12.948, 0.694], [1, 0]]
[[0.442, 13.807, 9.368, 0.745], [0.426, 13.054, 11.661, 0.726], [0, 1]]
[[0.453, 14.26, 10.836, 0.758], [0.45, 14.178, 11.219, 0.745], [1, 0]]
[[0.3, 11.0, 7.667, 0.466], [0.252, 11.333, 8.0, 0.574], [1, 0]]
[[0.454, 13.607, 10.768, 0.721], [0.447, 12.37, 11.519, 0.777], [1, 0]]
[[0.401, 13.455, 10.091, 0.732], [0.382, 15.333, 10.444, 0.712], [0, 1]]
[[0.447, 12.636, 9.818, 0.757], [0.428, 12.391, 9.261, 0.723], [1, 0]]
[[0.348, 9.75, 6.0, 0.489], [0.332, 8.25, 9.5, 0.548], [0, 1]]
[[0.447, 13.91, 11.134, 0.715], [0.463, 14.045, 9.409, 0.751], [0, 1]]
[[0.435, 14.411, 10.726, 0.775], [0.472, 14.535, 8.775, 0.747], [1, 0]]
[[0.456, 14.574, 12.706, 0.702], [0.439, 14.261, 11.435, 0.734], [0, 1]]
[[0.435, 16.548, 11.714, 0.706], [0.444, 14.756, 10.317, 0.719], [0, 1]]
[[0.453, 14.562, 11.781, 0.723], [0.448, 12.797, 11.812, 0.784], [1, 0]]
[[0.341, 12.714, 10.571, 0.66], [0.408, 15.571, 9.857, 0.61], [0, 1]]
[[0.447, 13.343, 9.229, 0.745], [0.444, 14.444, 9.722, 0.756], [1, 0]]
[[0.409, 14.5, 10.8, 0.685], [0.378, 11.222, 9.667, 0.608], [0, 1]]
[[0.446, 13.549, 11.155, 0.737], [0.45, 14.155, 11.197, 0.744], [0, 1]]
[[0.457, 14.108, 9.189, 0.758], [0.454, 14.541, 11.689, 0.727], [1, 0]]
[[0.438, 13.591, 9.545, 0.686], [0.397, 13.524, 11.905, 0.728], [0, 1]]
[[0.419, 14.5, 10.731, 0.724], [0.437, 12.923, 9.346, 0.766], [0, 1]]
[[0.462, 13.925, 10.887, 0.772], [0.447, 13.228, 10.203, 0.736], [1, 0]]
[[0.438, 13.848, 10.152, 0.71], [0.427, 13.941, 11.176, 0.736], [1, 0]]
[[0.436, 14.216, 9.676, 0.737], [0.454, 13.886, 10.571, 0.738], [0, 1]]
[[0.434, 13.769, 9.615, 0.694], [0.432, 15.391, 10.087, 0.715], [1, 0]]
[[0.438, 13.643, 10.738, 0.736], [0.429, 13.825, 11.45, 0.769], [1, 0]]
[[0.438, 13.905, 11.048, 0.746], [0.453, 14.05, 10.75, 0.741], [1, 0]]
[[0.382, 14.769, 12.0, 0.691], [0.447, 13.875, 9.375, 0.667], [0, 1]]
[[0.428, 12.962, 11.509, 0.726], [0.451, 13.792, 11.094, 0.748], [1, 0]]
[[0.406, 14.375, 9.812, 0.708], [0.402, 13.833, 9.833, 0.68], [0, 1]]
[[0.428, 15.917, 10.5, 0.657], [0.421, 12.727, 9.091, 0.713], [0, 1]]
[[0.453, 14.071, 9.286, 0.758], [0.455, 13.07, 10.901, 0.744], [0, 1]]
[[0.402, 13.231, 11.538, 0.713], [0.426, 15.929, 10.929, 0.655], [1, 0]]
[[0.388, 14.0, 6.429, 0.581], [0.381, 15.143, 9.0, 0.585], [1, 0]]
[[0.417, 15.579, 11.053, 0.68], [0.431, 13.611, 10.389, 0.732], [1, 0]]
[[0.436, 13.855, 11.055, 0.736], [0.433, 14.111, 11.907, 0.729], [0, 1]]
[[0.456, 13.971, 10.897, 0.721], [0.443, 13.224, 10.463, 0.74], [1, 0]]
[[0.417, 13.432, 11.811, 0.729], [0.436, 13.718, 10.744, 0.739], [1, 0]]
[[0.411, 13.692, 9.385, 0.644], [0.419, 14.0, 12.0, 0.612], [1, 0]]
[[0.426, 14.121, 11.697, 0.749], [0.451, 14.561, 11.833, 0.723], [1, 0]]
[[0.381, 13.444, 9.111, 0.595], [0.384, 14.75, 10.5, 0.61], [0, 1]]
[[0.44, 16.3, 11.533, 0.695], [0.436, 14.467, 11.667, 0.746], [0, 1]]
[[0.452, 14.694, 9.625, 0.763], [0.445, 12.676, 11.77, 0.785], [0, 1]]
[[0.438, 13.838, 10.985, 0.754], [0.453, 13.119, 10.985, 0.744], [0, 1]]
[[0.454, 14.779, 10.169, 0.749], [0.456, 12.654, 10.282, 0.749], [1, 0]]
[[0.391, 12.625, 8.75, 0.706], [0.397, 14.375, 9.25, 0.678], [0, 1]]
[[0.437, 16.316, 11.105, 0.677], [0.442, 14.833, 11.333, 0.646], [0, 1]]
[[0.194, 8.5, 6.5, 0.3], [0.239, 10.0, 5.0, 0.344], [0, 1]]
[[0.456, 14.132, 9.074, 0.756], [0.437, 13.817, 11.113, 0.757], [1, 0]]
[[0.431, 13.769, 11.897, 0.727], [0.438, 15.854, 10.244, 0.73], [1, 0]]
[[0.453, 12.889, 10.127, 0.757], [0.447, 13.803, 11.902, 0.745], [1, 0]]
[[0.44, 14.262, 9.452, 0.741], [0.432, 13.93, 10.558, 0.737], [1, 0]]
[[0.394, 14.0, 10.444, 0.687], [0.42, 16.5, 9.5, 0.63], [0, 1]]
[[0.464, 14.086, 9.469, 0.755], [0.451, 14.312, 11.475, 0.761], [1, 0]]
[[0.451, 12.578, 10.906, 0.755], [0.448, 12.723, 11.877, 0.784], [1, 0]]
[[0.437, 15.227, 9.273, 0.716], [0.437, 12.238, 10.619, 0.744], [0, 1]]
[[0.416, 12.939, 10.182, 0.706], [0.427, 13.914, 11.143, 0.737], [0, 1]]
[[0.454, 14.312, 6.75, 0.702], [0.394, 13.75, 11.0, 0.752], [1, 0]]
[[0.462, 13.955, 10.567, 0.781], [0.442, 13.258, 10.53, 0.741], [1, 0]]
[[0.437, 14.244, 10.72, 0.774], [0.454, 14.0, 10.691, 0.764], [1, 0]]
[[0.391, 13.333, 8.333, 0.682], [0.403, 14.3, 10.2, 0.679], [1, 0]]
[[0.235, 9.0, 7.0, 0.305], [0.228, 11.0, 5.0, 0.334], [0, 1]]
[[0.473, 14.424, 8.506, 0.748], [0.435, 11.929, 9.541, 0.733], [1, 0]]
[[0.45, 13.985, 11.169, 0.716], [0.453, 14.203, 10.969, 0.752], [1, 0]]
[[0.446, 13.575, 9.3, 0.748], [0.443, 12.81, 9.595, 0.752], [1, 0]]
[[0.429, 12.857, 10.238, 0.714], [0.414, 14.0, 10.238, 0.717], [1, 0]]
[[0.365, 14.0, 10.571, 0.674], [0.381, 12.714, 10.143, 0.657], [1, 0]]
[[0.402, 13.75, 9.5, 0.614], [0.415, 12.4, 8.7, 0.725], [0, 1]]
[[0.452, 14.492, 9.698, 0.756], [0.441, 13.262, 10.615, 0.739], [1, 0]]
[[0.455, 12.927, 10.671, 0.746], [0.454, 14.024, 10.695, 0.765], [1, 0]]
[[0.419, 14.95, 11.9, 0.737], [0.435, 16.634, 11.805, 0.707], [1, 0]]
[[0.437, 14.403, 10.896, 0.775], [0.456, 14.612, 12.716, 0.702], [1, 0]]
[[0.453, 14.632, 11.75, 0.723], [0.443, 13.232, 10.478, 0.74], [1, 0]]
[[0.457, 13.975, 10.911, 0.729], [0.451, 13.897, 11.013, 0.732], [1, 0]]
[[0.419, 14.5, 10.889, 0.746], [0.423, 12.312, 10.562, 0.745], [0, 1]]
[[0.435, 13.946, 10.714, 0.745], [0.443, 14.444, 11.741, 0.759], [0, 1]]
[[0.442, 13.235, 11.222, 0.771], [0.453, 14.122, 13.061, 0.697], [1, 0]]
[[0.438, 13.438, 11.438, 0.765], [0.456, 14.667, 12.788, 0.702], [1, 0]]
[[0.439, 13.456, 11.529, 0.77], [0.454, 13.103, 10.897, 0.744], [1, 0]]
[[0.356, 12.0, 7.6, 0.608], [0.341, 16.0, 12.0, 0.56], [1, 0]]
[[0.428, 12.935, 11.758, 0.729], [0.449, 12.458, 10.983, 0.751], [0, 1]]
[[0.452, 13.92, 10.96, 0.728], [0.446, 12.649, 11.675, 0.786], [0, 1]]
[[0.452, 13.136, 10.97, 0.742], [0.447, 12.672, 11.851, 0.784], [0, 1]]
[[0.434, 14.2, 10.2, 0.739], [0.441, 13.771, 10.571, 0.743], [0, 1]]
[[0.457, 14.48, 7.8, 0.708], [0.431, 14.143, 11.214, 0.715], [1, 0]]
[[0.43, 13.952, 11.476, 0.766], [0.455, 14.2, 10.822, 0.773], [1, 0]]
[[0.431, 13.101, 11.43, 0.732], [0.434, 11.987, 9.564, 0.735], [0, 1]]
[[0.441, 14.333, 9.917, 0.661], [0.411, 11.917, 9.5, 0.738], [0, 1]]
[[0.442, 15.429, 10.0, 0.729], [0.408, 15.933, 11.467, 0.677], [1, 0]]
[[0.453, 14.593, 9.797, 0.751], [0.449, 14.517, 11.6, 0.758], [0, 1]]
[[0.465, 14.594, 7.844, 0.718], [0.42, 13.645, 11.968, 0.722], [1, 0]]
[[0.448, 13.476, 9.119, 0.752], [0.455, 14.217, 10.913, 0.775], [1, 0]]
[[0.411, 13.077, 11.769, 0.74], [0.418, 14.407, 11.0, 0.731], [1, 0]]
[[0.453, 14.425, 11.793, 0.735], [0.447, 12.644, 11.851, 0.783], [0, 1]]
[[0.451, 14.71, 10.203, 0.742], [0.449, 12.7, 11.814, 0.783], [0, 1]]
[[0.426, 15.571, 9.952, 0.714], [0.412, 13.0, 12.455, 0.709], [0, 1]]
[[0.326, 14.333, 9.333, 0.447], [0.343, 11.0, 7.667, 0.481], [1, 0]]
[[0.436, 15.0, 10.862, 0.719], [0.447, 14.794, 11.735, 0.691], [1, 0]]
[[0.467, 14.697, 7.788, 0.722], [0.436, 15.914, 10.2, 0.717], [0, 1]]
[[0.423, 13.875, 11.3, 0.741], [0.448, 14.233, 11.628, 0.707], [0, 1]]
[[0.462, 13.776, 10.894, 0.774], [0.464, 13.976, 9.388, 0.754], [1, 0]]
[[0.422, 13.045, 11.773, 0.725], [0.423, 13.86, 11.209, 0.736], [1, 0]]
[[0.446, 13.589, 11.607, 0.745], [0.439, 13.179, 10.446, 0.742], [1, 0]]
[[0.443, 16.656, 11.766, 0.725], [0.454, 12.758, 10.076, 0.756], [0, 1]]
[[0.441, 16.172, 11.414, 0.694], [0.421, 14.357, 10.929, 0.738], [0, 1]]
[[0.412, 15.086, 12.0, 0.727], [0.423, 14.0, 11.111, 0.751], [1, 0]]
[[0.437, 14.154, 9.59, 0.738], [0.455, 14.325, 10.55, 0.772], [0, 1]]
[[0.428, 14.833, 10.583, 0.771], [0.444, 14.324, 9.622, 0.759], [0, 1]]
[[0.209, 7.0, 5.5, 0.267], [0.263, 7.5, 2.0, 0.312], [0, 1]]
[[0.435, 14.545, 10.582, 0.774], [0.446, 13.691, 11.727, 0.745], [0, 1]]
[[0.435, 14.5, 10.661, 0.772], [0.436, 13.768, 11.036, 0.736], [1, 0]]
[[0.432, 13.806, 10.387, 0.715], [0.428, 13.788, 11.273, 0.731], [0, 1]]
[[0.47, 14.682, 8.295, 0.719], [0.437, 13.614, 10.977, 0.732], [1, 0]]
[[0.435, 14.31, 11.552, 0.745], [0.436, 16.188, 10.5, 0.712], [0, 1]]
[[0.472, 14.961, 8.549, 0.73], [0.444, 14.365, 11.712, 0.761], [1, 0]]
[[0.444, 13.58, 9.652, 0.751], [0.443, 14.971, 10.643, 0.744], [0, 1]]
[[0.243, 8.5, 2.5, 0.386], [0.285, 10.0, 3.5, 0.396], [0, 1]]
[[0.439, 12.731, 11.5, 0.724], [0.437, 12.759, 12.172, 0.778], [0, 1]]
[[0.469, 15.037, 8.87, 0.735], [0.447, 14.018, 10.982, 0.748], [1, 0]]
[[0.465, 14.429, 7.857, 0.71], [0.449, 14.138, 9.379, 0.744], [1, 0]]
[[0.454, 13.145, 10.855, 0.744], [0.452, 14.5, 9.632, 0.76], [1, 0]]
[[0.421, 14.767, 11.953, 0.737], [0.445, 13.543, 10.717, 0.721], [0, 1]]
[[0.427, 13.925, 11.425, 0.758], [0.453, 14.185, 13.123, 0.695], [1, 0]]
[[0.421, 14.32, 10.92, 0.757], [0.443, 14.444, 11.815, 0.681], [0, 1]]
[[0.445, 13.588, 11.221, 0.736], [0.431, 12.088, 9.397, 0.729], [0, 1]]
[[0.406, 13.143, 8.714, 0.674], [0.386, 15.375, 9.0, 0.579], [1, 0]]
[[0.456, 13.833, 10.847, 0.724], [0.447, 13.5, 11.153, 0.736], [1, 0]]
[[0.436, 13.703, 11.0, 0.719], [0.45, 14.243, 11.405, 0.691], [0, 1]]
[[0.457, 14.143, 9.0, 0.762], [0.443, 13.333, 11.119, 0.768], [1, 0]]
[[0.429, 13.03, 11.612, 0.727], [0.443, 15.0, 10.706, 0.742], [1, 0]]
[[0.428, 13.655, 11.31, 0.755], [0.455, 14.563, 10.207, 0.748], [0, 1]]
[[0.422, 14.5, 11.879, 0.752], [0.441, 15.085, 10.864, 0.734], [1, 0]]
[[0.444, 13.612, 9.672, 0.748], [0.438, 14.277, 11.462, 0.734], [0, 1]]
[[0.445, 13.667, 10.511, 0.719], [0.427, 12.422, 9.333, 0.72], [0, 1]]
[[0.444, 16.567, 11.8, 0.726], [0.45, 14.967, 9.983, 0.733], [0, 1]]
[[0.437, 13.756, 10.854, 0.731], [0.434, 14.024, 10.452, 0.732], [1, 0]]
[[0.443, 14.113, 9.377, 0.751], [0.444, 13.962, 11.151, 0.743], [1, 0]]
[[0.424, 15.615, 11.077, 0.649], [0.425, 15.417, 10.0, 0.718], [0, 1]]
[[0.418, 13.275, 11.725, 0.722], [0.445, 12.282, 11.949, 0.774], [0, 1]]
[[0.448, 13.882, 11.103, 0.717], [0.465, 13.985, 9.368, 0.751], [0, 1]]
[[0.442, 14.295, 9.341, 0.744], [0.451, 14.405, 9.524, 0.761], [0, 1]]
[[0.436, 14.426, 10.611, 0.775], [0.45, 14.887, 9.755, 0.75], [1, 0]]
[[0.373, 12.667, 8.167, 0.678], [0.396, 14.75, 11.0, 0.706], [0, 1]]
[[0.415, 14.308, 10.154, 0.69], [0.407, 16.062, 11.125, 0.663], [1, 0]]
[[0.451, 14.607, 11.893, 0.718], [0.443, 15.286, 10.786, 0.733], [0, 1]]
[[0.409, 15.2, 9.8, 0.668], [0.386, 13.625, 8.75, 0.705], [1, 0]]
[[0.408, 14.88, 12.08, 0.717], [0.451, 15.185, 11.556, 0.684], [0, 1]]
[[0.392, 14.5, 11.875, 0.697], [0.397, 13.667, 11.0, 0.739], [0, 1]]
[[0.354, 12.0, 7.6, 0.619], [0.345, 13.4, 9.4, 0.625], [0, 1]]
[[0.421, 13.949, 11.256, 0.742], [0.447, 12.359, 11.359, 0.722], [0, 1]]
[[0.466, 14.561, 8.244, 0.721], [0.424, 12.465, 9.558, 0.721], [1, 0]]
[[0.462, 13.877, 10.852, 0.772], [0.464, 14.037, 9.463, 0.753], [0, 1]]
[[0.438, 16.511, 11.6, 0.708], [0.44, 13.891, 11.239, 0.741], [0, 1]]
[[0.434, 14.256, 10.756, 0.774], [0.441, 13.416, 11.169, 0.769], [0, 1]]
[[0.443, 13.757, 9.905, 0.752], [0.435, 11.959, 9.608, 0.733], [1, 0]]
[[0.418, 12.0, 9.235, 0.739], [0.437, 13.941, 10.706, 0.705], [0, 1]]
[[0.429, 12.984, 11.688, 0.73], [0.43, 12.079, 9.254, 0.731], [0, 1]]
[[0.334, 12.75, 8.75, 0.499], [0.329, 10.75, 7.0, 0.56], [1, 0]]
[[0.449, 12.898, 11.306, 0.741], [0.451, 14.714, 9.898, 0.759], [1, 0]]
[[0.445, 14.959, 10.204, 0.73], [0.464, 14.08, 8.86, 0.737], [0, 1]]
[[0.448, 14.0, 9.25, 0.744], [0.425, 14.033, 11.467, 0.726], [1, 0]]
[[0.426, 13.438, 10.0, 0.711], [0.432, 15.737, 9.421, 0.676], [0, 1]]
[[0.434, 14.087, 10.761, 0.74], [0.441, 13.867, 11.067, 0.742], [0, 1]]
[[0.436, 14.149, 10.621, 0.776], [0.453, 14.644, 9.494, 0.749], [1, 0]]
[[0.462, 14.068, 10.616, 0.783], [0.453, 14.264, 10.944, 0.758], [1, 0]]
[[0.454, 14.23, 10.784, 0.76], [0.444, 13.307, 10.44, 0.738], [1, 0]]
[[0.362, 12.0, 8.5, 0.697], [0.394, 11.667, 9.833, 0.651], [0, 1]]
[[0.468, 14.583, 7.917, 0.723], [0.443, 13.147, 11.853, 0.728], [1, 0]]
[[0.403, 12.7, 9.0, 0.718], [0.386, 16.0, 12.6, 0.656], [0, 1]]
[[0.414, 14.467, 10.467, 0.741], [0.413, 13.882, 12.059, 0.707], [1, 0]]
[[0.45, 12.675, 11.117, 0.748], [0.443, 14.558, 11.377, 0.733], [1, 0]]
[[0.447, 13.5, 9.45, 0.679], [0.432, 14.381, 8.333, 0.738], [0, 1]]
[[0.434, 13.037, 11.39, 0.732], [0.44, 13.827, 11.025, 0.764], [0, 1]]
[[0.427, 12.981, 11.442, 0.728], [0.446, 12.392, 11.137, 0.742], [1, 0]]
[[0.389, 14.857, 10.857, 0.599], [0.373, 13.857, 9.571, 0.648], [0, 1]]
[[0.464, 14.481, 7.667, 0.712], [0.442, 13.962, 10.077, 0.735], [1, 0]]
[[0.412, 15.167, 12.0, 0.637], [0.398, 12.4, 11.3, 0.668], [1, 0]]
[[0.453, 14.488, 11.655, 0.732], [0.447, 12.679, 11.821, 0.783], [0, 1]]
[[0.427, 12.2, 9.217, 0.73], [0.45, 14.131, 10.934, 0.75], [0, 1]]
[[0.428, 15.818, 10.545, 0.652], [0.41, 12.8, 7.2, 0.695], [0, 1]]
[[0.473, 14.766, 8.734, 0.746], [0.439, 14.288, 11.424, 0.735], [0, 1]]
[[0.452, 14.743, 10.189, 0.745], [0.451, 14.658, 9.63, 0.762], [1, 0]]
[[0.416, 12.0, 9.143, 0.722], [0.419, 12.5, 11.438, 0.74], [0, 1]]
[[0.444, 14.5, 10.577, 0.774], [0.445, 12.577, 10.846, 0.742], [1, 0]]
[[0.455, 14.143, 10.675, 0.763], [0.451, 14.436, 11.526, 0.76], [0, 1]]
[[0.443, 13.722, 9.694, 0.753], [0.449, 13.957, 11.014, 0.719], [0, 1]]
[[0.407, 13.286, 11.643, 0.715], [0.407, 14.769, 10.385, 0.707], [1, 0]]
[[0.443, 14.375, 9.312, 0.736], [0.434, 15.941, 10.353, 0.714], [0, 1]]
[[0.473, 14.393, 8.56, 0.748], [0.435, 11.917, 9.476, 0.733], [1, 0]]
[[0.396, 15.333, 9.5, 0.582], [0.363, 13.2, 9.8, 0.538], [0, 1]]
[[0.408, 14.5, 10.5, 0.737], [0.4, 13.647, 9.471, 0.684], [1, 0]]
[[0.444, 13.619, 9.524, 0.684], [0.435, 12.263, 10.368, 0.74], [1, 0]]
[[0.447, 14.875, 12.5, 0.696], [0.44, 13.595, 10.595, 0.736], [0, 1]]
[[0.409, 13.75, 10.125, 0.634], [0.393, 15.125, 11.75, 0.593], [1, 0]]
[[0.446, 13.722, 9.444, 0.67], [0.419, 12.733, 9.933, 0.701], [1, 0]]
[[0.443, 12.636, 10.5, 0.747], [0.43, 14.273, 10.864, 0.73], [0, 1]]
[[0.442, 14.163, 9.367, 0.746], [0.431, 13.957, 11.0, 0.737], [1, 0]]
[[0.454, 13.938, 11.037, 0.732], [0.446, 14.7, 10.5, 0.754], [0, 1]]
[[0.455, 15.019, 12.574, 0.693], [0.426, 12.109, 9.418, 0.725], [0, 1]]
[[0.434, 15.357, 9.643, 0.674], [0.417, 14.071, 9.643, 0.709], [0, 1]]
[[0.358, 13.0, 9.5, 0.515], [0.31, 11.0, 6.0, 0.569], [1, 0]]
[[0.453, 12.58, 9.74, 0.749], [0.446, 12.22, 11.46, 0.773], [0, 1]]
[[0.44, 16.653, 11.735, 0.712], [0.452, 15.043, 12.66, 0.691], [0, 1]]
[[0.419, 13.452, 11.968, 0.743], [0.436, 16.152, 10.394, 0.717], [0, 1]]
[[0.455, 13.026, 10.808, 0.745], [0.446, 12.696, 11.722, 0.785], [0, 1]]
[[0.356, 14.8, 9.8, 0.608], [0.365, 12.6, 8.0, 0.611], [0, 1]]
[[0.418, 13.276, 10.31, 0.702], [0.424, 13.806, 11.484, 0.727], [0, 1]]
[[0.436, 13.656, 10.719, 0.743], [0.439, 12.182, 11.879, 0.775], [0, 1]]
[[0.382, 13.5, 11.714, 0.749], [0.436, 13.154, 9.231, 0.698], [0, 1]]
[[0.347, 11.0, 8.2, 0.516], [0.346, 10.75, 4.5, 0.562], [1, 0]]
[[0.425, 14.826, 11.13, 0.704], [0.428, 13.579, 10.105, 0.719], [0, 1]]
[[0.404, 13.65, 9.65, 0.693], [0.443, 14.35, 10.0, 0.759], [0, 1]]
[[0.445, 13.667, 11.852, 0.748], [0.434, 14.192, 11.808, 0.728], [1, 0]]
[[0.23, 11.5, 2.5, 0.416], [0.455, 14.723, 9.518, 0.751], [0, 1]]
[[0.403, 14.611, 12.167, 0.698], [0.455, 14.35, 7.05, 0.699], [1, 0]]
[[0.443, 13.606, 9.636, 0.75], [0.443, 13.781, 11.172, 0.735], [0, 1]]
[[0.447, 13.863, 9.95, 0.749], [0.453, 14.7, 10.137, 0.749], [0, 1]]
[[0.43, 13.846, 10.115, 0.735], [0.428, 12.087, 9.435, 0.758], [1, 0]]
[[0.454, 13.975, 11.099, 0.733], [0.452, 12.778, 11.062, 0.747], [0, 1]]
[[0.443, 14.852, 8.444, 0.706], [0.435, 16.107, 10.25, 0.706], [1, 0]]
[[0.428, 12.667, 9.5, 0.704], [0.402, 15.857, 11.643, 0.678], [1, 0]]
[[0.41, 14.588, 10.706, 0.741], [0.42, 15.235, 10.118, 0.719], [1, 0]]
[[0.436, 14.132, 9.632, 0.736], [0.43, 13.892, 11.973, 0.726], [0, 1]]
[[0.434, 14.538, 10.513, 0.77], [0.443, 12.825, 9.675, 0.75], [1, 0]]
[[0.434, 14.0, 11.167, 0.737], [0.433, 15.962, 9.885, 0.698], [1, 0]]
[[0.434, 14.32, 11.4, 0.722], [0.445, 12.417, 10.667, 0.744], [1, 0]]
[[0.422, 14.475, 11.898, 0.751], [0.463, 13.951, 10.492, 0.782], [1, 0]]
[[0.405, 14.889, 10.111, 0.642], [0.413, 14.444, 10.889, 0.681], [0, 1]]
[[0.455, 12.963, 10.679, 0.746], [0.454, 14.63, 11.58, 0.732], [0, 1]]
[[0.471, 14.468, 8.87, 0.744], [0.455, 12.62, 10.342, 0.749], [1, 0]]
[[0.425, 12.327, 9.327, 0.731], [0.462, 14.077, 8.923, 0.739], [0, 1]]
[[0.445, 16.671, 11.571, 0.722], [0.454, 12.671, 10.271, 0.754], [0, 1]]
[[0.391, 12.4, 9.4, 0.583], [0.372, 14.0, 11.0, 0.549], [1, 0]]
[[0.452, 12.847, 11.085, 0.736], [0.447, 14.508, 11.678, 0.757], [0, 1]]
[[0.435, 14.352, 10.873, 0.774], [0.449, 12.814, 10.986, 0.752], [0, 1]]
[[0.442, 13.678, 9.322, 0.747], [0.436, 13.579, 11.439, 0.771], [0, 1]]
[[0.432, 14.697, 10.303, 0.762], [0.443, 13.061, 11.848, 0.727], [1, 0]]
[[0.421, 14.727, 11.773, 0.737], [0.428, 12.447, 9.298, 0.723], [1, 0]]
[[0.429, 13.9, 11.18, 0.741], [0.437, 13.812, 11.667, 0.732], [0, 1]]
[[0.439, 14.812, 10.781, 0.731], [0.437, 15.973, 10.243, 0.724], [0, 1]]
[[0.425, 14.042, 11.549, 0.751], [0.444, 16.577, 11.676, 0.725], [1, 0]]
[[0.429, 12.952, 10.19, 0.689], [0.426, 13.7, 10.95, 0.744], [0, 1]]
[[0.431, 14.452, 10.29, 0.766], [0.417, 13.438, 11.969, 0.743], [1, 0]]
[[0.426, 14.286, 10.714, 0.741], [0.413, 14.167, 9.778, 0.711], [1, 0]]
[[0.463, 13.937, 10.587, 0.784], [0.435, 14.246, 11.59, 0.733], [0, 1]]
[[0.423, 14.459, 11.885, 0.749], [0.45, 14.305, 9.373, 0.755], [0, 1]]
[[0.455, 13.987, 10.947, 0.727], [0.454, 14.135, 11.622, 0.749], [1, 0]]
[[0.452, 14.189, 9.264, 0.755], [0.438, 13.259, 10.389, 0.737], [1, 0]]
[[0.453, 14.216, 10.405, 0.766], [0.458, 14.081, 9.108, 0.724], [0, 1]]
[[0.323, 11.0, 7.75, 0.51], [0.297, 9.0, 4.0, 0.444], [0, 1]]
[[0.454, 14.684, 10.139, 0.749], [0.433, 11.987, 9.557, 0.737], [0, 1]]
[[0.425, 14.154, 12.0, 0.635], [0.418, 14.429, 8.571, 0.698], [0, 1]]
[[0.432, 14.067, 10.733, 0.739], [0.444, 14.833, 10.19, 0.719], [1, 0]]
[[0.455, 13.949, 10.949, 0.73], [0.464, 14.026, 10.675, 0.778], [0, 1]]
[[0.452, 14.967, 11.433, 0.679], [0.45, 14.276, 10.621, 0.77], [0, 1]]
[[0.451, 14.483, 9.767, 0.752], [0.449, 12.581, 11.613, 0.786], [0, 1]]
[[0.455, 14.4, 12.813, 0.695], [0.448, 13.52, 11.253, 0.737], [1, 0]]
[[0.429, 12.97, 11.712, 0.728], [0.452, 14.662, 11.554, 0.76], [1, 0]]
[[0.426, 13.92, 11.493, 0.756], [0.439, 13.84, 11.013, 0.761], [1, 0]]
[[0.285, 10.0, 3.5, 0.396], [0.263, 7.5, 2.0, 0.312], [0, 1]]
[[0.439, 13.667, 10.694, 0.745], [0.433, 13.868, 10.816, 0.737], [0, 1]]
[[0.433, 14.571, 10.653, 0.771], [0.451, 14.833, 9.958, 0.76], [1, 0]]
[[0.45, 14.774, 11.516, 0.683], [0.448, 14.533, 8.667, 0.704], [1, 0]]
[[0.454, 12.797, 10.094, 0.755], [0.44, 13.143, 10.571, 0.738], [1, 0]]
[[0.447, 13.083, 11.861, 0.723], [0.453, 14.316, 10.526, 0.766], [0, 1]]
[[0.431, 14.259, 11.0, 0.757], [0.445, 14.69, 8.586, 0.711], [0, 1]]
[[0.429, 13.744, 11.279, 0.754], [0.455, 14.547, 10.174, 0.746], [1, 0]]
[[0.398, 13.579, 11.474, 0.742], [0.412, 13.0, 11.737, 0.708], [1, 0]]
[[0.428, 13.846, 11.41, 0.768], [0.444, 13.975, 12.35, 0.742], [1, 0]]
[[0.38, 12.0, 6.833, 0.647], [0.357, 10.6, 9.0, 0.595], [0, 1]]
[[0.453, 15.196, 12.804, 0.692], [0.437, 14.12, 11.7, 0.728], [1, 0]]
[[0.443, 13.596, 12.128, 0.743], [0.446, 12.326, 11.152, 0.734], [0, 1]]
[[0.436, 14.16, 10.728, 0.774], [0.473, 14.5, 8.725, 0.745], [0, 1]]
[[0.454, 12.592, 10.276, 0.751], [0.445, 13.25, 10.342, 0.738], [1, 0]]
[[0.437, 13.875, 10.25, 0.708], [0.437, 12.5, 12.167, 0.769], [0, 1]]
[[0.42, 14.692, 11.75, 0.741], [0.451, 14.745, 9.745, 0.751], [1, 0]]
[[0.454, 14.909, 12.473, 0.693], [0.428, 12.161, 9.393, 0.726], [0, 1]]
[[0.313, 13.333, 9.0, 0.431], [0.317, 11.333, 7.667, 0.531], [1, 0]]
[[0.425, 13.841, 11.045, 0.736], [0.452, 14.682, 9.727, 0.753], [0, 1]]
[[0.447, 12.517, 10.983, 0.752], [0.45, 14.117, 10.933, 0.748], [0, 1]]
[[0.414, 14.409, 10.818, 0.765], [0.434, 14.35, 10.9, 0.725], [0, 1]]
[[0.448, 13.412, 9.059, 0.747], [0.414, 13.382, 11.912, 0.737], [1, 0]]
[[0.44, 13.179, 11.786, 0.722], [0.415, 13.655, 12.414, 0.722], [1, 0]]
[[0.426, 13.987, 11.462, 0.753], [0.454, 14.718, 10.179, 0.75], [1, 0]]
[[0.455, 14.116, 9.203, 0.756], [0.461, 13.986, 10.597, 0.783], [1, 0]]
[[0.451, 13.986, 10.972, 0.721], [0.456, 12.708, 10.139, 0.754], [1, 0]]
[[0.442, 12.758, 10.0, 0.763], [0.45, 14.389, 11.278, 0.695], [0, 1]]
[[0.461, 13.956, 10.559, 0.78], [0.454, 14.284, 10.91, 0.756], [1, 0]]
[[0.449, 14.255, 11.745, 0.709], [0.447, 12.233, 11.14, 0.724], [0, 1]]
[[0.424, 12.98, 11.592, 0.73], [0.462, 14.3, 10.78, 0.779], [0, 1]]
[[0.435, 16.421, 11.816, 0.708], [0.443, 12.811, 9.703, 0.748], [0, 1]]
[[0.437, 13.906, 12.375, 0.726], [0.451, 14.5, 10.469, 0.778], [0, 1]]
[[0.396, 12.333, 9.111, 0.725], [0.403, 15.091, 12.0, 0.631], [0, 1]]
[[0.422, 14.543, 11.674, 0.74], [0.465, 14.064, 8.851, 0.736], [1, 0]]
[[0.472, 14.94, 8.6, 0.727], [0.437, 13.392, 10.569, 0.738], [0, 1]]
[[0.434, 14.176, 10.147, 0.742], [0.442, 12.938, 12.062, 0.729], [0, 1]]
[[0.428, 14.55, 8.35, 0.741], [0.436, 14.526, 7.737, 0.681], [0, 1]]
[[0.468, 14.385, 8.077, 0.724], [0.441, 14.711, 10.368, 0.72], [0, 1]]
[[0.44, 13.866, 11.037, 0.764], [0.447, 16.207, 11.646, 0.723], [0, 1]]
[[0.453, 14.887, 9.903, 0.739], [0.44, 13.048, 10.548, 0.737], [1, 0]]
[[0.451, 12.792, 11.042, 0.751], [0.444, 13.233, 10.425, 0.737], [1, 0]]
[[0.436, 14.308, 9.923, 0.672], [0.42, 14.214, 11.143, 0.684], [1, 0]]
[[0.457, 14.011, 8.954, 0.762], [0.443, 13.483, 11.161, 0.768], [0, 1]]
[[0.427, 12.153, 9.339, 0.729], [0.461, 14.203, 9.169, 0.747], [0, 1]]
[[0.278, 7.0, 9.0, 0.476], [0.257, 5.667, 10.333, 0.432], [0, 1]]
[[0.293, 11.667, 8.333, 0.499], [0.214, 8.0, 3.0, 0.416], [1, 0]]
[[0.439, 14.25, 9.639, 0.735], [0.444, 12.27, 11.757, 0.776], [0, 1]]
[[0.203, 7.0, 5.5, 0.348], [0.447, 14.819, 10.422, 0.755], [0, 1]]
[[0.43, 13.878, 11.02, 0.742], [0.454, 12.653, 9.633, 0.75], [1, 0]]
[[0.457, 14.646, 12.754, 0.701], [0.452, 14.077, 11.108, 0.745], [1, 0]]
[[0.439, 13.593, 11.204, 0.722], [0.445, 13.946, 11.036, 0.748], [0, 1]]
[[0.443, 14.13, 9.333, 0.748], [0.433, 14.49, 10.667, 0.772], [1, 0]]
[[0.447, 13.591, 9.091, 0.756], [0.433, 13.778, 11.333, 0.771], [0, 1]]
[[0.438, 16.333, 10.952, 0.679], [0.407, 13.429, 9.762, 0.692], [0, 1]]
[[0.425, 13.778, 9.667, 0.631], [0.388, 14.444, 11.111, 0.641], [1, 0]]
[[0.427, 14.667, 11.125, 0.714], [0.436, 12.783, 11.739, 0.776], [0, 1]]
[[0.43, 14.321, 11.071, 0.752], [0.441, 12.9, 9.7, 0.765], [1, 0]]
[[0.436, 13.75, 9.643, 0.702], [0.439, 12.96, 11.28, 0.717], [1, 0]]
[[0.448, 13.886, 9.911, 0.749], [0.459, 14.038, 9.076, 0.757], [1, 0]]
[[0.434, 14.429, 9.321, 0.74], [0.443, 14.074, 10.111, 0.73], [0, 1]]
[[0.449, 13.073, 11.39, 0.734], [0.448, 12.244, 11.122, 0.726], [1, 0]]
[[0.437, 14.621, 10.862, 0.774], [0.437, 13.793, 11.017, 0.735], [1, 0]]
[[0.45, 14.421, 9.333, 0.755], [0.433, 14.224, 11.724, 0.731], [1, 0]]
[[0.45, 12.701, 11.31, 0.743], [0.453, 14.08, 10.874, 0.767], [0, 1]]
[[0.413, 14.571, 10.429, 0.712], [0.414, 12.308, 9.077, 0.711], [1, 0]]
[[0.445, 13.5, 10.938, 0.722], [0.428, 13.911, 11.044, 0.736], [1, 0]]
[[0.449, 13.545, 9.152, 0.744], [0.438, 13.879, 10.576, 0.746], [1, 0]]
[[0.437, 14.492, 10.852, 0.772], [0.44, 14.968, 10.952, 0.741], [0, 1]]
[[0.427, 12.245, 9.264, 0.733], [0.462, 14.056, 10.667, 0.782], [1, 0]]
[[0.453, 13.828, 10.922, 0.72], [0.449, 13.968, 11.317, 0.713], [1, 0]]
[[0.432, 14.31, 10.931, 0.752], [0.441, 12.935, 9.806, 0.767], [1, 0]]
[[0.426, 13.05, 10.4, 0.679], [0.429, 13.444, 10.0, 0.719], [1, 0]]
[[0.456, 13.065, 10.779, 0.745], [0.445, 13.299, 10.286, 0.739], [0, 1]]
[[0.453, 14.873, 10.016, 0.741], [0.442, 13.73, 11.159, 0.737], [1, 0]]
[[0.429, 12.984, 11.635, 0.73], [0.462, 14.033, 9.213, 0.748], [0, 1]]
[[0.465, 14.015, 9.328, 0.751], [0.443, 13.147, 10.5, 0.74], [1, 0]]
[[0.453, 13.629, 10.952, 0.723], [0.45, 12.967, 11.083, 0.739], [1, 0]]
[[0.417, 12.733, 11.533, 0.747], [0.429, 16.067, 9.267, 0.653], [1, 0]]
[[0.434, 13.773, 10.773, 0.751], [0.437, 15.92, 11.16, 0.69], [1, 0]]
[[0.461, 14.067, 6.4, 0.704], [0.416, 14.133, 9.933, 0.712], [1, 0]]
[[0.442, 16.635, 11.73, 0.725], [0.44, 13.234, 10.609, 0.737], [0, 1]]
[[0.45, 14.586, 11.845, 0.72], [0.453, 13.983, 10.81, 0.751], [1, 0]]
[[0.451, 13.048, 11.476, 0.732], [0.453, 14.049, 10.707, 0.739], [0, 1]]
[[0.446, 11.867, 11.267, 0.732], [0.417, 13.667, 12.2, 0.725], [1, 0]]
[[0.408, 13.833, 6.167, 0.637], [0.366, 12.4, 9.0, 0.571], [1, 0]]
[[0.414, 13.5, 10.0, 0.69], [0.427, 14.357, 11.714, 0.641], [0, 1]]
[[0.473, 14.469, 8.679, 0.746], [0.454, 14.728, 9.469, 0.753], [0, 1]]
[[0.436, 14.964, 10.607, 0.723], [0.446, 14.788, 11.818, 0.688], [1, 0]]
[[0.446, 13.553, 10.809, 0.724], [0.432, 13.682, 11.364, 0.77], [1, 0]]
[[0.422, 14.027, 11.162, 0.748], [0.436, 13.711, 10.895, 0.748], [0, 1]]
[[0.422, 13.0, 10.526, 0.711], [0.414, 13.111, 11.556, 0.705], [0, 1]]
[[0.454, 12.727, 9.927, 0.751], [0.45, 12.833, 11.185, 0.737], [1, 0]]
[[0.464, 14.132, 10.658, 0.777], [0.445, 14.76, 10.64, 0.746], [0, 1]]
[[0.418, 14.952, 12.0, 0.739], [0.422, 13.07, 11.558, 0.727], [1, 0]]
[[0.381, 14.833, 12.083, 0.698], [0.416, 12.571, 11.429, 0.741], [0, 1]]
[[0.422, 13.632, 11.947, 0.716], [0.446, 14.632, 10.158, 0.752], [1, 0]]
[[0.435, 13.556, 10.519, 0.715], [0.431, 13.964, 12.071, 0.723], [1, 0]]
[[0.437, 16.615, 11.692, 0.704], [0.422, 12.439, 9.683, 0.723], [1, 0]]
[[0.429, 14.794, 10.471, 0.766], [0.413, 13.371, 11.857, 0.739], [1, 0]]
[[0.457, 13.864, 10.901, 0.729], [0.45, 13.938, 11.111, 0.744], [1, 0]]
[[0.448, 12.662, 11.824, 0.785], [0.443, 14.957, 10.725, 0.744], [0, 1]]
[[0.364, 12.2, 5.6, 0.64], [0.351, 12.2, 8.6, 0.662], [1, 0]]
[[0.436, 11.939, 9.463, 0.735], [0.454, 14.659, 9.5, 0.751], [1, 0]]
[[0.427, 14.118, 10.353, 0.701], [0.427, 13.529, 10.0, 0.722], [1, 0]]
[[0.438, 13.22, 11.28, 0.73], [0.426, 12.98, 11.48, 0.731], [1, 0]]
[[0.211, 9.0, 5.5, 0.392], [0.257, 9.0, 2.5, 0.38], [0, 1]]
[[0.433, 14.232, 11.875, 0.727], [0.451, 13.895, 10.877, 0.749], [0, 1]]
[[0.445, 13.54, 10.78, 0.718], [0.441, 15.542, 10.646, 0.732], [0, 1]]
[[0.237, 9.0, 7.0, 0.312], [0.203, 6.5, 5.5, 0.354], [1, 0]]
[[0.444, 14.884, 10.395, 0.719], [0.441, 14.372, 11.837, 0.747], [1, 0]]
[[0.45, 14.143, 11.143, 0.745], [0.445, 14.701, 10.649, 0.748], [0, 1]]
[[0.422, 14.474, 11.807, 0.751], [0.451, 14.649, 9.772, 0.749], [1, 0]]
[[0.433, 14.6, 10.711, 0.768], [0.438, 13.298, 11.128, 0.727], [1, 0]]
[[0.45, 14.5, 7.875, 0.704], [0.409, 13.458, 11.625, 0.738], [1, 0]]
[[0.474, 14.687, 8.716, 0.746], [0.437, 13.857, 11.1, 0.756], [0, 1]]
[[0.431, 13.929, 10.571, 0.719], [0.433, 16.103, 10.448, 0.707], [0, 1]]
[[0.201, 7.5, 4.5, 0.396], [0.208, 5.5, 8.0, 0.338], [0, 1]]
[[0.443, 14.319, 9.426, 0.743], [0.452, 15.022, 12.435, 0.693], [0, 1]]
[[0.451, 14.934, 9.934, 0.735], [0.45, 12.467, 10.933, 0.752], [0, 1]]
[[0.443, 13.537, 11.299, 0.736], [0.455, 12.706, 10.206, 0.756], [0, 1]]
[[0.412, 12.0, 8.909, 0.729], [0.408, 11.6, 9.1, 0.698], [1, 0]]
[[0.418, 14.706, 11.647, 0.746], [0.438, 13.481, 11.212, 0.726], [1, 0]]
[[0.439, 15.375, 9.125, 0.687], [0.431, 16.353, 11.471, 0.658], [1, 0]]
[[0.427, 14.026, 11.429, 0.756], [0.447, 13.532, 11.312, 0.741], [1, 0]]
[[0.457, 14.094, 9.024, 0.761], [0.443, 13.412, 11.212, 0.769], [0, 1]]
[[0.419, 13.143, 11.667, 0.726], [0.456, 14.227, 10.864, 0.775], [0, 1]]
[[0.439, 13.65, 10.65, 0.739], [0.431, 13.816, 11.974, 0.723], [1, 0]]
[[0.45, 13.988, 11.1, 0.743], [0.447, 12.762, 11.637, 0.785], [0, 1]]
[[0.443, 16.589, 11.712, 0.72], [0.455, 14.611, 11.708, 0.727], [0, 1]]
[[0.437, 13.806, 10.097, 0.703], [0.433, 16.032, 10.355, 0.712], [0, 1]]
[[0.441, 12.676, 9.912, 0.757], [0.452, 14.486, 10.571, 0.774], [1, 0]]
[[0.455, 14.154, 11.679, 0.749], [0.464, 14.063, 9.392, 0.753], [1, 0]]
[[0.426, 14.091, 11.818, 0.622], [0.415, 12.455, 8.818, 0.733], [1, 0]]
[[0.443, 13.646, 9.631, 0.748], [0.464, 14.063, 9.175, 0.75], [0, 1]]
[[0.444, 16.0, 9.579, 0.715], [0.44, 16.4, 10.95, 0.683], [0, 1]]
[[0.422, 14.283, 11.933, 0.75], [0.454, 12.82, 9.984, 0.754], [1, 0]]
[[0.374, 13.583, 10.833, 0.725], [0.397, 15.2, 10.6, 0.657], [1, 0]]
[[0.436, 14.266, 10.684, 0.774], [0.453, 14.675, 9.455, 0.76], [0, 1]]
[[0.358, 13.5, 10.375, 0.686], [0.413, 15.875, 10.375, 0.628], [1, 0]]
[[0.421, 14.698, 11.698, 0.743], [0.453, 14.115, 9.192, 0.752], [1, 0]]
[[0.458, 13.977, 10.885, 0.733], [0.449, 14.954, 10.506, 0.751], [0, 1]]
[[0.401, 14.154, 10.385, 0.693], [0.398, 13.4, 9.333, 0.667], [0, 1]]
[[0.409, 13.136, 9.636, 0.697], [0.431, 15.739, 9.783, 0.7], [1, 0]]
[[0.436, 13.559, 11.593, 0.771], [0.45, 14.847, 10.0, 0.733], [0, 1]]
[[0.456, 12.793, 9.845, 0.753], [0.462, 13.932, 10.627, 0.781], [0, 1]]
[[0.452, 12.738, 11.155, 0.743], [0.454, 14.036, 10.702, 0.765], [0, 1]]
[[0.426, 14.722, 8.222, 0.721], [0.442, 14.667, 9.944, 0.755], [1, 0]]
[[0.435, 14.619, 10.619, 0.771], [0.44, 14.214, 11.905, 0.746], [0, 1]]
[[0.424, 14.317, 11.81, 0.747], [0.449, 12.613, 10.935, 0.756], [0, 1]]
[[0.405, 13.455, 11.773, 0.728], [0.431, 12.333, 9.429, 0.747], [1, 0]]
[[0.441, 14.195, 9.415, 0.74], [0.423, 12.476, 9.595, 0.723], [0, 1]]
[[0.45, 14.222, 11.8, 0.708], [0.452, 14.024, 10.714, 0.736], [1, 0]]
[[0.44, 16.604, 11.708, 0.713], [0.451, 14.783, 9.913, 0.758], [0, 1]]
[[0.439, 13.912, 10.147, 0.706], [0.434, 14.645, 11.742, 0.746], [0, 1]]
[[0.398, 13.583, 10.583, 0.74], [0.412, 12.583, 8.917, 0.737], [1, 0]]
[[0.435, 14.037, 10.759, 0.741], [0.431, 13.904, 11.135, 0.741], [1, 0]]
[[0.433, 15.267, 9.267, 0.686], [0.426, 14.438, 8.312, 0.713], [1, 0]]
[[0.432, 12.111, 10.389, 0.738], [0.43, 13.632, 10.579, 0.729], [1, 0]]
[[0.438, 16.481, 11.593, 0.717], [0.443, 15.302, 10.774, 0.733], [0, 1]]
[[0.43, 12.95, 10.35, 0.716], [0.417, 12.222, 9.556, 0.735], [0, 1]]
[[0.43, 14.567, 10.367, 0.765], [0.449, 13.323, 9.097, 0.739], [1, 0]]
[[0.452, 14.581, 9.651, 0.76], [0.465, 14.068, 8.886, 0.731], [0, 1]]
[[0.446, 13.775, 10.225, 0.713], [0.434, 13.895, 11.0, 0.723], [1, 0]]
[[0.414, 15.355, 11.548, 0.727], [0.429, 14.333, 10.867, 0.754], [0, 1]]
[[0.443, 13.759, 9.328, 0.747], [0.455, 12.732, 9.875, 0.75], [1, 0]]
[[0.44, 14.137, 9.431, 0.744], [0.433, 14.5, 10.729, 0.771], [0, 1]]
[[0.431, 13.8, 9.64, 0.694], [0.435, 12.87, 9.913, 0.728], [0, 1]]
[[0.426, 14.043, 11.58, 0.751], [0.446, 16.754, 11.609, 0.722], [1, 0]]
[[0.456, 13.94, 10.925, 0.721], [0.443, 15.06, 10.806, 0.742], [1, 0]]
[[0.416, 12.914, 9.971, 0.716], [0.443, 12.265, 11.882, 0.774], [0, 1]]
[[0.447, 12.152, 11.303, 0.728], [0.425, 13.818, 12.0, 0.722], [0, 1]]
[[0.435, 14.0, 9.929, 0.657], [0.408, 14.167, 10.583, 0.679], [0, 1]]
[[0.406, 14.923, 12.038, 0.718], [0.435, 14.346, 11.115, 0.737], [0, 1]]
[[0.421, 15.125, 10.375, 0.721], [0.411, 14.733, 10.0, 0.706], [1, 0]]
[[0.447, 13.225, 10.238, 0.737], [0.447, 12.704, 11.605, 0.786], [0, 1]]
[[0.437, 13.847, 11.111, 0.759], [0.438, 13.403, 11.486, 0.769], [0, 1]]
[[0.434, 13.862, 10.207, 0.739], [0.433, 15.0, 10.462, 0.722], [0, 1]]
[[0.438, 13.596, 10.489, 0.744], [0.44, 15.388, 10.714, 0.733], [0, 1]]
[[0.373, 12.167, 8.667, 0.633], [0.384, 14.429, 9.143, 0.663], [0, 1]]
[[0.435, 14.544, 10.842, 0.772], [0.442, 13.776, 11.259, 0.715], [1, 0]]
[[0.456, 13.013, 10.747, 0.745], [0.451, 14.405, 11.481, 0.761], [0, 1]]
[[0.4, 15.143, 12.381, 0.714], [0.429, 12.364, 9.455, 0.751], [0, 1]]
[[0.422, 13.732, 11.268, 0.737], [0.465, 13.976, 8.833, 0.732], [0, 1]]
[[0.443, 13.591, 11.242, 0.735], [0.453, 14.531, 9.656, 0.757], [0, 1]]
[[0.437, 14.72, 9.24, 0.738], [0.433, 14.25, 11.167, 0.732], [0, 1]]
[[0.419, 14.28, 10.64, 0.724], [0.44, 14.48, 10.56, 0.77], [0, 1]]
[[0.457, 14.733, 12.633, 0.696], [0.451, 14.533, 11.9, 0.721], [0, 1]]
[[0.438, 14.2, 9.6, 0.652], [0.416, 12.538, 10.0, 0.706], [1, 0]]
[[0.421, 14.583, 10.542, 0.761], [0.413, 13.083, 9.75, 0.71], [1, 0]]
[[0.44, 15.133, 9.8, 0.742], [0.407, 13.0, 11.769, 0.672], [0, 1]]
[[0.437, 13.926, 9.593, 0.696], [0.442, 14.52, 8.24, 0.706], [1, 0]]
[[0.445, 12.143, 10.679, 0.739], [0.425, 13.781, 11.375, 0.732], [1, 0]]
[[0.462, 13.928, 10.88, 0.773], [0.453, 12.819, 11.133, 0.745], [0, 1]]
[[0.434, 14.446, 10.757, 0.776], [0.451, 14.767, 10.178, 0.745], [0, 1]]
[[0.444, 13.677, 11.169, 0.735], [0.449, 13.844, 11.844, 0.744], [0, 1]]
[[0.387, 13.167, 8.667, 0.616], [0.389, 12.5, 10.333, 0.605], [1, 0]]
[[0.445, 14.148, 9.222, 0.744], [0.436, 13.72, 10.2, 0.747], [1, 0]]
[[0.428, 14.308, 11.231, 0.713], [0.414, 12.87, 12.391, 0.72], [1, 0]]
[[0.439, 15.05, 11.9, 0.655], [0.412, 14.316, 10.053, 0.714], [1, 0]]
[[0.437, 13.5, 10.587, 0.742], [0.452, 13.889, 10.933, 0.738], [1, 0]]
[[0.434, 14.453, 10.698, 0.774], [0.459, 14.091, 10.655, 0.783], [0, 1]]
[[0.432, 13.714, 10.81, 0.747], [0.442, 14.619, 7.905, 0.703], [0, 1]]
[[0.446, 12.261, 11.652, 0.774], [0.441, 15.587, 10.5, 0.733], [0, 1]]
[[0.438, 14.47, 10.788, 0.773], [0.445, 16.788, 11.652, 0.725], [1, 0]]
[[0.398, 16.167, 11.667, 0.663], [0.428, 16.364, 9.545, 0.644], [0, 1]]
[[0.453, 14.571, 9.629, 0.761], [0.451, 14.583, 11.431, 0.76], [0, 1]]
[[0.43, 13.882, 11.078, 0.74], [0.452, 14.365, 11.788, 0.712], [0, 1]]
[[0.444, 14.0, 12.39, 0.739], [0.437, 13.651, 10.512, 0.738], [1, 0]]
[[0.434, 14.727, 10.795, 0.767], [0.433, 13.512, 11.884, 0.729], [0, 1]]
[[0.445, 13.065, 11.742, 0.726], [0.44, 13.939, 12.303, 0.729], [0, 1]]
[[0.443, 14.018, 9.309, 0.746], [0.446, 12.491, 11.17, 0.747], [0, 1]]
[[0.426, 14.075, 11.627, 0.75], [0.45, 14.194, 11.224, 0.744], [1, 0]]
[[0.396, 15.375, 10.875, 0.611], [0.406, 14.778, 11.0, 0.703], [0, 1]]
[[0.455, 14.133, 11.627, 0.748], [0.451, 12.697, 11.132, 0.746], [1, 0]]
[[0.436, 14.391, 10.884, 0.773], [0.455, 12.71, 10.145, 0.755], [0, 1]]
[[0.446, 13.512, 9.186, 0.754], [0.433, 14.021, 10.745, 0.739], [1, 0]]
[[0.469, 14.479, 8.932, 0.745], [0.448, 13.527, 11.162, 0.737], [1, 0]]
[[0.426, 13.962, 11.456, 0.756], [0.456, 14.139, 11.646, 0.749], [1, 0]]
[[0.429, 13.776, 11.259, 0.755], [0.455, 14.529, 10.212, 0.747], [0, 1]]
[[0.448, 12.3, 11.175, 0.722], [0.453, 13.897, 10.667, 0.74], [1, 0]]
[[0.447, 12.72, 11.549, 0.785], [0.446, 14.691, 10.444, 0.754], [1, 0]]
[[0.408, 14.071, 10.714, 0.752], [0.43, 16.438, 11.625, 0.659], [1, 0]]
[[0.437, 13.925, 10.8, 0.729], [0.434, 14.41, 12.103, 0.751], [0, 1]]
[[0.411, 13.16, 11.68, 0.736], [0.436, 12.815, 12.111, 0.781], [0, 1]]
[[0.445, 13.779, 9.857, 0.753], [0.435, 12.0, 9.558, 0.734], [0, 1]]
[[0.425, 13.918, 11.493, 0.753], [0.445, 12.667, 11.773, 0.784], [0, 1]]
[[0.445, 13.945, 11.073, 0.746], [0.446, 12.302, 11.566, 0.776], [1, 0]]
[[0.342, 12.667, 9.333, 0.651], [0.363, 11.4, 7.4, 0.633], [0, 1]]
[[0.446, 13.154, 9.385, 0.727], [0.431, 15.16, 10.4, 0.722], [0, 1]]
[[0.422, 13.022, 11.822, 0.726], [0.44, 14.364, 11.886, 0.746], [0, 1]]
[[0.464, 14.517, 8.0, 0.705], [0.432, 13.767, 10.367, 0.712], [1, 0]]
[[0.446, 13.49, 10.843, 0.716], [0.437, 13.542, 10.583, 0.742], [1, 0]]
[[0.464, 14.353, 10.725, 0.778], [0.448, 12.306, 11.184, 0.734], [1, 0]]
[[0.413, 14.684, 10.947, 0.748], [0.425, 12.526, 11.526, 0.76], [0, 1]]
[[0.433, 14.368, 10.803, 0.774], [0.462, 13.987, 9.387, 0.751], [0, 1]]
[[0.458, 14.108, 9.012, 0.76], [0.208, 5.5, 8.0, 0.338], [0, 1]]
[[0.407, 13.182, 9.091, 0.697], [0.417, 12.333, 11.167, 0.731], [0, 1]]
[[0.437, 13.922, 10.828, 0.751], [0.457, 14.703, 12.797, 0.698], [1, 0]]
[[0.44, 13.591, 11.394, 0.768], [0.45, 14.597, 11.552, 0.764], [0, 1]]
[[0.444, 13.66, 12.12, 0.745], [0.444, 14.058, 11.173, 0.741], [0, 1]]
[[0.423, 13.824, 11.235, 0.726], [0.414, 13.235, 11.588, 0.703], [0, 1]]
[[0.449, 12.979, 11.271, 0.738], [0.465, 14.061, 8.776, 0.736], [0, 1]]
[[0.451, 13.901, 11.634, 0.748], [0.451, 14.718, 9.577, 0.763], [1, 0]]
[[0.429, 13.828, 10.483, 0.716], [0.438, 14.214, 11.393, 0.743], [0, 1]]
[[0.443, 13.662, 9.648, 0.752], [0.442, 13.254, 10.408, 0.738], [0, 1]]
[[0.474, 14.727, 8.682, 0.745], [0.43, 13.174, 11.565, 0.726], [1, 0]]
[[0.449, 14.873, 9.964, 0.732], [0.451, 14.796, 9.741, 0.751], [1, 0]]
[[0.443, 15.8, 9.3, 0.712], [0.423, 12.105, 9.579, 0.741], [0, 1]]
[[0.4, 14.364, 7.818, 0.629], [0.392, 16.091, 12.091, 0.666], [1, 0]]
[[0.427, 12.951, 11.82, 0.729], [0.442, 13.102, 10.339, 0.739], [1, 0]]
[[0.382, 14.4, 9.2, 0.559], [0.379, 15.0, 8.4, 0.563], [0, 1]]
[[0.401, 13.5, 11.75, 0.707], [0.422, 12.818, 10.909, 0.712], [0, 1]]
[[0.448, 13.659, 10.39, 0.711], [0.456, 14.268, 10.561, 0.771], [1, 0]]
[[0.443, 13.172, 10.414, 0.741], [0.445, 14.517, 11.672, 0.756], [1, 0]]
[[0.434, 15.0, 9.261, 0.726], [0.41, 13.174, 9.826, 0.71], [1, 0]]
[[0.455, 14.638, 12.725, 0.698], [0.451, 14.586, 11.429, 0.758], [0, 1]]
[[0.389, 14.0, 10.0, 0.707], [0.407, 12.75, 8.5, 0.675], [1, 0]]
[[0.455, 12.769, 9.769, 0.748], [0.446, 13.889, 11.037, 0.743], [0, 1]]
[[0.449, 13.333, 9.233, 0.74], [0.42, 14.1, 11.0, 0.744], [1, 0]]
[[0.44, 13.45, 10.95, 0.71], [0.425, 14.158, 10.947, 0.714], [0, 1]]
[[0.401, 15.136, 12.591, 0.72], [0.418, 14.208, 10.75, 0.719], [1, 0]]
[[0.325, 11.667, 7.667, 0.493], [0.316, 11.667, 7.333, 0.417], [1, 0]]
[[0.428, 15.833, 9.583, 0.698], [0.457, 14.231, 6.538, 0.68], [0, 1]]
[[0.435, 13.467, 10.067, 0.713], [0.43, 15.688, 9.25, 0.657], [0, 1]]
[[0.441, 14.913, 11.652, 0.68], [0.43, 14.136, 11.818, 0.707], [0, 1]]
[[0.418, 13.032, 10.258, 0.701], [0.431, 13.9, 10.967, 0.741], [0, 1]]
[[0.443, 13.398, 11.169, 0.768], [0.254, 11.0, 3.0, 0.441], [0, 1]]
[[0.444, 14.412, 11.765, 0.761], [0.442, 15.25, 10.731, 0.731], [1, 0]]
[[0.458, 13.919, 10.93, 0.731], [0.447, 14.953, 10.558, 0.751], [1, 0]]
[[0.448, 14.0, 9.927, 0.75], [0.428, 13.878, 11.39, 0.758], [0, 1]]
[[0.432, 13.5, 12.048, 0.733], [0.447, 12.227, 11.614, 0.773], [0, 1]]
[[0.438, 14.722, 10.361, 0.72], [0.448, 14.103, 11.59, 0.697], [0, 1]]
[[0.44, 13.069, 11.793, 0.723], [0.451, 14.576, 11.394, 0.691], [0, 1]]
[[0.405, 14.818, 10.273, 0.688], [0.414, 13.846, 11.538, 0.688], [1, 0]]
[[0.449, 12.289, 11.263, 0.722], [0.435, 13.692, 10.897, 0.749], [1, 0]]
[[0.463, 13.782, 10.885, 0.774], [0.463, 13.943, 9.471, 0.754], [0, 1]]
[[0.385, 13.167, 6.5, 0.544], [0.368, 13.5, 8.833, 0.643], [1, 0]]
[[0.439, 13.818, 10.974, 0.762], [0.445, 16.519, 11.805, 0.724], [0, 1]]
[[0.446, 12.289, 11.2, 0.731], [0.454, 13.848, 10.891, 0.74], [1, 0]]
[[0.413, 12.4, 8.7, 0.729], [0.407, 12.909, 8.273, 0.7], [0, 1]]
[[0.453, 13.899, 11.025, 0.733], [0.454, 14.577, 11.603, 0.729], [0, 1]]
[[0.433, 13.925, 10.45, 0.738], [0.446, 14.075, 11.675, 0.703], [0, 1]]
[[0.437, 14.818, 9.818, 0.651], [0.394, 13.1, 9.1, 0.681], [1, 0]]
[[0.429, 14.081, 11.189, 0.771], [0.422, 14.079, 11.263, 0.746], [1, 0]]
[[0.437, 14.516, 10.859, 0.772], [0.464, 13.954, 10.554, 0.783], [0, 1]]
[[0.463, 13.974, 9.368, 0.752], [0.445, 14.737, 10.592, 0.75], [1, 0]]
[[0.444, 14.051, 12.359, 0.742], [0.454, 13.895, 10.684, 0.737], [0, 1]]
[[0.45, 12.902, 11.016, 0.738], [0.454, 13.934, 10.967, 0.751], [0, 1]]
[[0.443, 14.311, 9.311, 0.746], [0.437, 13.556, 10.889, 0.73], [1, 0]]
[[0.442, 14.844, 10.356, 0.725], [0.44, 15.638, 10.532, 0.732], [1, 0]]
[[0.441, 14.833, 11.792, 0.678], [0.441, 13.524, 11.19, 0.715], [0, 1]]
[[0.452, 12.768, 11.024, 0.746], [0.452, 14.39, 11.463, 0.761], [1, 0]]
[[0.44, 14.565, 10.609, 0.774], [0.43, 13.95, 10.15, 0.723], [0, 1]]
[[0.449, 14.911, 9.946, 0.732], [0.448, 12.839, 11.179, 0.738], [1, 0]]
[[0.335, 13.8, 9.6, 0.61], [0.388, 15.2, 9.2, 0.538], [1, 0]]
[[0.434, 14.361, 10.806, 0.776], [0.425, 13.986, 11.514, 0.754], [0, 1]]
[[0.45, 13.103, 11.359, 0.727], [0.446, 14.098, 11.683, 0.705], [0, 1]]
[[0.451, 12.698, 11.233, 0.745], [0.454, 14.0, 10.767, 0.765], [1, 0]]
[[0.448, 13.259, 9.222, 0.726], [0.443, 16.143, 11.214, 0.686], [0, 1]]
[[0.457, 13.273, 6.182, 0.663], [0.392, 12.0, 9.545, 0.644], [1, 0]]
[[0.426, 13.0, 11.8, 0.729], [0.449, 14.153, 10.966, 0.748], [1, 0]]
[[0.452, 13.092, 11.046, 0.742], [0.451, 12.615, 10.877, 0.758], [0, 1]]
[[0.432, 13.688, 10.594, 0.718], [0.437, 16.419, 11.742, 0.701], [0, 1]]
[[0.439, 13.557, 11.514, 0.771], [0.452, 14.522, 9.667, 0.759], [1, 0]]
[[0.458, 13.878, 10.854, 0.729], [0.442, 14.585, 11.549, 0.735], [1, 0]]
[[0.418, 14.923, 11.923, 0.734], [0.442, 14.744, 10.308, 0.721], [0, 1]]
[[0.43, 13.292, 10.292, 0.703], [0.414, 13.08, 9.84, 0.707], [1, 0]]
[[0.455, 12.784, 9.725, 0.748], [0.437, 14.0, 11.633, 0.732], [1, 0]]
[[0.422, 14.711, 11.622, 0.739], [0.444, 13.711, 12.2, 0.746], [0, 1]]
[[0.456, 14.133, 9.16, 0.758], [0.456, 12.623, 10.26, 0.751], [0, 1]]
[[0.452, 14.68, 10.253, 0.746], [0.435, 11.987, 9.6, 0.733], [0, 1]]
[[0.443, 16.723, 11.769, 0.726], [0.451, 14.167, 11.106, 0.746], [0, 1]]
[[0.424, 14.167, 12.083, 0.632], [0.418, 14.385, 8.385, 0.703], [0, 1]]
[[0.329, 13.25, 8.25, 0.611], [0.336, 11.25, 8.25, 0.54], [0, 1]]
[[0.399, 14.833, 10.5, 0.596], [0.359, 14.167, 10.0, 0.672], [0, 1]]
[[0.429, 14.8, 10.486, 0.767], [0.429, 14.206, 10.882, 0.767], [1, 0]]
[[0.455, 14.0, 10.924, 0.721], [0.451, 14.609, 11.531, 0.759], [1, 0]]
[[0.436, 14.792, 9.167, 0.732], [0.406, 13.391, 11.609, 0.737], [0, 1]]
[[0.439, 16.182, 10.955, 0.678], [0.414, 12.952, 12.286, 0.717], [0, 1]]
[[0.426, 14.029, 11.544, 0.75], [0.453, 14.147, 10.941, 0.756], [0, 1]]
[[0.454, 13.892, 10.954, 0.721], [0.452, 14.532, 9.742, 0.754], [1, 0]]
[[0.456, 14.15, 11.725, 0.748], [0.453, 14.65, 11.65, 0.731], [1, 0]]
[[0.463, 14.026, 9.416, 0.752], [0.455, 14.213, 10.747, 0.761], [0, 1]]
[[0.409, 15.179, 11.964, 0.717], [0.449, 13.448, 9.241, 0.74], [1, 0]]
[[0.432, 14.083, 10.583, 0.747], [0.415, 13.222, 9.889, 0.706], [0, 1]]
[[0.441, 12.793, 9.517, 0.768], [0.433, 14.103, 11.034, 0.739], [0, 1]]
[[0.456, 14.123, 9.233, 0.759], [0.454, 14.082, 11.603, 0.748], [1, 0]]
[[0.445, 12.679, 11.692, 0.784], [0.449, 14.468, 11.61, 0.761], [0, 1]]
[[0.203, 6.5, 5.5, 0.354], [0.259, 7.5, 5.5, 0.389], [0, 1]]
[[0.388, 13.733, 11.6, 0.746], [0.421, 14.143, 7.929, 0.659], [0, 1]]
[[0.321, 13.5, 10.25, 0.643], [0.365, 12.5, 8.25, 0.537], [0, 1]]
[[0.463, 13.935, 10.5, 0.783], [0.461, 14.083, 9.25, 0.746], [0, 1]]
[[0.435, 14.241, 9.31, 0.742], [0.438, 12.893, 9.571, 0.768], [0, 1]]
[[0.437, 14.456, 10.897, 0.772], [0.446, 16.838, 11.647, 0.726], [1, 0]]
[[0.377, 11.714, 8.429, 0.699], [0.4, 11.714, 11.143, 0.655], [0, 1]]
[[0.324, 13.75, 8.75, 0.562], [0.287, 11.0, 8.25, 0.568], [1, 0]]
[[0.442, 13.737, 11.281, 0.717], [0.452, 14.291, 9.273, 0.757], [0, 1]]
[[0.438, 13.795, 11.123, 0.761], [0.439, 13.438, 11.438, 0.77], [0, 1]]
[[0.426, 14.143, 6.429, 0.636], [0.404, 13.143, 10.143, 0.634], [1, 0]]
[[0.443, 12.947, 9.763, 0.749], [0.432, 14.342, 12.0, 0.75], [1, 0]]
[[0.456, 14.238, 10.714, 0.771], [0.436, 14.45, 11.975, 0.749], [1, 0]]
[[0.452, 13.973, 10.959, 0.725], [0.45, 14.52, 11.48, 0.758], [1, 0]]
[[0.448, 14.324, 9.5, 0.748], [0.437, 16.056, 10.278, 0.716], [0, 1]]
[[0.444, 12.846, 9.615, 0.749], [0.422, 12.425, 9.725, 0.724], [0, 1]]
[[0.368, 12.5, 8.75, 0.571], [0.384, 12.286, 8.0, 0.675], [0, 1]]
[[0.451, 14.25, 9.232, 0.756], [0.449, 12.441, 11.729, 0.779], [0, 1]]
[[0.436, 13.945, 10.673, 0.745], [0.463, 14.019, 9.093, 0.737], [0, 1]]
[[0.444, 13.857, 12.286, 0.743], [0.437, 13.636, 10.432, 0.74], [1, 0]]
[[0.426, 13.932, 11.5, 0.753], [0.439, 13.811, 11.0, 0.762], [1, 0]]
[[0.433, 14.346, 9.154, 0.741], [0.404, 14.792, 12.208, 0.724], [1, 0]]
[[0.433, 14.079, 10.211, 0.738], [0.436, 15.85, 10.275, 0.73], [0, 1]]
[[0.384, 13.429, 9.0, 0.71], [0.387, 13.5, 6.75, 0.599], [0, 1]]
[[0.436, 16.515, 11.97, 0.702], [0.449, 14.156, 10.656, 0.736], [1, 0]]
[[0.446, 13.596, 11.772, 0.744], [0.449, 12.421, 11.439, 0.779], [0, 1]]
[[0.437, 13.622, 10.622, 0.747], [0.428, 14.0, 11.972, 0.725], [0, 1]]
[[0.423, 14.339, 11.823, 0.751], [0.458, 14.726, 12.597, 0.698], [1, 0]]
[[0.438, 13.833, 9.9, 0.703], [0.433, 14.138, 12.31, 0.724], [1, 0]]
[[0.443, 16.528, 11.681, 0.721], [0.464, 13.915, 9.366, 0.752], [0, 1]]
[[0.375, 13.0, 7.5, 0.659], [0.385, 12.667, 8.833, 0.66], [1, 0]]
[[0.449, 13.818, 11.727, 0.745], [0.45, 14.118, 11.162, 0.745], [1, 0]]
[[0.445, 13.762, 10.619, 0.714], [0.442, 12.78, 9.634, 0.752], [1, 0]]
[[0.452, 14.069, 11.0, 0.722], [0.448, 13.562, 11.123, 0.736], [0, 1]]
[[0.45, 15.023, 12.326, 0.691], [0.423, 13.833, 11.286, 0.735], [0, 1]]
[[0.41, 13.625, 12.125, 0.626], [0.41, 16.222, 9.111, 0.604], [0, 1]]
[[0.448, 13.975, 10.0, 0.749], [0.459, 14.074, 9.062, 0.759], [0, 1]]
[[0.432, 13.485, 10.758, 0.714], [0.42, 14.188, 11.188, 0.744], [0, 1]]
[[0.444, 14.385, 9.615, 0.756], [0.45, 12.108, 11.243, 0.719], [0, 1]]
[[0.404, 14.789, 12.211, 0.704], [0.434, 14.952, 11.857, 0.662], [0, 1]]
[[0.422, 13.0, 11.723, 0.728], [0.453, 12.723, 9.723, 0.754], [0, 1]]
[[0.436, 14.508, 10.881, 0.775], [0.436, 13.934, 10.721, 0.748], [1, 0]]
[[0.415, 13.536, 12.464, 0.722], [0.431, 16.133, 10.5, 0.709], [0, 1]]
[[0.453, 14.689, 9.844, 0.757], [0.442, 13.894, 11.213, 0.739], [0, 1]]
[[0.456, 13.841, 10.884, 0.72], [0.428, 13.088, 11.676, 0.727], [1, 0]]
[[0.445, 13.727, 12.227, 0.743], [0.448, 12.222, 11.644, 0.774], [0, 1]]
[[0.448, 13.472, 9.139, 0.744], [0.435, 15.821, 10.231, 0.727], [1, 0]]
[[0.435, 13.382, 10.735, 0.715], [0.429, 13.784, 11.027, 0.736], [1, 0]]
[[0.444, 13.813, 9.853, 0.751], [0.439, 13.446, 11.392, 0.773], [0, 1]]
[[0.462, 13.987, 10.734, 0.775], [0.45, 14.128, 11.077, 0.744], [1, 0]]
[[0.448, 13.513, 9.179, 0.751], [0.448, 14.45, 9.675, 0.755], [1, 0]]
[[0.45, 13.556, 10.87, 0.717], [0.432, 13.529, 11.431, 0.775], [1, 0]]
[[0.449, 14.412, 11.382, 0.686], [0.436, 13.774, 10.742, 0.743], [0, 1]]
[[0.443, 14.731, 11.923, 0.679], [0.436, 12.769, 11.885, 0.778], [0, 1]]
[[0.413, 14.65, 10.95, 0.755], [0.426, 15.0, 10.714, 0.692], [1, 0]]
[[0.432, 14.789, 10.605, 0.767], [0.455, 13.946, 10.73, 0.737], [1, 0]]
[[0.433, 14.0, 10.0, 0.743], [0.448, 14.182, 9.576, 0.745], [0, 1]]
[[0.47, 14.459, 7.973, 0.717], [0.443, 12.75, 9.722, 0.749], [0, 1]]
[[0.455, 12.833, 9.95, 0.753], [0.44, 15.117, 10.9, 0.737], [0, 1]]
[[0.43, 12.062, 9.312, 0.731], [0.45, 12.603, 10.937, 0.756], [0, 1]]
[[0.434, 14.488, 10.634, 0.773], [0.439, 15.773, 10.545, 0.728], [1, 0]]
[[0.465, 14.042, 8.812, 0.734], [0.453, 13.542, 10.854, 0.742], [1, 0]]
[[0.439, 13.85, 11.067, 0.738], [0.44, 13.049, 10.525, 0.74], [1, 0]]
[[0.452, 14.765, 10.132, 0.74], [0.45, 14.203, 11.232, 0.745], [0, 1]]
[[0.431, 14.688, 10.188, 0.763], [0.43, 14.419, 10.806, 0.758], [0, 1]]
[[0.42, 14.467, 10.333, 0.697], [0.428, 15.611, 9.389, 0.673], [1, 0]]
[[0.443, 13.268, 11.159, 0.77], [0.449, 13.488, 11.378, 0.738], [1, 0]]
[[0.444, 14.027, 12.351, 0.737], [0.419, 12.711, 9.947, 0.717], [1, 0]]
[[0.319, 11.75, 8.5, 0.645], [0.385, 12.75, 7.0, 0.548], [0, 1]]
[[0.393, 13.941, 11.118, 0.747], [0.423, 14.632, 10.737, 0.74], [0, 1]]
[[0.433, 13.125, 11.45, 0.73], [0.452, 14.225, 13.1, 0.697], [1, 0]]
[[0.433, 14.0, 10.462, 0.741], [0.444, 12.184, 11.974, 0.774], [0, 1]]
[[0.349, 13.4, 8.8, 0.654], [0.323, 11.4, 9.4, 0.532], [0, 1]]
[[0.453, 14.2, 9.38, 0.752], [0.448, 12.902, 11.314, 0.738], [1, 0]]
[[0.423, 13.167, 10.056, 0.671], [0.441, 14.353, 11.059, 0.65], [1, 0]]
[[0.444, 16.547, 11.747, 0.722], [0.452, 14.73, 9.581, 0.76], [0, 1]]
[[0.424, 14.086, 11.2, 0.752], [0.435, 15.842, 10.237, 0.724], [0, 1]]
[[0.443, 12.933, 11.7, 0.726], [0.44, 12.375, 11.938, 0.773], [1, 0]]
[[0.419, 14.583, 11.688, 0.737], [0.455, 13.714, 10.837, 0.742], [0, 1]]
[[0.463, 14.16, 10.667, 0.781], [0.451, 14.149, 11.149, 0.746], [1, 0]]
[[0.387, 14.0, 10.167, 0.692], [0.345, 14.4, 8.8, 0.651], [0, 1]]
[[0.418, 11.714, 10.071, 0.746], [0.409, 14.077, 8.077, 0.649], [0, 1]]
[[0.438, 12.15, 10.6, 0.746], [0.429, 15.773, 9.773, 0.695], [0, 1]]
[[0.414, 15.281, 11.562, 0.728], [0.432, 14.152, 10.091, 0.741], [1, 0]]
[[0.455, 13.014, 10.946, 0.745], [0.464, 13.973, 9.419, 0.75], [0, 1]]
[[0.318, 11.25, 7.75, 0.615], [0.298, 8.75, 7.75, 0.463], [1, 0]]
[[0.379, 14.0, 11.0, 0.567], [0.375, 10.6, 9.6, 0.603], [1, 0]]
[[0.415, 13.235, 10.294, 0.711], [0.449, 15.5, 11.0, 0.677], [0, 1]]
[[0.434, 14.698, 10.814, 0.77], [0.451, 13.977, 10.791, 0.737], [1, 0]]
[[0.438, 13.392, 11.294, 0.726], [0.442, 16.462, 11.519, 0.715], [1, 0]]
[[0.449, 12.8, 11.236, 0.736], [0.428, 12.123, 9.333, 0.726], [0, 1]]
[[0.401, 13.286, 9.214, 0.659], [0.414, 14.231, 9.846, 0.698], [0, 1]]
[[0.439, 13.037, 9.481, 0.769], [0.444, 12.37, 10.667, 0.738], [0, 1]]
[[0.438, 13.074, 11.667, 0.724], [0.445, 14.143, 10.286, 0.734], [1, 0]]
[[0.451, 13.986, 11.041, 0.723], [0.454, 14.0, 11.597, 0.749], [0, 1]]
[[0.425, 13.07, 11.754, 0.726], [0.434, 13.411, 11.482, 0.771], [0, 1]]
[[0.455, 13.053, 10.803, 0.746], [0.444, 14.487, 11.342, 0.732], [0, 1]]
[[0.423, 14.4, 10.7, 0.739], [0.409, 14.294, 9.882, 0.702], [0, 1]]
[[0.448, 14.271, 11.896, 0.705], [0.465, 13.957, 8.913, 0.731], [1, 0]]
[[0.43, 13.778, 10.259, 0.737], [0.432, 14.038, 11.692, 0.717], [1, 0]]
[[0.454, 14.098, 9.294, 0.753], [0.427, 12.204, 9.296, 0.728], [1, 0]]
[[0.441, 16.565, 11.63, 0.711], [0.441, 14.511, 11.933, 0.751], [0, 1]]
[[0.424, 13.022, 11.696, 0.728], [0.45, 13.133, 11.4, 0.734], [0, 1]]
[[0.45, 14.377, 9.311, 0.759], [0.436, 14.063, 10.81, 0.752], [0, 1]]
[[0.415, 14.476, 10.905, 0.759], [0.441, 14.5, 7.75, 0.693], [1, 0]]
[[0.374, 15.667, 10.0, 0.618], [0.359, 15.667, 11.667, 0.586], [1, 0]]
[[0.375, 12.667, 7.5, 0.635], [0.38, 14.5, 10.0, 0.563], [0, 1]]
[[0.221, 8.5, 9.5, 0.261], [0.455, 14.639, 10.096, 0.747], [0, 1]]
[[0.269, 10.333, 9.0, 0.475], [0.235, 9.0, 7.0, 0.305], [0, 1]]
[[0.45, 14.239, 11.783, 0.709], [0.447, 12.262, 11.024, 0.724], [0, 1]]
[[0.443, 13.886, 10.086, 0.706], [0.415, 13.029, 10.088, 0.713], [1, 0]]
[[0.455, 12.796, 9.87, 0.752], [0.447, 12.5, 11.148, 0.747], [0, 1]]
[[0.361, 15.167, 10.5, 0.691], [0.35, 15.857, 12.429, 0.594], [1, 0]]
[[0.427, 14.483, 10.552, 0.762], [0.448, 13.393, 9.179, 0.734], [1, 0]]
[[0.441, 13.042, 11.0, 0.718], [0.433, 15.815, 10.148, 0.698], [0, 1]]
[[0.418, 14.714, 11.673, 0.737], [0.441, 14.388, 11.755, 0.76], [1, 0]]
[[0.422, 14.596, 11.766, 0.739], [0.448, 13.106, 11.404, 0.735], [0, 1]]
[[0.431, 15.846, 9.615, 0.7], [0.458, 14.071, 6.357, 0.689], [0, 1]]
[[0.43, 14.045, 10.682, 0.743], [0.414, 13.05, 11.9, 0.714], [1, 0]]
[[0.457, 14.754, 12.672, 0.696], [0.453, 12.871, 10.016, 0.755], [1, 0]]
[[0.429, 13.86, 11.442, 0.767], [0.436, 16.432, 11.659, 0.707], [1, 0]]
[[0.474, 14.627, 8.915, 0.736], [0.452, 14.59, 11.902, 0.72], [0, 1]]
[[0.44, 14.4, 9.629, 0.734], [0.444, 13.816, 10.158, 0.712], [0, 1]]
[[0.446, 14.119, 11.643, 0.709], [0.434, 13.775, 10.875, 0.747], [0, 1]]
[[0.432, 14.169, 11.695, 0.73], [0.449, 12.467, 11.683, 0.782], [0, 1]]
[[0.454, 14.444, 6.778, 0.699], [0.405, 13.842, 9.632, 0.69], [1, 0]]
[[0.46, 13.556, 6.0, 0.635], [0.38, 13.429, 8.143, 0.704], [1, 0]]
[[0.432, 13.286, 9.786, 0.709], [0.429, 14.467, 7.867, 0.664], [0, 1]]
[[0.474, 14.681, 8.681, 0.748], [0.455, 13.043, 10.857, 0.744], [0, 1]]
[[0.439, 13.782, 11.026, 0.762], [0.455, 14.192, 12.949, 0.696], [0, 1]]
[[0.344, 12.75, 10.0, 0.61], [0.335, 11.25, 7.75, 0.559], [1, 0]]
[[0.445, 12.227, 11.159, 0.725], [0.447, 12.277, 11.596, 0.771], [1, 0]]
[[0.387, 12.667, 11.556, 0.689], [0.398, 16.0, 11.889, 0.595], [0, 1]]
[[0.426, 14.407, 10.667, 0.761], [0.449, 15.143, 11.571, 0.679], [1, 0]]
[[0.45, 13.806, 11.672, 0.746], [0.461, 13.971, 10.486, 0.781], [1, 0]]
[[0.464, 13.913, 9.42, 0.752], [0.449, 14.214, 11.171, 0.744], [1, 0]]
[[0.451, 12.743, 11.054, 0.75], [0.446, 12.671, 11.711, 0.785], [0, 1]]
[[0.446, 15.0, 9.812, 0.74], [0.411, 13.0, 11.643, 0.68], [0, 1]]
[[0.451, 14.632, 11.842, 0.717], [0.446, 14.536, 11.661, 0.76], [1, 0]]
[[0.433, 13.463, 11.537, 0.77], [0.449, 14.852, 10.056, 0.73], [1, 0]]
[[0.363, 11.5, 8.333, 0.546], [0.379, 12.6, 10.0, 0.659], [0, 1]]
[[0.471, 14.486, 8.819, 0.747], [0.456, 14.397, 12.699, 0.693], [1, 0]]
[[0.367, 15.625, 10.625, 0.702], [0.396, 13.273, 11.455, 0.704], [1, 0]]
[[0.266, 9.333, 9.0, 0.468], [0.273, 7.333, 5.667, 0.423], [0, 1]]
[[0.444, 16.554, 11.73, 0.721], [0.455, 14.446, 12.73, 0.695], [1, 0]]
[[0.423, 14.564, 11.691, 0.747], [0.433, 14.109, 11.909, 0.726], [1, 0]]
[[0.44, 13.447, 11.197, 0.769], [0.453, 14.547, 11.667, 0.727], [1, 0]]
[[0.441, 16.579, 11.684, 0.723], [0.461, 14.07, 10.649, 0.782], [0, 1]]
[[0.429, 14.6, 9.5, 0.649], [0.383, 14.875, 10.625, 0.666], [1, 0]]
[[0.446, 13.282, 10.256, 0.739], [0.446, 14.718, 10.59, 0.752], [0, 1]]
[[0.426, 14.043, 10.391, 0.743], [0.429, 12.3, 9.45, 0.744], [1, 0]]
[[0.431, 13.346, 10.654, 0.709], [0.447, 12.48, 10.4, 0.745], [1, 0]]
[[0.435, 12.864, 10.136, 0.719], [0.427, 13.833, 10.375, 0.741], [1, 0]]
[[0.454, 14.524, 11.573, 0.733], [0.463, 13.988, 9.451, 0.756], [1, 0]]
[[0.434, 14.312, 10.792, 0.774], [0.454, 14.276, 12.868, 0.695], [1, 0]]
[[0.447, 13.919, 11.242, 0.713], [0.451, 12.919, 11.016, 0.738], [0, 1]]
[[0.436, 16.344, 11.844, 0.701], [0.421, 13.75, 12.031, 0.721], [1, 0]]
[[0.411, 15.214, 11.357, 0.729], [0.407, 14.083, 7.75, 0.64], [0, 1]]
[[0.444, 13.811, 10.081, 0.709], [0.456, 14.114, 8.943, 0.721], [0, 1]]
