[[0.429, 13.75, 7.667, 0.691], [0.399, 12.455, 10.909, 0.715], [1, 0]]
[[0.442, 14.759, 10.448, 0.743], [0.43, 13.893, 10.75, 0.767], [1, 0]]
[[0.437, 14.0, 11.58, 0.775], [0.435, 12.62, 10.58, 0.765], [0, 1]]
[[0.45, 12.525, 11.102, 0.739], [0.446, 12.931, 10.414, 0.738], [1, 0]]
[[0.446, 12.714, 9.959, 0.755], [0.443, 13.837, 10.796, 0.779], [1, 0]]
[[0.25, 3.5, 3.5, 0.342], [0.24, 5.0, 4.0, 0.453], [0, 1]]
[[0.461, 14.052, 11.897, 0.753], [0.458, 14.362, 11.224, 0.769], [1, 0]]
[[0.43, 12.118, 10.412, 0.75], [0.416, 12.188, 10.562, 0.711], [1, 0]]
[[0.439, 14.149, 11.985, 0.791], [0.456, 14.25, 11.969, 0.743], [0, 1]]
[[0.456, 13.849, 10.808, 0.781], [0.447, 11.736, 9.722, 0.782], [1, 0]]
[[0.411, 13.667, 7.0, 0.699], [0.369, 13.222, 9.778, 0.667], [1, 0]]
[[0.453, 12.788, 11.115, 0.762], [0.446, 14.491, 10.679, 0.764], [1, 0]]
[[0.447, 12.78, 10.82, 0.742], [0.443, 14.26, 10.52, 0.727], [1, 0]]
[[0.436, 13.103, 10.513, 0.7], [0.454, 10.784, 8.811, 0.744], [1, 0]]
[[0.373, 11.286, 10.286, 0.661], [0.371, 12.0, 11.0, 0.657], [1, 0]]
[[0.453, 12.519, 10.143, 0.793], [0.456, 13.936, 10.795, 0.781], [0, 1]]
[[0.458, 12.446, 11.323, 0.767], [0.445, 12.591, 11.121, 0.806], [0, 1]]
[[0.423, 14.214, 11.0, 0.693], [0.419, 11.857, 10.429, 0.71], [1, 0]]
[[0.462, 14.413, 10.52, 0.776], [0.456, 14.447, 12.408, 0.778], [0, 1]]
[[0.447, 12.562, 10.042, 0.782], [0.451, 12.979, 10.128, 0.748], [1, 0]]
[[0.433, 12.321, 9.679, 0.779], [0.443, 10.778, 8.889, 0.725], [0, 1]]
[[0.426, 12.909, 10.955, 0.742], [0.43, 14.957, 10.783, 0.743], [0, 1]]
[[0.44, 13.068, 10.757, 0.774], [0.463, 14.577, 11.549, 0.752], [0, 1]]
[[0.458, 14.857, 9.643, 0.747], [0.42, 12.296, 10.815, 0.739], [0, 1]]
[[0.388, 14.444, 10.667, 0.673], [0.399, 12.4, 10.3, 0.718], [0, 1]]
[[0.441, 12.902, 11.585, 0.751], [0.456, 14.721, 11.837, 0.749], [0, 1]]
[[0.449, 12.2, 11.092, 0.739], [0.447, 11.794, 9.571, 0.771], [1, 0]]
[[0.444, 13.92, 11.867, 0.787], [0.444, 13.865, 10.905, 0.766], [1, 0]]
[[0.445, 12.486, 10.8, 0.741], [0.434, 13.162, 10.541, 0.694], [0, 1]]
[[0.433, 12.75, 10.477, 0.754], [0.456, 14.568, 11.864, 0.748], [1, 0]]
[[0.45, 14.872, 10.745, 0.739], [0.44, 11.93, 9.512, 0.758], [0, 1]]
[[0.172, 8.5, 11.5, 0.375], [0.222, 4.5, 5.0, 0.383], [1, 0]]
[[0.451, 12.974, 10.513, 0.752], [0.446, 12.487, 11.013, 0.8], [0, 1]]
[[0.447, 12.804, 11.647, 0.749], [0.446, 12.082, 9.388, 0.761], [0, 1]]
[[0.172, 6.0, 6.5, 0.285], [0.234, 7.5, 4.5, 0.416], [0, 1]]
[[0.465, 14.861, 11.481, 0.749], [0.45, 12.481, 10.949, 0.802], [0, 1]]
[[0.429, 14.172, 11.448, 0.766], [0.444, 13.111, 10.296, 0.752], [0, 1]]
[[0.441, 15.114, 10.029, 0.752], [0.44, 12.125, 11.25, 0.732], [1, 0]]
[[0.428, 13.318, 10.864, 0.672], [0.428, 13.727, 9.727, 0.737], [1, 0]]
[[0.453, 12.241, 10.885, 0.745], [0.452, 12.92, 10.494, 0.751], [1, 0]]
[[0.398, 13.462, 11.385, 0.747], [0.414, 13.167, 10.083, 0.742], [0, 1]]
[[0.444, 14.375, 10.875, 0.763], [0.446, 14.382, 10.709, 0.766], [1, 0]]
[[0.407, 12.25, 10.083, 0.71], [0.41, 12.077, 10.923, 0.684], [1, 0]]
[[0.445, 11.909, 10.523, 0.745], [0.434, 12.609, 10.435, 0.756], [0, 1]]
[[0.441, 12.188, 10.969, 0.735], [0.44, 14.812, 11.219, 0.747], [1, 0]]
[[0.394, 11.875, 9.375, 0.657], [0.404, 13.375, 11.125, 0.703], [0, 1]]
[[0.404, 14.3, 11.5, 0.676], [0.409, 12.889, 11.444, 0.674], [0, 1]]
[[0.462, 14.018, 11.895, 0.753], [0.45, 12.786, 11.268, 0.758], [1, 0]]
[[0.455, 13.932, 12.301, 0.746], [0.451, 11.595, 11.122, 0.756], [0, 1]]
[[0.447, 14.585, 10.585, 0.771], [0.443, 12.854, 10.402, 0.713], [1, 0]]
[[0.458, 12.889, 9.074, 0.729], [0.437, 13.5, 10.25, 0.714], [0, 1]]
[[0.435, 13.3, 10.867, 0.687], [0.425, 12.577, 9.538, 0.765], [1, 0]]
[[0.448, 11.772, 10.772, 0.746], [0.445, 11.789, 9.439, 0.767], [0, 1]]
[[0.44, 14.607, 12.536, 0.716], [0.432, 15.357, 11.321, 0.752], [0, 1]]
[[0.462, 13.837, 11.429, 0.759], [0.447, 12.269, 10.019, 0.784], [1, 0]]
[[0.446, 14.912, 11.529, 0.737], [0.443, 13.576, 10.833, 0.752], [1, 0]]
[[0.442, 12.111, 11.407, 0.728], [0.438, 13.8, 10.367, 0.71], [0, 1]]
[[0.429, 15.083, 11.25, 0.751], [0.438, 14.057, 10.4, 0.714], [0, 1]]
[[0.357, 11.857, 10.286, 0.615], [0.377, 11.714, 12.857, 0.598], [1, 0]]
[[0.446, 13.905, 10.016, 0.753], [0.451, 12.726, 10.613, 0.763], [1, 0]]
[[0.453, 10.851, 9.23, 0.753], [0.45, 12.241, 10.713, 0.803], [0, 1]]
[[0.448, 13.583, 9.972, 0.747], [0.441, 15.051, 10.333, 0.753], [1, 0]]
[[0.449, 11.667, 11.304, 0.754], [0.447, 13.571, 10.829, 0.754], [1, 0]]
[[0.464, 13.778, 9.611, 0.739], [0.463, 14.509, 11.764, 0.746], [0, 1]]
[[0.482, 14.085, 10.859, 0.751], [0.448, 14.861, 11.472, 0.741], [1, 0]]
[[0.483, 14.145, 11.079, 0.743], [0.442, 13.039, 10.724, 0.775], [1, 0]]
[[0.439, 13.02, 10.776, 0.729], [0.448, 12.021, 10.479, 0.743], [0, 1]]
[[0.446, 14.377, 10.754, 0.761], [0.463, 13.862, 9.69, 0.737], [1, 0]]
[[0.457, 13.761, 12.136, 0.739], [0.444, 12.784, 10.386, 0.711], [0, 1]]
[[0.457, 12.632, 11.386, 0.763], [0.437, 12.931, 10.638, 0.769], [0, 1]]
[[0.454, 12.299, 10.922, 0.766], [0.464, 14.792, 11.558, 0.752], [1, 0]]
[[0.449, 12.957, 10.239, 0.748], [0.452, 14.196, 11.087, 0.761], [0, 1]]
[[0.458, 12.409, 11.273, 0.768], [0.452, 12.848, 10.727, 0.764], [1, 0]]
[[0.247, 5.0, 4.5, 0.352], [0.25, 3.5, 3.5, 0.342], [1, 0]]
[[0.185, 7.5, 6.5, 0.334], [0.241, 7.5, 7.0, 0.365], [0, 1]]
[[0.444, 12.25, 11.375, 0.71], [0.443, 12.792, 10.167, 0.743], [0, 1]]
[[0.365, 10.167, 9.167, 0.655], [0.353, 10.4, 9.2, 0.603], [0, 1]]
[[0.455, 13.71, 10.754, 0.78], [0.458, 14.571, 10.529, 0.777], [0, 1]]
[[0.456, 12.722, 11.259, 0.764], [0.463, 13.745, 9.709, 0.736], [1, 0]]
[[0.428, 13.867, 10.933, 0.739], [0.425, 12.29, 11.548, 0.773], [0, 1]]
[[0.423, 12.75, 9.333, 0.73], [0.412, 11.727, 10.182, 0.691], [1, 0]]
[[0.45, 14.792, 11.416, 0.739], [0.463, 14.711, 11.605, 0.751], [1, 0]]
[[0.456, 12.717, 11.283, 0.763], [0.447, 14.182, 12.836, 0.767], [0, 1]]
[[0.392, 14.538, 10.308, 0.702], [0.415, 13.167, 9.75, 0.667], [1, 0]]
[[0.447, 12.944, 10.167, 0.754], [0.445, 14.339, 10.814, 0.765], [1, 0]]
[[0.448, 12.171, 10.971, 0.773], [0.449, 14.424, 11.667, 0.749], [0, 1]]
[[0.457, 13.29, 11.116, 0.763], [0.464, 14.638, 11.638, 0.751], [0, 1]]
[[0.184, 7.5, 8.5, 0.315], [0.229, 7.0, 6.5, 0.379], [1, 0]]
[[0.461, 13.788, 12.091, 0.758], [0.453, 11.077, 9.292, 0.754], [1, 0]]
[[0.456, 13.806, 10.847, 0.779], [0.447, 13.753, 10.671, 0.752], [0, 1]]
[[0.437, 12.0, 10.143, 0.762], [0.432, 12.0, 11.118, 0.696], [1, 0]]
[[0.444, 12.862, 10.4, 0.758], [0.479, 14.152, 10.621, 0.749], [1, 0]]
[[0.453, 14.339, 12.0, 0.742], [0.457, 14.422, 11.391, 0.774], [0, 1]]
[[0.44, 14.136, 12.051, 0.786], [0.45, 12.661, 10.576, 0.757], [0, 1]]
[[0.42, 14.478, 11.217, 0.752], [0.448, 12.875, 9.208, 0.726], [0, 1]]
[[0.434, 13.13, 10.891, 0.724], [0.444, 14.479, 10.667, 0.76], [0, 1]]
[[0.434, 13.455, 11.341, 0.744], [0.444, 14.283, 13.37, 0.759], [0, 1]]
[[0.452, 12.924, 10.38, 0.75], [0.448, 11.808, 9.782, 0.782], [0, 1]]
[[0.448, 12.254, 9.937, 0.795], [0.441, 12.887, 10.661, 0.767], [0, 1]]
[[0.427, 15.273, 11.515, 0.746], [0.449, 10.719, 8.781, 0.728], [1, 0]]
[[0.437, 15.0, 11.122, 0.752], [0.444, 12.711, 11.132, 0.739], [1, 0]]
[[0.451, 13.186, 10.209, 0.744], [0.434, 11.675, 9.475, 0.762], [0, 1]]
[[0.447, 14.771, 12.457, 0.724], [0.423, 12.486, 10.757, 0.745], [1, 0]]
[[0.449, 12.3, 9.717, 0.791], [0.451, 12.789, 11.228, 0.759], [1, 0]]
[[0.453, 12.157, 11.071, 0.738], [0.445, 12.5, 11.2, 0.802], [1, 0]]
[[0.398, 13.571, 11.214, 0.727], [0.412, 14.077, 13.0, 0.683], [1, 0]]
[[0.441, 12.6, 10.343, 0.745], [0.447, 14.513, 10.821, 0.739], [1, 0]]
[[0.443, 12.237, 10.079, 0.781], [0.461, 13.026, 9.132, 0.739], [1, 0]]
[[0.448, 11.743, 9.657, 0.778], [0.454, 14.451, 12.394, 0.777], [1, 0]]
[[0.425, 11.846, 10.154, 0.699], [0.418, 13.429, 10.071, 0.745], [1, 0]]
[[0.436, 10.833, 8.722, 0.722], [0.431, 12.889, 10.278, 0.723], [0, 1]]
[[0.431, 13.9, 8.5, 0.707], [0.401, 12.444, 10.333, 0.684], [1, 0]]
[[0.22, 6.5, 5.5, 0.344], [0.25, 6.5, 4.0, 0.352], [1, 0]]
[[0.444, 12.59, 11.0, 0.742], [0.43, 13.641, 11.0, 0.744], [1, 0]]
[[0.453, 11.076, 9.258, 0.753], [0.441, 13.101, 10.565, 0.767], [1, 0]]
[[0.398, 13.125, 9.25, 0.699], [0.377, 13.5, 10.375, 0.673], [1, 0]]
[[0.427, 13.105, 10.0, 0.745], [0.438, 13.722, 8.944, 0.719], [1, 0]]
[[0.452, 14.048, 10.905, 0.754], [0.438, 12.41, 10.513, 0.742], [1, 0]]
[[0.439, 14.95, 10.35, 0.755], [0.442, 12.231, 10.077, 0.781], [1, 0]]
[[0.462, 13.821, 12.119, 0.756], [0.444, 12.529, 11.235, 0.804], [1, 0]]
[[0.446, 10.929, 8.821, 0.728], [0.456, 14.6, 9.667, 0.75], [1, 0]]
[[0.453, 10.821, 9.154, 0.749], [0.457, 14.41, 11.5, 0.775], [1, 0]]
[[0.471, 14.0, 10.691, 0.751], [0.456, 14.286, 11.286, 0.767], [1, 0]]
[[0.467, 13.42, 9.16, 0.735], [0.438, 13.216, 11.275, 0.755], [0, 1]]
[[0.453, 14.3, 10.05, 0.732], [0.394, 11.941, 12.294, 0.774], [0, 1]]
[[0.445, 14.583, 11.75, 0.736], [0.425, 12.958, 11.167, 0.742], [1, 0]]
[[0.444, 10.609, 8.783, 0.723], [0.428, 12.783, 10.957, 0.741], [1, 0]]
[[0.452, 14.838, 12.108, 0.744], [0.429, 12.182, 9.333, 0.77], [1, 0]]
[[0.456, 12.636, 11.382, 0.764], [0.448, 12.446, 11.036, 0.733], [1, 0]]
[[0.468, 13.684, 10.289, 0.739], [0.442, 12.872, 11.359, 0.748], [0, 1]]
[[0.407, 10.2, 8.6, 0.728], [0.397, 11.556, 8.667, 0.637], [0, 1]]
[[0.417, 13.7, 9.85, 0.743], [0.422, 12.895, 10.895, 0.677], [1, 0]]
[[0.446, 12.5, 10.382, 0.741], [0.439, 12.364, 11.091, 0.736], [1, 0]]
[[0.456, 14.127, 11.145, 0.766], [0.443, 11.904, 9.558, 0.766], [0, 1]]
[[0.445, 14.458, 10.333, 0.752], [0.458, 14.396, 10.458, 0.777], [1, 0]]
[[0.43, 14.577, 10.231, 0.746], [0.452, 14.593, 11.407, 0.726], [1, 0]]
[[0.445, 13.06, 10.433, 0.719], [0.463, 14.574, 11.662, 0.751], [1, 0]]
[[0.454, 12.447, 10.763, 0.76], [0.45, 11.658, 11.171, 0.757], [1, 0]]
[[0.329, 14.6, 10.6, 0.618], [0.366, 10.6, 10.4, 0.571], [0, 1]]
[[0.46, 13.976, 12.012, 0.752], [0.465, 14.798, 11.5, 0.753], [1, 0]]
[[0.451, 11.075, 9.269, 0.754], [0.456, 14.676, 11.471, 0.778], [0, 1]]
[[0.442, 12.964, 10.375, 0.716], [0.445, 12.929, 10.464, 0.735], [1, 0]]
[[0.454, 10.786, 9.19, 0.751], [0.45, 12.274, 10.905, 0.805], [0, 1]]
[[0.428, 14.167, 11.208, 0.751], [0.462, 14.72, 9.84, 0.737], [1, 0]]
[[0.391, 15.4, 9.5, 0.696], [0.408, 7.25, 9.25, 0.685], [1, 0]]
[[0.457, 12.556, 11.286, 0.767], [0.453, 12.54, 11.206, 0.764], [1, 0]]
[[0.443, 14.017, 10.183, 0.749], [0.442, 13.593, 10.983, 0.75], [0, 1]]
[[0.463, 13.576, 10.212, 0.73], [0.441, 14.917, 11.361, 0.751], [0, 1]]
[[0.44, 14.878, 10.415, 0.756], [0.443, 12.2, 9.975, 0.782], [1, 0]]
[[0.438, 14.167, 11.704, 0.78], [0.443, 12.943, 10.566, 0.73], [0, 1]]
[[0.433, 13.862, 10.517, 0.769], [0.431, 12.897, 10.931, 0.746], [0, 1]]
[[0.452, 14.146, 11.049, 0.764], [0.454, 14.625, 11.725, 0.745], [1, 0]]
[[0.457, 13.779, 12.337, 0.74], [0.444, 12.814, 10.337, 0.711], [1, 0]]
[[0.443, 12.73, 11.081, 0.735], [0.441, 14.179, 10.359, 0.727], [0, 1]]
[[0.411, 13.7, 9.3, 0.645], [0.38, 13.1, 10.8, 0.721], [1, 0]]
[[0.436, 14.02, 11.667, 0.778], [0.444, 12.085, 9.511, 0.76], [1, 0]]
[[0.434, 12.704, 10.852, 0.727], [0.43, 14.214, 13.964, 0.745], [1, 0]]
[[0.223, 8.0, 5.0, 0.309], [0.254, 9.0, 7.0, 0.375], [0, 1]]
[[0.447, 13.619, 9.952, 0.724], [0.405, 12.105, 12.263, 0.774], [0, 1]]
[[0.352, 15.0, 10.625, 0.636], [0.391, 13.0, 8.286, 0.704], [1, 0]]
[[0.347, 9.0, 10.25, 0.547], [0.34, 13.0, 6.25, 0.611], [1, 0]]
[[0.432, 15.038, 11.231, 0.745], [0.429, 14.222, 13.926, 0.747], [1, 0]]
[[0.346, 12.5, 7.5, 0.561], [0.348, 10.0, 7.0, 0.504], [0, 1]]
[[0.447, 11.77, 9.59, 0.767], [0.442, 12.619, 11.143, 0.804], [1, 0]]
[[0.444, 12.839, 10.371, 0.756], [0.448, 13.812, 10.0, 0.753], [0, 1]]
[[0.441, 12.852, 10.296, 0.716], [0.445, 11.811, 9.509, 0.763], [0, 1]]
[[0.454, 12.293, 10.854, 0.764], [0.449, 12.329, 10.951, 0.805], [0, 1]]
[[0.39, 12.4, 10.6, 0.692], [0.371, 10.333, 11.667, 0.723], [1, 0]]
[[0.433, 12.364, 10.273, 0.786], [0.439, 14.529, 11.0, 0.739], [0, 1]]
[[0.429, 12.133, 11.333, 0.687], [0.418, 12.294, 10.765, 0.721], [0, 1]]
[[0.404, 13.444, 9.0, 0.638], [0.391, 13.1, 9.3, 0.7], [1, 0]]
[[0.443, 12.483, 11.345, 0.732], [0.443, 13.531, 10.875, 0.747], [1, 0]]
[[0.446, 12.757, 10.414, 0.757], [0.453, 12.197, 11.099, 0.738], [1, 0]]
[[0.455, 12.65, 11.067, 0.762], [0.44, 12.885, 10.705, 0.764], [0, 1]]
[[0.172, 6.0, 6.5, 0.285], [0.192, 8.0, 7.5, 0.346], [0, 1]]
[[0.453, 14.357, 12.089, 0.739], [0.449, 12.759, 10.569, 0.753], [0, 1]]
[[0.442, 12.76, 10.36, 0.723], [0.445, 14.577, 10.692, 0.763], [0, 1]]
[[0.425, 15.484, 11.677, 0.746], [0.449, 14.968, 11.806, 0.732], [1, 0]]
[[0.432, 13.32, 10.8, 0.686], [0.451, 14.462, 11.577, 0.727], [1, 0]]
[[0.436, 12.062, 9.938, 0.729], [0.417, 12.438, 10.5, 0.717], [1, 0]]
[[0.443, 14.955, 11.955, 0.735], [0.455, 13.792, 10.167, 0.725], [1, 0]]
[[0.432, 14.139, 11.444, 0.768], [0.453, 14.432, 10.405, 0.763], [1, 0]]
[[0.451, 12.149, 11.06, 0.74], [0.446, 14.015, 10.926, 0.769], [1, 0]]
[[0.439, 13.529, 9.706, 0.703], [0.416, 10.929, 9.786, 0.698], [1, 0]]
[[0.346, 11.333, 5.333, 0.457], [0.304, 7.667, 7.0, 0.479], [0, 1]]
[[0.456, 12.472, 11.208, 0.769], [0.455, 14.029, 12.314, 0.744], [0, 1]]
[[0.445, 12.962, 10.253, 0.715], [0.464, 14.038, 9.633, 0.742], [1, 0]]
[[0.449, 11.806, 11.134, 0.755], [0.445, 12.493, 11.13, 0.804], [0, 1]]
[[0.44, 14.123, 12.015, 0.791], [0.45, 13.047, 10.578, 0.75], [0, 1]]
[[0.362, 13.625, 11.0, 0.718], [0.401, 12.714, 10.857, 0.699], [0, 1]]
[[0.359, 13.667, 10.0, 0.606], [0.374, 12.25, 11.0, 0.664], [1, 0]]
[[0.462, 13.955, 11.364, 0.755], [0.449, 10.909, 9.273, 0.755], [1, 0]]
[[0.451, 10.732, 9.049, 0.747], [0.44, 13.881, 10.333, 0.724], [1, 0]]
[[0.404, 12.05, 10.2, 0.742], [0.428, 13.474, 10.211, 0.752], [1, 0]]
[[0.44, 11.963, 11.0, 0.773], [0.458, 14.741, 9.63, 0.741], [1, 0]]
[[0.467, 13.94, 10.48, 0.749], [0.449, 12.02, 10.62, 0.745], [1, 0]]
[[0.46, 13.873, 12.143, 0.756], [0.453, 12.597, 11.129, 0.762], [1, 0]]
[[0.213, 10.5, 4.0, 0.363], [0.246, 10.5, 2.5, 0.414], [1, 0]]
[[0.456, 13.853, 10.693, 0.781], [0.464, 14.703, 11.527, 0.75], [0, 1]]
[[0.452, 12.759, 11.172, 0.761], [0.464, 14.559, 11.61, 0.742], [0, 1]]
[[0.458, 14.062, 12.15, 0.749], [0.451, 14.605, 11.37, 0.743], [1, 0]]
[[0.459, 12.513, 11.289, 0.771], [0.456, 14.474, 11.566, 0.775], [1, 0]]
[[0.44, 13.37, 9.926, 0.757], [0.433, 14.815, 11.111, 0.742], [1, 0]]
[[0.435, 14.093, 11.279, 0.776], [0.436, 13.902, 10.829, 0.778], [0, 1]]
[[0.448, 13.671, 10.096, 0.756], [0.446, 13.694, 10.681, 0.751], [1, 0]]
[[0.436, 13.952, 10.786, 0.774], [0.47, 13.951, 10.22, 0.745], [1, 0]]
[[0.467, 13.571, 10.286, 0.736], [0.429, 13.763, 11.132, 0.744], [1, 0]]
[[0.443, 12.179, 10.75, 0.748], [0.421, 12.069, 11.0, 0.734], [0, 1]]
[[0.407, 16.235, 11.176, 0.738], [0.415, 12.6, 10.6, 0.665], [0, 1]]
[[0.443, 12.817, 10.78, 0.78], [0.448, 11.707, 9.793, 0.781], [1, 0]]
[[0.373, 15.0, 9.5, 0.642], [0.402, 12.625, 10.75, 0.656], [1, 0]]
[[0.445, 14.464, 11.786, 0.749], [0.461, 12.893, 9.071, 0.728], [1, 0]]
[[0.451, 12.944, 10.592, 0.749], [0.463, 14.225, 9.803, 0.737], [1, 0]]
[[0.458, 12.516, 11.344, 0.766], [0.46, 13.859, 12.125, 0.758], [1, 0]]
[[0.4, 11.6, 9.9, 0.707], [0.405, 12.091, 11.364, 0.658], [1, 0]]
[[0.423, 12.35, 10.85, 0.726], [0.428, 13.619, 10.0, 0.742], [0, 1]]
[[0.452, 11.042, 9.271, 0.758], [0.441, 14.2, 13.06, 0.762], [1, 0]]
[[0.448, 14.707, 11.52, 0.742], [0.454, 14.405, 12.432, 0.779], [1, 0]]
[[0.444, 13.887, 10.831, 0.769], [0.444, 12.479, 11.197, 0.8], [0, 1]]
[[0.46, 14.836, 10.59, 0.777], [0.441, 13.6, 10.983, 0.748], [1, 0]]
[[0.394, 14.267, 10.467, 0.711], [0.41, 10.75, 10.5, 0.69], [1, 0]]
[[0.443, 14.532, 10.319, 0.751], [0.432, 12.422, 11.2, 0.798], [1, 0]]
[[0.415, 13.2, 7.4, 0.696], [0.374, 12.333, 11.556, 0.688], [0, 1]]
[[0.446, 14.922, 11.328, 0.739], [0.465, 14.667, 11.635, 0.746], [0, 1]]
[[0.44, 12.08, 10.56, 0.765], [0.45, 14.32, 11.6, 0.727], [0, 1]]
[[0.457, 13.212, 10.985, 0.762], [0.447, 11.75, 9.547, 0.773], [0, 1]]
[[0.453, 12.926, 11.074, 0.763], [0.446, 14.34, 10.472, 0.722], [0, 1]]
[[0.438, 12.268, 10.537, 0.748], [0.464, 13.0, 8.976, 0.734], [1, 0]]
[[0.431, 12.913, 9.826, 0.765], [0.437, 12.182, 10.091, 0.726], [1, 0]]
[[0.465, 14.84, 11.37, 0.751], [0.455, 14.259, 12.481, 0.78], [0, 1]]
[[0.454, 12.549, 10.293, 0.791], [0.458, 13.256, 11.28, 0.762], [1, 0]]
[[0.454, 14.68, 12.02, 0.738], [0.439, 12.98, 10.74, 0.731], [1, 0]]
[[0.445, 14.406, 10.75, 0.768], [0.449, 12.623, 10.656, 0.762], [0, 1]]
[[0.46, 14.032, 12.242, 0.756], [0.462, 13.967, 9.75, 0.738], [1, 0]]
[[0.432, 13.462, 8.385, 0.694], [0.415, 13.917, 11.167, 0.695], [0, 1]]
[[0.427, 12.739, 10.609, 0.725], [0.423, 12.391, 10.957, 0.698], [1, 0]]
[[0.429, 12.579, 10.316, 0.724], [0.425, 14.1, 11.1, 0.733], [1, 0]]
[[0.463, 13.979, 11.447, 0.754], [0.463, 13.426, 9.106, 0.739], [1, 0]]
[[0.448, 11.763, 9.75, 0.782], [0.456, 14.416, 12.364, 0.779], [0, 1]]
[[0.441, 13.476, 9.857, 0.758], [0.439, 14.476, 10.524, 0.703], [1, 0]]
[[0.451, 12.762, 10.651, 0.764], [0.444, 13.129, 10.323, 0.721], [0, 1]]
[[0.427, 10.154, 9.231, 0.727], [0.428, 13.714, 10.5, 0.707], [1, 0]]
[[0.222, 4.5, 5.0, 0.383], [0.221, 7.0, 9.0, 0.29], [0, 1]]
[[0.458, 13.224, 11.075, 0.76], [0.445, 13.061, 10.318, 0.722], [0, 1]]
[[0.461, 14.52, 11.78, 0.739], [0.443, 14.327, 10.49, 0.726], [1, 0]]
[[0.45, 12.808, 9.077, 0.731], [0.426, 12.455, 9.273, 0.751], [0, 1]]
[[0.459, 12.494, 11.325, 0.769], [0.443, 12.936, 10.744, 0.777], [0, 1]]
[[0.446, 12.321, 10.295, 0.762], [0.453, 10.818, 9.156, 0.75], [1, 0]]
[[0.435, 14.773, 12.318, 0.704], [0.432, 12.0, 10.5, 0.723], [0, 1]]
[[0.462, 14.059, 11.953, 0.752], [0.465, 14.835, 11.471, 0.753], [1, 0]]
[[0.404, 16.375, 11.25, 0.734], [0.416, 13.692, 11.077, 0.681], [1, 0]]
[[0.439, 14.089, 11.378, 0.775], [0.445, 12.63, 10.13, 0.78], [0, 1]]
[[0.457, 13.765, 12.412, 0.74], [0.445, 12.8, 10.353, 0.71], [0, 1]]
[[0.448, 14.0, 11.827, 0.787], [0.452, 14.358, 10.469, 0.742], [1, 0]]
[[0.352, 14.4, 8.0, 0.625], [0.314, 9.75, 10.0, 0.523], [1, 0]]
[[0.462, 14.287, 10.688, 0.773], [0.45, 13.625, 10.738, 0.746], [0, 1]]
[[0.417, 14.615, 10.923, 0.697], [0.455, 14.25, 9.625, 0.724], [1, 0]]
[[0.459, 14.737, 10.737, 0.776], [0.463, 13.768, 9.643, 0.738], [1, 0]]
[[0.441, 12.882, 9.941, 0.745], [0.416, 14.353, 13.412, 0.708], [1, 0]]
[[0.457, 13.347, 11.333, 0.761], [0.482, 14.0, 10.8, 0.75], [0, 1]]
[[0.483, 14.21, 11.235, 0.74], [0.454, 12.309, 10.901, 0.762], [1, 0]]
[[0.453, 14.588, 12.216, 0.741], [0.466, 14.02, 10.569, 0.75], [1, 0]]
[[0.452, 12.5, 10.824, 0.76], [0.452, 12.32, 11.04, 0.765], [0, 1]]
[[0.464, 13.538, 9.385, 0.736], [0.443, 11.98, 9.48, 0.765], [1, 0]]
[[0.465, 13.978, 10.244, 0.745], [0.45, 10.848, 9.326, 0.756], [0, 1]]
[[0.447, 12.269, 11.385, 0.72], [0.422, 12.259, 11.444, 0.772], [0, 1]]
[[0.446, 12.947, 10.439, 0.737], [0.449, 11.821, 10.661, 0.747], [1, 0]]
[[0.457, 14.481, 11.506, 0.776], [0.447, 13.744, 10.923, 0.768], [0, 1]]
[[0.457, 14.558, 10.326, 0.77], [0.451, 14.636, 10.659, 0.742], [0, 1]]
[[0.453, 13.018, 11.088, 0.763], [0.449, 11.073, 9.418, 0.76], [0, 1]]
[[0.444, 13.113, 10.352, 0.718], [0.454, 13.775, 10.803, 0.779], [1, 0]]
[[0.353, 12.5, 9.167, 0.692], [0.398, 12.167, 10.0, 0.584], [0, 1]]
[[0.412, 16.111, 11.056, 0.738], [0.417, 12.267, 10.333, 0.704], [0, 1]]
[[0.458, 12.426, 11.265, 0.768], [0.462, 13.955, 9.851, 0.734], [1, 0]]
[[0.433, 13.188, 10.938, 0.682], [0.439, 12.733, 10.5, 0.747], [0, 1]]
[[0.447, 12.865, 10.115, 0.753], [0.466, 14.038, 10.635, 0.751], [1, 0]]
[[0.433, 14.184, 11.368, 0.769], [0.451, 14.103, 10.923, 0.758], [0, 1]]
[[0.462, 14.014, 12.069, 0.756], [0.45, 11.611, 11.167, 0.756], [1, 0]]
[[0.453, 12.836, 10.701, 0.764], [0.444, 13.567, 10.746, 0.752], [0, 1]]
[[0.438, 13.953, 10.791, 0.776], [0.463, 13.279, 9.023, 0.733], [1, 0]]
[[0.444, 12.883, 10.417, 0.758], [0.447, 12.95, 10.483, 0.743], [1, 0]]
[[0.451, 14.667, 12.0, 0.737], [0.434, 12.476, 11.262, 0.792], [0, 1]]
[[0.433, 14.135, 11.378, 0.771], [0.441, 12.667, 11.139, 0.736], [1, 0]]
[[0.426, 13.826, 10.261, 0.747], [0.429, 14.905, 11.143, 0.732], [1, 0]]
[[0.454, 12.2, 10.863, 0.762], [0.455, 14.278, 12.38, 0.78], [1, 0]]
[[0.374, 12.667, 8.333, 0.644], [0.339, 14.167, 10.167, 0.657], [1, 0]]
[[0.448, 13.916, 11.892, 0.786], [0.172, 8.5, 11.5, 0.375], [0, 1]]
[[0.45, 10.956, 9.311, 0.754], [0.457, 14.553, 11.894, 0.74], [1, 0]]
[[0.465, 14.607, 11.623, 0.741], [0.452, 14.617, 12.583, 0.773], [1, 0]]
[[0.44, 15.056, 10.083, 0.757], [0.436, 14.061, 10.606, 0.774], [0, 1]]
[[0.433, 12.889, 10.852, 0.744], [0.421, 12.214, 10.857, 0.735], [0, 1]]
[[0.478, 14.27, 10.698, 0.75], [0.441, 12.969, 10.625, 0.765], [0, 1]]
[[0.442, 12.771, 10.735, 0.78], [0.45, 12.313, 10.892, 0.804], [0, 1]]
[[0.45, 12.35, 11.075, 0.77], [0.449, 13.098, 10.366, 0.746], [1, 0]]
[[0.331, 5.667, 3.333, 0.584], [0.342, 12.667, 7.0, 0.557], [0, 1]]
[[0.456, 13.048, 11.081, 0.763], [0.458, 14.371, 11.371, 0.771], [0, 1]]
[[0.35, 13.2, 8.4, 0.59], [0.363, 11.5, 12.167, 0.575], [0, 1]]
[[0.41, 13.778, 11.389, 0.737], [0.424, 14.778, 12.444, 0.682], [1, 0]]
[[0.465, 13.449, 9.224, 0.737], [0.434, 12.549, 10.647, 0.765], [1, 0]]
[[0.402, 14.118, 10.118, 0.728], [0.418, 14.375, 13.562, 0.701], [1, 0]]
[[0.452, 10.778, 8.889, 0.737], [0.427, 13.667, 11.222, 0.744], [1, 0]]
[[0.446, 13.182, 9.0, 0.722], [0.414, 12.364, 9.909, 0.737], [1, 0]]
[[0.438, 14.727, 11.295, 0.755], [0.433, 13.7, 11.05, 0.743], [0, 1]]
[[0.446, 14.164, 10.273, 0.752], [0.443, 11.941, 9.49, 0.765], [1, 0]]
[[0.353, 14.857, 10.429, 0.63], [0.379, 15.857, 9.143, 0.647], [1, 0]]
[[0.443, 14.211, 10.825, 0.763], [0.451, 11.962, 10.604, 0.749], [1, 0]]
[[0.423, 12.846, 9.308, 0.732], [0.408, 12.417, 10.5, 0.724], [0, 1]]
[[0.213, 10.5, 4.0, 0.363], [0.223, 8.0, 5.0, 0.309], [0, 1]]
[[0.444, 14.547, 10.827, 0.77], [0.45, 12.905, 10.568, 0.752], [0, 1]]
[[0.445, 12.873, 10.302, 0.756], [0.45, 12.905, 10.46, 0.749], [1, 0]]
[[0.447, 13.811, 10.811, 0.781], [0.439, 13.315, 11.111, 0.751], [0, 1]]
[[0.436, 12.864, 10.614, 0.707], [0.435, 13.302, 10.884, 0.715], [0, 1]]
[[0.445, 14.537, 10.776, 0.771], [0.449, 14.531, 12.516, 0.778], [1, 0]]
[[0.392, 13.75, 11.167, 0.739], [0.385, 12.583, 11.417, 0.714], [0, 1]]
[[0.444, 12.81, 11.476, 0.753], [0.436, 11.634, 9.585, 0.762], [1, 0]]
[[0.445, 12.694, 10.583, 0.738], [0.455, 14.417, 10.222, 0.759], [1, 0]]
[[0.45, 12.933, 10.156, 0.748], [0.463, 13.114, 9.023, 0.734], [1, 0]]
[[0.432, 12.63, 9.741, 0.776], [0.441, 13.821, 10.393, 0.752], [0, 1]]
[[0.461, 12.512, 11.179, 0.771], [0.442, 12.714, 10.786, 0.778], [0, 1]]
[[0.447, 14.743, 11.541, 0.743], [0.448, 12.507, 11.096, 0.799], [1, 0]]
[[0.444, 12.353, 10.882, 0.741], [0.423, 12.417, 10.583, 0.745], [1, 0]]
[[0.461, 14.528, 10.389, 0.777], [0.463, 14.181, 9.722, 0.738], [0, 1]]
[[0.454, 14.605, 12.0, 0.739], [0.439, 13.977, 10.773, 0.776], [1, 0]]
[[0.449, 12.377, 9.82, 0.791], [0.475, 14.203, 10.763, 0.755], [0, 1]]
[[0.432, 12.68, 9.6, 0.772], [0.433, 12.083, 10.542, 0.737], [0, 1]]
[[0.454, 12.153, 11.097, 0.738], [0.453, 12.333, 11.153, 0.766], [1, 0]]
[[0.458, 12.486, 11.338, 0.769], [0.462, 14.164, 9.699, 0.737], [1, 0]]
[[0.443, 14.068, 10.136, 0.751], [0.446, 15.103, 11.052, 0.739], [1, 0]]
[[0.446, 14.685, 10.767, 0.772], [0.451, 12.597, 10.028, 0.792], [0, 1]]
[[0.441, 14.692, 10.942, 0.764], [0.449, 12.688, 10.604, 0.743], [1, 0]]
[[0.373, 11.333, 8.5, 0.582], [0.381, 12.667, 11.833, 0.631], [0, 1]]
[[0.462, 13.86, 11.488, 0.752], [0.446, 12.605, 11.372, 0.749], [1, 0]]
[[0.448, 12.838, 10.378, 0.743], [0.462, 13.0, 9.162, 0.74], [1, 0]]
[[0.454, 14.246, 12.049, 0.744], [0.464, 14.081, 9.774, 0.735], [1, 0]]
[[0.435, 12.692, 9.538, 0.777], [0.423, 12.04, 11.52, 0.766], [0, 1]]
[[0.34, 9.5, 9.25, 0.457], [0.355, 12.2, 10.2, 0.663], [1, 0]]
[[0.456, 13.098, 11.098, 0.763], [0.45, 12.525, 11.098, 0.739], [0, 1]]
[[0.439, 14.321, 11.964, 0.783], [0.445, 15.232, 11.0, 0.737], [1, 0]]
[[0.44, 12.788, 10.606, 0.746], [0.426, 13.559, 11.118, 0.746], [1, 0]]
[[0.435, 12.0, 10.05, 0.761], [0.426, 13.278, 10.944, 0.714], [1, 0]]
[[0.438, 13.167, 9.778, 0.754], [0.412, 15.7, 11.7, 0.74], [1, 0]]
[[0.184, 6.0, 5.5, 0.42], [0.192, 8.0, 7.5, 0.346], [0, 1]]
[[0.442, 14.286, 11.071, 0.763], [0.432, 11.692, 9.487, 0.764], [0, 1]]
[[0.403, 14.125, 11.5, 0.669], [0.399, 13.375, 10.125, 0.646], [0, 1]]
[[0.432, 15.081, 11.081, 0.749], [0.439, 12.278, 10.167, 0.787], [1, 0]]
[[0.456, 12.517, 11.414, 0.765], [0.451, 10.947, 9.316, 0.761], [0, 1]]
[[0.45, 12.472, 10.943, 0.736], [0.451, 12.0, 10.673, 0.747], [1, 0]]
[[0.445, 12.648, 10.352, 0.758], [0.453, 12.606, 10.887, 0.761], [1, 0]]
[[0.454, 14.408, 11.286, 0.76], [0.46, 14.42, 10.68, 0.774], [0, 1]]
[[0.45, 14.972, 12.028, 0.745], [0.434, 14.541, 13.676, 0.753], [1, 0]]
[[0.437, 15.05, 10.975, 0.749], [0.441, 12.892, 11.108, 0.749], [0, 1]]
[[0.426, 14.167, 10.083, 0.75], [0.45, 12.238, 10.667, 0.711], [1, 0]]
[[0.453, 12.287, 10.688, 0.761], [0.449, 11.525, 11.125, 0.757], [0, 1]]
[[0.446, 12.639, 10.375, 0.759], [0.452, 12.528, 10.861, 0.76], [1, 0]]
[[0.446, 12.213, 10.4, 0.762], [0.455, 13.713, 12.312, 0.742], [1, 0]]
[[0.436, 14.096, 11.712, 0.777], [0.436, 12.431, 11.059, 0.799], [0, 1]]
[[0.451, 14.55, 12.25, 0.731], [0.454, 10.846, 8.897, 0.746], [1, 0]]
[[0.343, 9.333, 7.667, 0.43], [0.27, 8.333, 10.0, 0.497], [1, 0]]
[[0.43, 13.5, 10.167, 0.75], [0.399, 12.0, 12.111, 0.776], [0, 1]]
[[0.448, 12.268, 10.378, 0.762], [0.45, 13.671, 10.988, 0.771], [1, 0]]
[[0.396, 11.429, 7.571, 0.637], [0.4, 13.778, 10.778, 0.663], [1, 0]]
[[0.45, 12.633, 10.517, 0.76], [0.445, 11.814, 9.492, 0.766], [0, 1]]
[[0.234, 6.5, 3.5, 0.322], [0.234, 8.0, 6.0, 0.393], [0, 1]]
[[0.484, 14.076, 11.203, 0.743], [0.449, 11.81, 9.734, 0.781], [1, 0]]
[[0.443, 13.973, 11.959, 0.788], [0.45, 12.863, 10.589, 0.75], [1, 0]]
[[0.459, 12.476, 11.268, 0.771], [0.456, 14.512, 11.512, 0.776], [1, 0]]
[[0.447, 13.645, 10.276, 0.756], [0.456, 14.581, 11.432, 0.778], [1, 0]]
[[0.441, 13.581, 10.097, 0.751], [0.428, 12.833, 11.167, 0.701], [1, 0]]
[[0.453, 10.831, 9.181, 0.749], [0.449, 11.675, 9.711, 0.78], [1, 0]]
[[0.437, 13.264, 11.151, 0.752], [0.445, 14.308, 10.481, 0.721], [0, 1]]
[[0.441, 14.867, 12.533, 0.728], [0.437, 14.968, 11.097, 0.737], [0, 1]]
[[0.417, 14.429, 11.286, 0.748], [0.441, 12.0, 10.947, 0.695], [1, 0]]
[[0.401, 14.167, 10.0, 0.631], [0.368, 10.6, 9.8, 0.561], [0, 1]]
[[0.445, 12.91, 10.478, 0.758], [0.451, 13.657, 10.821, 0.777], [1, 0]]
[[0.455, 12.702, 11.255, 0.76], [0.46, 14.51, 11.796, 0.739], [1, 0]]
[[0.449, 12.759, 10.556, 0.752], [0.454, 11.098, 9.294, 0.763], [0, 1]]
[[0.428, 13.73, 11.081, 0.74], [0.432, 12.059, 9.324, 0.769], [0, 1]]
[[0.455, 12.62, 11.1, 0.763], [0.456, 14.314, 11.314, 0.761], [0, 1]]
[[0.456, 13.875, 10.938, 0.78], [0.448, 11.57, 11.19, 0.759], [0, 1]]
[[0.415, 11.846, 10.231, 0.714], [0.418, 11.833, 10.0, 0.704], [0, 1]]
[[0.185, 7.5, 6.5, 0.334], [0.237, 4.5, 2.5, 0.416], [1, 0]]
[[0.465, 13.19, 8.881, 0.734], [0.441, 14.0, 10.372, 0.726], [0, 1]]
[[0.385, 12.75, 10.375, 0.672], [0.362, 9.286, 9.857, 0.71], [1, 0]]
[[0.42, 13.062, 10.125, 0.699], [0.424, 12.6, 10.333, 0.72], [0, 1]]
[[0.431, 14.065, 11.387, 0.763], [0.44, 12.267, 10.833, 0.73], [0, 1]]
[[0.445, 14.235, 10.314, 0.756], [0.455, 14.708, 12.0, 0.74], [1, 0]]
[[0.454, 13.738, 10.662, 0.779], [0.449, 11.844, 11.016, 0.751], [1, 0]]
[[0.448, 13.6, 9.95, 0.719], [0.423, 12.471, 9.294, 0.726], [0, 1]]
[[0.431, 14.96, 10.92, 0.741], [0.423, 12.292, 11.708, 0.765], [1, 0]]
[[0.444, 13.094, 10.359, 0.719], [0.449, 11.794, 10.825, 0.75], [0, 1]]
[[0.447, 12.887, 10.585, 0.749], [0.443, 12.745, 10.373, 0.722], [0, 1]]
[[0.457, 13.985, 11.97, 0.74], [0.481, 14.087, 10.797, 0.75], [0, 1]]
[[0.448, 13.667, 10.181, 0.756], [0.463, 14.143, 9.814, 0.736], [1, 0]]
[[0.247, 5.0, 4.5, 0.352], [0.25, 6.5, 4.0, 0.352], [1, 0]]
[[0.422, 13.0, 10.611, 0.681], [0.42, 14.882, 11.941, 0.728], [1, 0]]
[[0.423, 14.12, 11.24, 0.76], [0.437, 13.556, 10.407, 0.712], [0, 1]]
[[0.237, 9.5, 6.5, 0.375], [0.254, 9.0, 7.0, 0.375], [0, 1]]
[[0.45, 11.036, 9.393, 0.761], [0.44, 12.579, 11.0, 0.797], [1, 0]]
[[0.449, 13.622, 10.207, 0.753], [0.456, 13.793, 12.439, 0.741], [1, 0]]
[[0.434, 11.778, 9.417, 0.768], [0.432, 12.35, 11.3, 0.792], [1, 0]]
[[0.411, 12.19, 10.095, 0.738], [0.425, 14.4, 14.1, 0.733], [1, 0]]
[[0.442, 14.8, 11.171, 0.751], [0.447, 14.595, 10.784, 0.741], [0, 1]]
[[0.46, 13.831, 12.108, 0.757], [0.442, 13.149, 10.612, 0.768], [1, 0]]
[[0.36, 10.4, 8.4, 0.65], [0.377, 10.8, 9.8, 0.556], [0, 1]]
[[0.45, 12.266, 11.109, 0.74], [0.449, 11.742, 10.903, 0.749], [1, 0]]
[[0.458, 13.915, 12.134, 0.749], [0.463, 14.136, 9.679, 0.741], [1, 0]]
[[0.413, 13.4, 10.533, 0.745], [0.418, 12.615, 8.923, 0.705], [0, 1]]
[[0.448, 13.648, 10.085, 0.756], [0.451, 11.043, 9.159, 0.749], [1, 0]]
[[0.441, 12.467, 11.233, 0.735], [0.423, 12.03, 10.636, 0.742], [1, 0]]
[[0.405, 12.231, 11.077, 0.657], [0.418, 14.5, 10.833, 0.709], [1, 0]]
[[0.453, 12.644, 11.089, 0.762], [0.438, 13.378, 11.356, 0.743], [1, 0]]
[[0.45, 12.348, 9.924, 0.794], [0.455, 14.286, 11.968, 0.742], [0, 1]]
[[0.445, 12.432, 10.159, 0.786], [0.444, 12.537, 10.902, 0.741], [0, 1]]
[[0.451, 14.314, 11.629, 0.759], [0.435, 14.579, 13.579, 0.75], [1, 0]]
[[0.461, 13.804, 11.457, 0.756], [0.446, 12.739, 11.63, 0.754], [1, 0]]
[[0.484, 14.232, 11.256, 0.739], [0.463, 14.159, 9.634, 0.742], [1, 0]]
[[0.461, 13.927, 12.036, 0.752], [0.448, 14.196, 12.875, 0.769], [1, 0]]
[[0.409, 14.316, 11.368, 0.744], [0.423, 15.0, 12.737, 0.687], [0, 1]]
[[0.437, 14.113, 11.755, 0.777], [0.45, 12.098, 10.765, 0.746], [1, 0]]
[[0.45, 13.042, 10.208, 0.746], [0.449, 12.702, 10.532, 0.742], [0, 1]]
[[0.44, 13.154, 10.038, 0.764], [0.429, 12.923, 11.077, 0.738], [1, 0]]
[[0.428, 14.556, 10.407, 0.745], [0.43, 12.577, 10.692, 0.726], [1, 0]]
[[0.436, 14.159, 11.477, 0.774], [0.443, 12.452, 10.929, 0.742], [0, 1]]
[[0.443, 14.566, 10.763, 0.769], [0.453, 12.507, 10.787, 0.759], [1, 0]]
[[0.453, 14.614, 12.0, 0.743], [0.439, 11.857, 9.595, 0.758], [0, 1]]
[[0.44, 13.933, 10.667, 0.777], [0.433, 12.553, 10.447, 0.759], [1, 0]]
[[0.447, 12.778, 10.689, 0.744], [0.436, 13.341, 10.864, 0.718], [0, 1]]
[[0.416, 13.727, 7.545, 0.702], [0.434, 14.636, 9.091, 0.696], [1, 0]]
[[0.449, 11.654, 11.218, 0.758], [0.453, 14.462, 10.397, 0.741], [1, 0]]
[[0.438, 13.875, 10.708, 0.714], [0.417, 12.227, 12.136, 0.768], [0, 1]]
[[0.419, 14.409, 11.227, 0.749], [0.427, 14.182, 11.182, 0.742], [1, 0]]
[[0.399, 11.5, 11.0, 0.634], [0.378, 10.9, 12.1, 0.733], [1, 0]]
[[0.455, 14.706, 10.294, 0.757], [0.442, 12.938, 10.469, 0.744], [0, 1]]
[[0.445, 14.783, 11.87, 0.729], [0.461, 14.75, 9.875, 0.738], [1, 0]]
[[0.448, 13.836, 10.0, 0.754], [0.462, 13.954, 9.708, 0.734], [1, 0]]
[[0.449, 13.805, 10.299, 0.755], [0.448, 13.874, 11.908, 0.784], [0, 1]]
[[0.444, 12.525, 11.025, 0.742], [0.439, 14.31, 13.667, 0.753], [0, 1]]
[[0.457, 14.704, 11.521, 0.775], [0.453, 12.338, 11.141, 0.767], [1, 0]]
[[0.332, 14.333, 10.667, 0.606], [0.338, 12.2, 9.0, 0.684], [1, 0]]
[[0.454, 14.673, 12.082, 0.74], [0.445, 14.549, 10.706, 0.765], [1, 0]]
[[0.449, 12.951, 10.475, 0.745], [0.478, 14.339, 10.742, 0.75], [1, 0]]
[[0.448, 12.288, 9.746, 0.788], [0.448, 13.679, 10.75, 0.78], [1, 0]]
[[0.465, 14.821, 11.526, 0.75], [0.449, 11.74, 9.766, 0.781], [1, 0]]
[[0.45, 13.761, 10.284, 0.754], [0.448, 13.864, 11.932, 0.785], [1, 0]]
[[0.432, 13.098, 11.024, 0.714], [0.453, 14.0, 10.791, 0.755], [1, 0]]
[[0.45, 12.861, 10.569, 0.75], [0.444, 13.89, 10.89, 0.764], [0, 1]]
[[0.448, 12.696, 10.411, 0.755], [0.441, 12.519, 11.037, 0.801], [0, 1]]
[[0.392, 9.625, 11.75, 0.648], [0.392, 13.0, 12.889, 0.625], [0, 1]]
[[0.442, 15.053, 10.211, 0.754], [0.423, 12.447, 10.711, 0.747], [0, 1]]
[[0.458, 12.479, 11.205, 0.769], [0.484, 14.096, 10.904, 0.749], [1, 0]]
[[0.424, 12.714, 10.952, 0.713], [0.429, 13.273, 10.136, 0.747], [1, 0]]
[[0.304, 12.667, 8.667, 0.487], [0.231, 9.5, 7.0, 0.404], [1, 0]]
[[0.452, 12.729, 10.914, 0.763], [0.451, 12.957, 10.522, 0.748], [1, 0]]
[[0.431, 14.027, 10.73, 0.782], [0.432, 11.943, 9.429, 0.766], [1, 0]]
[[0.4, 14.545, 11.091, 0.681], [0.434, 13.0, 8.429, 0.7], [1, 0]]
[[0.42, 14.688, 11.688, 0.731], [0.425, 14.0, 10.875, 0.693], [0, 1]]
[[0.436, 13.708, 10.042, 0.751], [0.447, 12.957, 9.13, 0.725], [0, 1]]
[[0.419, 10.083, 9.0, 0.72], [0.396, 15.231, 9.615, 0.702], [0, 1]]
[[0.45, 12.349, 11.079, 0.739], [0.447, 14.381, 10.651, 0.727], [0, 1]]
[[0.452, 14.026, 10.632, 0.757], [0.424, 12.538, 10.564, 0.748], [0, 1]]
[[0.455, 12.11, 11.027, 0.741], [0.452, 11.042, 9.139, 0.746], [0, 1]]
[[0.44, 14.968, 11.194, 0.747], [0.427, 12.429, 9.536, 0.765], [0, 1]]
[[0.42, 12.588, 10.647, 0.701], [0.442, 13.222, 9.667, 0.709], [1, 0]]
[[0.444, 12.859, 10.344, 0.757], [0.444, 13.569, 10.923, 0.753], [1, 0]]
[[0.434, 14.5, 11.062, 0.717], [0.433, 12.059, 10.0, 0.731], [1, 0]]
[[0.454, 14.421, 9.947, 0.726], [0.446, 14.056, 10.944, 0.731], [0, 1]]
[[0.413, 13.273, 10.091, 0.653], [0.383, 11.273, 12.364, 0.74], [0, 1]]
[[0.415, 14.538, 13.231, 0.682], [0.414, 13.615, 10.462, 0.739], [1, 0]]
[[0.435, 12.154, 10.885, 0.749], [0.423, 12.115, 11.346, 0.769], [1, 0]]
[[0.454, 14.023, 10.864, 0.759], [0.443, 14.273, 13.523, 0.759], [1, 0]]
[[0.475, 14.175, 10.596, 0.753], [0.444, 14.5, 10.603, 0.722], [1, 0]]
[[0.436, 12.111, 10.333, 0.751], [0.419, 12.438, 9.25, 0.724], [1, 0]]
[[0.462, 14.029, 9.882, 0.735], [0.447, 14.814, 11.443, 0.739], [0, 1]]
[[0.412, 12.36, 10.76, 0.738], [0.43, 13.542, 10.333, 0.735], [0, 1]]
[[0.438, 15.029, 10.0, 0.751], [0.448, 12.242, 10.909, 0.776], [0, 1]]
[[0.461, 12.419, 11.093, 0.772], [0.443, 12.663, 10.686, 0.777], [0, 1]]
[[0.399, 14.357, 10.357, 0.701], [0.409, 12.692, 10.385, 0.723], [1, 0]]
[[0.452, 12.526, 10.118, 0.793], [0.456, 13.961, 10.74, 0.78], [1, 0]]
[[0.43, 13.333, 10.619, 0.671], [0.429, 13.238, 10.238, 0.744], [1, 0]]
[[0.453, 10.905, 9.135, 0.75], [0.447, 11.699, 9.726, 0.782], [0, 1]]
[[0.31, 7.333, 6.0, 0.433], [0.291, 8.333, 6.0, 0.608], [0, 1]]
[[0.431, 13.132, 11.079, 0.717], [0.442, 12.974, 11.158, 0.748], [1, 0]]
[[0.442, 12.258, 10.968, 0.733], [0.438, 14.606, 11.03, 0.735], [1, 0]]
[[0.444, 14.347, 10.347, 0.752], [0.446, 11.935, 10.478, 0.747], [1, 0]]
[[0.412, 13.5, 9.286, 0.724], [0.43, 14.0, 10.6, 0.715], [0, 1]]
[[0.446, 13.974, 11.844, 0.789], [0.446, 13.776, 10.908, 0.767], [0, 1]]
[[0.455, 13.896, 12.325, 0.744], [0.453, 12.423, 10.769, 0.763], [0, 1]]
[[0.455, 10.812, 9.188, 0.752], [0.449, 12.247, 10.835, 0.805], [1, 0]]
[[0.459, 14.746, 10.695, 0.776], [0.446, 11.875, 9.464, 0.766], [0, 1]]
[[0.455, 13.111, 11.016, 0.761], [0.451, 11.048, 9.435, 0.759], [0, 1]]
[[0.446, 14.615, 11.846, 0.737], [0.424, 12.462, 11.192, 0.701], [0, 1]]
[[0.442, 13.147, 10.618, 0.766], [0.448, 14.364, 10.455, 0.733], [1, 0]]
[[0.446, 14.618, 10.721, 0.772], [0.454, 13.906, 10.656, 0.779], [0, 1]]
[[0.373, 11.667, 9.5, 0.594], [0.387, 13.0, 11.333, 0.695], [0, 1]]
[[0.324, 12.8, 9.2, 0.571], [0.36, 12.167, 11.0, 0.671], [1, 0]]
[[0.46, 12.518, 11.217, 0.77], [0.45, 14.639, 11.373, 0.744], [1, 0]]
[[0.465, 14.793, 11.39, 0.752], [0.45, 13.622, 10.671, 0.743], [1, 0]]
[[0.452, 11.0, 9.391, 0.758], [0.447, 14.323, 10.538, 0.731], [1, 0]]
[[0.443, 14.59, 11.282, 0.761], [0.455, 14.769, 11.846, 0.746], [0, 1]]
[[0.454, 12.205, 10.964, 0.745], [0.184, 6.0, 5.5, 0.42], [0, 1]]
[[0.431, 13.0, 11.125, 0.714], [0.43, 12.571, 10.5, 0.749], [0, 1]]
[[0.392, 9.8, 11.4, 0.684], [0.387, 15.273, 9.636, 0.686], [0, 1]]
[[0.444, 14.794, 12.441, 0.729], [0.451, 10.794, 8.971, 0.732], [0, 1]]
[[0.408, 13.727, 13.182, 0.681], [0.381, 13.545, 10.909, 0.721], [1, 0]]
[[0.446, 12.638, 10.128, 0.782], [0.458, 14.413, 10.348, 0.775], [1, 0]]
[[0.458, 12.448, 11.254, 0.767], [0.451, 12.044, 11.044, 0.739], [0, 1]]
[[0.461, 14.159, 10.707, 0.775], [0.451, 14.622, 11.341, 0.741], [0, 1]]
[[0.444, 14.0, 10.175, 0.754], [0.463, 14.589, 11.732, 0.744], [0, 1]]
[[0.36, 13.125, 9.625, 0.64], [0.369, 15.0, 10.0, 0.641], [0, 1]]
[[0.45, 12.212, 11.076, 0.738], [0.465, 14.697, 11.667, 0.749], [1, 0]]
[[0.457, 14.421, 11.368, 0.769], [0.45, 14.246, 12.702, 0.772], [0, 1]]
[[0.34, 9.0, 6.75, 0.608], [0.397, 11.25, 5.0, 0.551], [0, 1]]
[[0.45, 13.744, 10.256, 0.754], [0.448, 13.86, 11.93, 0.785], [1, 0]]
[[0.444, 14.387, 10.806, 0.765], [0.446, 11.828, 9.448, 0.765], [0, 1]]
[[0.446, 12.595, 11.31, 0.746], [0.459, 14.523, 10.364, 0.771], [1, 0]]
[[0.423, 15.828, 11.621, 0.743], [0.429, 13.963, 11.0, 0.767], [1, 0]]
[[0.439, 14.109, 11.457, 0.776], [0.444, 12.86, 11.512, 0.753], [0, 1]]
[[0.456, 13.25, 10.953, 0.762], [0.444, 12.625, 11.109, 0.804], [0, 1]]
[[0.461, 14.0, 12.0, 0.75], [0.465, 14.837, 11.5, 0.752], [0, 1]]
[[0.442, 10.95, 8.85, 0.715], [0.422, 14.238, 13.952, 0.736], [1, 0]]
[[0.462, 14.116, 9.855, 0.736], [0.448, 11.71, 9.652, 0.777], [0, 1]]
[[0.442, 14.4, 10.891, 0.764], [0.435, 12.66, 10.698, 0.769], [1, 0]]
[[0.44, 12.875, 10.438, 0.722], [0.433, 12.458, 11.188, 0.795], [0, 1]]
[[0.451, 14.265, 11.529, 0.753], [0.429, 12.219, 9.562, 0.767], [0, 1]]
[[0.462, 14.123, 12.123, 0.752], [0.452, 12.507, 10.863, 0.759], [1, 0]]
[[0.462, 14.162, 9.703, 0.74], [0.455, 14.467, 12.427, 0.778], [1, 0]]
[[0.455, 14.36, 11.32, 0.759], [0.452, 14.98, 10.88, 0.737], [0, 1]]
[[0.451, 13.152, 10.591, 0.752], [0.465, 14.642, 11.657, 0.751], [1, 0]]
[[0.457, 14.317, 11.383, 0.772], [0.463, 13.881, 9.661, 0.735], [1, 0]]
[[0.441, 13.1, 10.614, 0.77], [0.447, 11.791, 9.672, 0.775], [1, 0]]
[[0.442, 14.884, 10.395, 0.756], [0.451, 13.214, 10.238, 0.75], [1, 0]]
[[0.446, 14.197, 10.924, 0.766], [0.445, 13.547, 10.953, 0.752], [1, 0]]
[[0.402, 11.727, 11.0, 0.637], [0.412, 12.9, 11.1, 0.685], [1, 0]]
[[0.44, 14.333, 10.889, 0.762], [0.442, 14.111, 10.533, 0.728], [1, 0]]
[[0.453, 13.712, 10.727, 0.778], [0.454, 12.576, 11.182, 0.766], [1, 0]]
[[0.455, 14.37, 12.342, 0.777], [0.446, 12.5, 11.153, 0.801], [0, 1]]
[[0.415, 14.0, 7.286, 0.704], [0.382, 9.167, 10.0, 0.608], [1, 0]]
[[0.409, 11.8, 9.9, 0.685], [0.403, 12.0, 10.9, 0.687], [1, 0]]
[[0.428, 12.8, 9.667, 0.749], [0.422, 13.0, 10.0, 0.685], [1, 0]]
[[0.451, 10.786, 9.214, 0.747], [0.441, 14.279, 10.907, 0.766], [1, 0]]
[[0.446, 14.5, 10.883, 0.766], [0.445, 15.193, 11.053, 0.737], [1, 0]]
[[0.461, 12.379, 11.149, 0.771], [0.443, 12.667, 10.667, 0.78], [0, 1]]
[[0.44, 12.216, 10.162, 0.781], [0.441, 12.629, 11.257, 0.736], [1, 0]]
[[0.46, 12.52, 11.32, 0.77], [0.464, 14.707, 11.493, 0.751], [1, 0]]
[[0.444, 13.18, 10.426, 0.72], [0.476, 14.328, 10.787, 0.752], [1, 0]]
[[0.388, 13.111, 10.667, 0.685], [0.369, 10.714, 11.0, 0.638], [0, 1]]
[[0.482, 14.16, 11.067, 0.745], [0.462, 14.493, 10.466, 0.777], [0, 1]]
[[0.423, 13.5, 9.062, 0.715], [0.442, 14.294, 10.882, 0.736], [0, 1]]
[[0.35, 12.0, 9.8, 0.604], [0.372, 11.8, 12.0, 0.609], [1, 0]]
[[0.437, 12.174, 10.435, 0.764], [0.433, 12.25, 9.45, 0.757], [1, 0]]
[[0.369, 11.167, 10.167, 0.57], [0.401, 6.333, 7.833, 0.694], [1, 0]]
[[0.454, 13.903, 10.726, 0.779], [0.447, 14.359, 10.641, 0.728], [0, 1]]
[[0.462, 13.958, 11.5, 0.756], [0.442, 13.979, 10.854, 0.779], [1, 0]]
[[0.446, 13.618, 10.853, 0.746], [0.432, 14.714, 13.486, 0.752], [1, 0]]
[[0.44, 14.556, 12.519, 0.709], [0.446, 12.24, 11.16, 0.715], [1, 0]]
[[0.442, 13.5, 10.042, 0.762], [0.435, 14.5, 12.458, 0.714], [1, 0]]
[[0.225, 7.5, 4.5, 0.38], [0.241, 5.5, 5.5, 0.25], [0, 1]]
[[0.454, 12.244, 10.93, 0.745], [0.452, 12.919, 10.488, 0.75], [0, 1]]
[[0.458, 12.494, 11.259, 0.77], [0.45, 13.605, 10.716, 0.745], [1, 0]]
[[0.432, 13.147, 10.706, 0.693], [0.428, 12.875, 11.25, 0.701], [1, 0]]
[[0.446, 12.878, 11.347, 0.754], [0.463, 13.5, 9.271, 0.737], [0, 1]]
[[0.446, 13.091, 10.045, 0.746], [0.458, 14.404, 10.489, 0.776], [1, 0]]
[[0.411, 12.214, 10.857, 0.662], [0.394, 12.6, 10.667, 0.734], [0, 1]]
[[0.447, 14.617, 10.593, 0.772], [0.457, 14.556, 11.556, 0.776], [1, 0]]
[[0.442, 14.871, 12.516, 0.728], [0.449, 15.0, 11.912, 0.743], [0, 1]]
[[0.423, 13.533, 10.067, 0.754], [0.415, 12.429, 9.214, 0.703], [0, 1]]
[[0.279, 8.0, 8.667, 0.46], [0.263, 9.667, 5.667, 0.485], [0, 1]]
[[0.437, 12.682, 9.364, 0.763], [0.425, 14.864, 11.455, 0.739], [1, 0]]
[[0.395, 12.857, 8.857, 0.61], [0.402, 13.0, 10.286, 0.619], [1, 0]]
[[0.436, 14.024, 11.119, 0.775], [0.453, 10.775, 8.925, 0.747], [0, 1]]
[[0.455, 13.784, 10.757, 0.781], [0.452, 14.432, 10.297, 0.741], [0, 1]]
[[0.447, 12.627, 10.078, 0.754], [0.446, 14.407, 10.667, 0.763], [0, 1]]
[[0.454, 12.329, 11.013, 0.764], [0.446, 12.507, 11.067, 0.799], [0, 1]]
[[0.449, 13.772, 10.789, 0.779], [0.445, 14.35, 10.817, 0.761], [1, 0]]
[[0.229, 7.0, 6.5, 0.379], [0.241, 7.5, 7.0, 0.365], [0, 1]]
[[0.423, 11.5, 10.188, 0.708], [0.419, 15.444, 10.056, 0.725], [0, 1]]
[[0.459, 14.909, 9.909, 0.739], [0.428, 15.136, 10.682, 0.742], [0, 1]]
[[0.427, 14.19, 11.048, 0.735], [0.434, 12.5, 10.3, 0.727], [1, 0]]
[[0.447, 10.583, 8.75, 0.727], [0.44, 13.615, 10.154, 0.757], [1, 0]]
[[0.447, 12.8, 10.164, 0.754], [0.448, 11.873, 10.691, 0.747], [1, 0]]
[[0.307, 15.0, 9.0, 0.497], [0.282, 8.667, 8.667, 0.576], [0, 1]]
[[0.447, 12.581, 10.613, 0.75], [0.438, 13.531, 10.25, 0.713], [1, 0]]
[[0.462, 13.531, 10.312, 0.73], [0.427, 13.667, 11.273, 0.745], [1, 0]]
[[0.448, 14.89, 11.425, 0.742], [0.448, 11.718, 9.676, 0.78], [1, 0]]
[[0.455, 12.559, 11.356, 0.766], [0.453, 12.678, 11.136, 0.76], [1, 0]]
[[0.458, 13.243, 11.143, 0.761], [0.446, 13.594, 10.841, 0.754], [0, 1]]
[[0.452, 12.859, 10.609, 0.761], [0.454, 13.873, 10.651, 0.779], [1, 0]]
[[0.458, 14.759, 10.638, 0.777], [0.442, 12.589, 10.964, 0.797], [0, 1]]
[[0.43, 14.0, 8.333, 0.703], [0.394, 12.25, 8.625, 0.72], [0, 1]]
[[0.44, 15.135, 10.27, 0.756], [0.439, 14.139, 10.333, 0.72], [0, 1]]
[[0.403, 11.222, 9.889, 0.675], [0.386, 11.333, 11.222, 0.668], [1, 0]]
[[0.45, 12.268, 11.073, 0.763], [0.44, 14.049, 10.341, 0.726], [0, 1]]
[[0.457, 12.581, 11.306, 0.764], [0.447, 14.952, 11.302, 0.74], [0, 1]]
[[0.455, 14.481, 12.077, 0.738], [0.464, 13.698, 9.472, 0.737], [1, 0]]
[[0.446, 12.831, 10.492, 0.741], [0.451, 13.817, 10.817, 0.778], [1, 0]]
[[0.424, 15.593, 11.778, 0.739], [0.422, 12.12, 11.24, 0.708], [1, 0]]
[[0.461, 14.593, 10.5, 0.774], [0.438, 12.462, 11.058, 0.8], [0, 1]]
[[0.428, 12.824, 11.088, 0.704], [0.45, 10.829, 8.914, 0.733], [0, 1]]
[[0.425, 14.857, 11.143, 0.719], [0.39, 11.8, 11.533, 0.757], [0, 1]]
[[0.442, 12.808, 10.231, 0.724], [0.447, 15.185, 10.815, 0.738], [0, 1]]
[[0.44, 14.814, 11.302, 0.754], [0.458, 14.476, 10.405, 0.769], [1, 0]]
[[0.449, 12.256, 10.302, 0.764], [0.448, 11.407, 11.105, 0.757], [1, 0]]
[[0.356, 10.833, 9.667, 0.624], [0.359, 13.143, 9.857, 0.7], [1, 0]]
[[0.439, 14.421, 11.789, 0.73], [0.436, 12.167, 11.111, 0.697], [1, 0]]
[[0.443, 12.381, 10.071, 0.784], [0.443, 14.366, 11.098, 0.762], [0, 1]]
[[0.458, 12.793, 9.103, 0.728], [0.424, 12.357, 11.429, 0.772], [0, 1]]
[[0.426, 15.633, 11.567, 0.744], [0.428, 14.036, 10.857, 0.733], [1, 0]]
[[0.445, 12.145, 9.982, 0.789], [0.449, 12.788, 11.519, 0.753], [1, 0]]
[[0.449, 12.308, 9.938, 0.796], [0.465, 14.578, 11.656, 0.746], [0, 1]]
[[0.453, 14.622, 12.044, 0.742], [0.434, 12.667, 10.5, 0.763], [1, 0]]
[[0.448, 11.762, 9.863, 0.782], [0.45, 12.412, 10.925, 0.803], [0, 1]]
[[0.451, 14.634, 12.146, 0.735], [0.436, 13.975, 10.925, 0.779], [1, 0]]
[[0.437, 15.077, 10.974, 0.749], [0.449, 12.789, 10.447, 0.744], [1, 0]]
[[0.454, 14.417, 11.167, 0.759], [0.458, 14.5, 11.896, 0.738], [0, 1]]
[[0.45, 12.194, 10.972, 0.767], [0.442, 12.676, 10.441, 0.742], [1, 0]]
[[0.467, 13.703, 10.324, 0.737], [0.447, 14.756, 10.854, 0.744], [0, 1]]
[[0.445, 14.34, 10.28, 0.754], [0.446, 12.702, 11.702, 0.755], [1, 0]]
[[0.46, 14.712, 10.635, 0.774], [0.461, 14.5, 11.846, 0.741], [0, 1]]
[[0.309, 9.333, 8.667, 0.451], [0.277, 13.333, 6.333, 0.537], [1, 0]]
[[0.456, 13.2, 10.985, 0.762], [0.454, 12.5, 11.203, 0.764], [1, 0]]
[[0.42, 11.733, 10.6, 0.708], [0.452, 14.222, 10.111, 0.724], [1, 0]]
[[0.391, 12.091, 10.364, 0.713], [0.404, 14.4, 11.7, 0.702], [1, 0]]
[[0.449, 14.737, 12.316, 0.724], [0.445, 12.595, 10.784, 0.743], [1, 0]]
[[0.45, 11.728, 9.765, 0.784], [0.449, 12.333, 10.963, 0.804], [1, 0]]
[[0.436, 12.448, 10.759, 0.726], [0.442, 13.667, 10.567, 0.746], [1, 0]]
[[0.461, 13.989, 11.989, 0.749], [0.465, 14.828, 11.46, 0.751], [1, 0]]
[[0.448, 11.75, 11.279, 0.755], [0.441, 13.099, 10.662, 0.77], [0, 1]]
[[0.359, 12.8, 7.8, 0.603], [0.329, 8.75, 9.0, 0.651], [1, 0]]
[[0.438, 14.122, 11.469, 0.778], [0.466, 13.957, 10.109, 0.746], [1, 0]]
[[0.455, 10.85, 9.125, 0.75], [0.464, 14.85, 11.438, 0.751], [1, 0]]
[[0.455, 12.522, 11.134, 0.768], [0.449, 14.328, 10.448, 0.733], [1, 0]]
[[0.436, 12.946, 10.75, 0.77], [0.44, 12.527, 11.018, 0.799], [1, 0]]
[[0.448, 13.779, 10.286, 0.755], [0.453, 14.474, 10.368, 0.741], [1, 0]]
[[0.445, 14.709, 10.658, 0.772], [0.464, 14.091, 9.701, 0.741], [0, 1]]
[[0.456, 13.974, 11.395, 0.757], [0.427, 12.439, 10.585, 0.75], [1, 0]]
[[0.457, 14.686, 11.5, 0.777], [0.464, 14.671, 11.671, 0.752], [0, 1]]
[[0.443, 14.475, 11.25, 0.761], [0.438, 12.368, 10.421, 0.742], [1, 0]]
[[0.419, 15.682, 11.5, 0.739], [0.438, 14.35, 10.55, 0.699], [1, 0]]
[[0.45, 13.679, 10.226, 0.754], [0.447, 13.893, 11.869, 0.786], [0, 1]]
[[0.44, 13.312, 9.0, 0.709], [0.421, 13.625, 10.25, 0.746], [1, 0]]
[[0.421, 11.824, 10.235, 0.711], [0.43, 14.111, 10.667, 0.694], [0, 1]]
[[0.48, 14.179, 10.701, 0.749], [0.456, 14.672, 11.537, 0.781], [1, 0]]
[[0.41, 13.842, 9.895, 0.736], [0.428, 14.412, 10.706, 0.692], [1, 0]]
[[0.441, 14.879, 12.515, 0.732], [0.428, 12.212, 11.424, 0.779], [0, 1]]
[[0.378, 11.0, 9.857, 0.593], [0.384, 11.143, 9.0, 0.607], [0, 1]]
[[0.436, 14.412, 11.529, 0.731], [0.425, 14.944, 11.722, 0.728], [0, 1]]
[[0.446, 12.394, 10.485, 0.748], [0.44, 12.871, 10.484, 0.743], [0, 1]]
[[0.429, 14.0, 11.629, 0.767], [0.437, 12.882, 11.0, 0.747], [0, 1]]
[[0.447, 13.541, 9.919, 0.747], [0.462, 13.026, 9.026, 0.736], [1, 0]]
[[0.439, 12.909, 11.0, 0.747], [0.432, 14.667, 13.583, 0.753], [1, 0]]
[[0.467, 14.19, 10.357, 0.742], [0.443, 14.091, 10.341, 0.726], [0, 1]]
[[0.444, 12.795, 10.41, 0.712], [0.169, 6.5, 7.0, 0.419], [1, 0]]
[[0.464, 13.075, 8.975, 0.737], [0.454, 14.659, 11.756, 0.747], [0, 1]]
[[0.434, 12.267, 9.933, 0.717], [0.426, 14.133, 10.867, 0.687], [1, 0]]
[[0.421, 12.077, 11.385, 0.669], [0.414, 14.6, 13.6, 0.689], [1, 0]]
[[0.314, 12.25, 8.25, 0.67], [0.337, 8.75, 9.25, 0.488], [1, 0]]
[[0.454, 12.583, 11.229, 0.761], [0.441, 12.109, 9.587, 0.761], [1, 0]]
[[0.449, 12.261, 11.304, 0.712], [0.431, 15.0, 11.16, 0.744], [0, 1]]
[[0.444, 14.806, 10.258, 0.741], [0.445, 14.567, 11.667, 0.745], [0, 1]]
[[0.441, 11.962, 10.692, 0.769], [0.428, 13.565, 10.13, 0.738], [0, 1]]
[[0.422, 14.25, 11.25, 0.76], [0.435, 12.043, 10.217, 0.735], [1, 0]]
[[0.463, 14.474, 11.667, 0.743], [0.445, 11.836, 9.473, 0.767], [1, 0]]
[[0.463, 14.0, 12.072, 0.758], [0.454, 14.42, 12.522, 0.776], [1, 0]]
[[0.44, 14.066, 11.984, 0.787], [0.439, 12.9, 10.683, 0.768], [1, 0]]
[[0.45, 12.517, 11.103, 0.738], [0.447, 15.136, 11.153, 0.739], [0, 1]]
[[0.438, 14.085, 11.383, 0.774], [0.438, 13.435, 11.435, 0.744], [1, 0]]
[[0.237, 9.5, 6.5, 0.375], [0.22, 7.0, 7.0, 0.438], [0, 1]]
[[0.454, 12.317, 10.585, 0.763], [0.451, 14.39, 10.5, 0.743], [1, 0]]
[[0.411, 15.312, 9.938, 0.708], [0.427, 13.75, 10.062, 0.752], [1, 0]]
[[0.448, 12.339, 9.903, 0.793], [0.442, 12.75, 11.25, 0.8], [0, 1]]
[[0.438, 14.246, 12.053, 0.783], [0.446, 14.407, 10.712, 0.762], [0, 1]]
[[0.46, 14.691, 10.564, 0.775], [0.436, 12.778, 10.593, 0.767], [0, 1]]
[[0.436, 14.25, 11.458, 0.776], [0.46, 14.347, 10.469, 0.773], [1, 0]]
[[0.464, 14.654, 9.654, 0.738], [0.425, 13.04, 11.24, 0.742], [1, 0]]
[[0.434, 14.5, 10.5, 0.748], [0.427, 14.148, 11.259, 0.762], [1, 0]]
[[0.451, 14.547, 11.372, 0.742], [0.448, 11.802, 9.709, 0.78], [0, 1]]
[[0.482, 14.135, 10.986, 0.748], [0.463, 14.658, 11.603, 0.75], [0, 1]]
[[0.443, 12.827, 10.615, 0.727], [0.45, 15.038, 10.811, 0.738], [0, 1]]
[[0.407, 14.5, 11.25, 0.691], [0.399, 15.214, 9.929, 0.698], [1, 0]]
[[0.404, 16.214, 10.643, 0.732], [0.423, 13.615, 10.769, 0.702], [0, 1]]
[[0.438, 12.844, 11.031, 0.748], [0.427, 12.281, 11.531, 0.775], [0, 1]]
[[0.449, 12.266, 9.922, 0.795], [0.45, 12.935, 10.484, 0.746], [0, 1]]
[[0.463, 14.0, 9.73, 0.735], [0.442, 13.015, 10.631, 0.764], [0, 1]]
[[0.453, 14.111, 11.0, 0.761], [0.436, 13.372, 11.256, 0.746], [0, 1]]
[[0.447, 12.58, 10.0, 0.755], [0.461, 13.784, 11.51, 0.758], [0, 1]]
[[0.445, 13.2, 9.8, 0.759], [0.425, 14.75, 11.45, 0.726], [1, 0]]
[[0.451, 11.088, 9.206, 0.752], [0.454, 12.412, 11.132, 0.769], [1, 0]]
[[0.44, 14.19, 12.0, 0.785], [0.442, 13.0, 10.386, 0.716], [1, 0]]
[[0.424, 12.0, 11.5, 0.676], [0.417, 12.706, 10.824, 0.678], [0, 1]]
[[0.448, 12.259, 10.358, 0.762], [0.449, 13.654, 10.185, 0.753], [1, 0]]
[[0.384, 12.636, 11.182, 0.719], [0.398, 11.2, 8.8, 0.658], [1, 0]]
[[0.347, 14.0, 7.25, 0.586], [0.326, 11.0, 9.5, 0.562], [0, 1]]
[[0.46, 14.825, 10.524, 0.776], [0.446, 14.328, 10.859, 0.764], [0, 1]]
[[0.457, 13.747, 12.23, 0.738], [0.444, 12.782, 10.333, 0.712], [0, 1]]
[[0.452, 14.327, 12.164, 0.738], [0.446, 13.073, 10.527, 0.731], [0, 1]]
[[0.458, 14.076, 12.177, 0.747], [0.463, 14.346, 10.551, 0.774], [1, 0]]
[[0.453, 14.377, 12.17, 0.737], [0.447, 14.446, 10.714, 0.766], [0, 1]]
[[0.415, 14.6, 12.933, 0.677], [0.426, 14.143, 10.571, 0.685], [0, 1]]
[[0.445, 12.772, 10.281, 0.758], [0.438, 12.915, 10.542, 0.77], [0, 1]]
[[0.43, 12.474, 9.737, 0.745], [0.451, 14.364, 11.136, 0.728], [0, 1]]
[[0.442, 13.623, 10.934, 0.749], [0.445, 14.475, 10.689, 0.726], [0, 1]]
[[0.46, 13.536, 10.464, 0.732], [0.434, 15.036, 11.107, 0.74], [1, 0]]
[[0.449, 13.786, 10.143, 0.756], [0.451, 13.029, 10.515, 0.749], [1, 0]]
[[0.374, 5.0, 7.25, 0.609], [0.347, 8.4, 8.8, 0.661], [0, 1]]
[[0.459, 14.636, 10.03, 0.751], [0.426, 13.839, 11.097, 0.745], [1, 0]]
[[0.456, 13.971, 12.162, 0.741], [0.455, 14.414, 12.429, 0.777], [0, 1]]
[[0.447, 12.276, 9.793, 0.788], [0.449, 13.691, 10.764, 0.781], [0, 1]]
[[0.408, 12.667, 9.111, 0.711], [0.386, 15.889, 9.778, 0.687], [1, 0]]
[[0.446, 13.657, 10.143, 0.747], [0.438, 14.189, 10.297, 0.723], [1, 0]]
[[0.43, 12.9, 10.3, 0.726], [0.409, 12.3, 12.35, 0.776], [0, 1]]
[[0.456, 14.657, 10.257, 0.758], [0.442, 14.971, 11.294, 0.75], [0, 1]]
[[0.42, 14.467, 11.6, 0.729], [0.398, 12.235, 10.294, 0.736], [1, 0]]
[[0.451, 12.914, 10.529, 0.75], [0.45, 11.6, 11.2, 0.754], [1, 0]]
[[0.442, 14.113, 11.901, 0.789], [0.464, 13.943, 12.1, 0.755], [0, 1]]
[[0.383, 11.857, 9.429, 0.625], [0.389, 11.875, 10.0, 0.613], [0, 1]]
[[0.462, 13.422, 9.089, 0.736], [0.45, 14.804, 10.826, 0.74], [0, 1]]
[[0.45, 11.738, 10.836, 0.748], [0.449, 14.619, 12.492, 0.777], [1, 0]]
[[0.451, 14.744, 11.372, 0.74], [0.45, 13.61, 10.558, 0.749], [1, 0]]
[[0.459, 14.767, 10.65, 0.776], [0.444, 14.508, 10.661, 0.724], [0, 1]]
[[0.446, 12.729, 9.958, 0.752], [0.446, 12.431, 10.02, 0.784], [1, 0]]
[[0.449, 13.026, 10.462, 0.746], [0.449, 14.075, 11.1, 0.761], [1, 0]]
[[0.443, 13.0, 10.475, 0.718], [0.448, 11.759, 10.707, 0.745], [0, 1]]
[[0.464, 14.316, 10.544, 0.776], [0.442, 12.875, 10.762, 0.776], [0, 1]]
[[0.447, 12.644, 11.467, 0.752], [0.464, 14.136, 10.341, 0.744], [0, 1]]
[[0.444, 10.64, 8.84, 0.73], [0.426, 12.565, 9.478, 0.754], [0, 1]]
[[0.39, 10.333, 6.667, 0.62], [0.397, 10.714, 10.714, 0.585], [0, 1]]
[[0.441, 12.925, 11.525, 0.747], [0.433, 13.537, 11.195, 0.744], [1, 0]]
[[0.449, 14.678, 11.322, 0.743], [0.449, 11.793, 9.713, 0.781], [1, 0]]
[[0.423, 14.25, 8.0, 0.718], [0.381, 12.25, 13.125, 0.605], [1, 0]]
[[0.449, 12.647, 10.765, 0.742], [0.438, 13.173, 11.154, 0.755], [0, 1]]
[[0.447, 12.796, 10.776, 0.742], [0.448, 12.837, 11.592, 0.751], [1, 0]]
[[0.448, 12.942, 10.538, 0.751], [0.45, 14.962, 10.808, 0.738], [1, 0]]
[[0.439, 12.875, 9.562, 0.745], [0.417, 13.412, 10.176, 0.744], [1, 0]]
[[0.43, 11.833, 10.389, 0.716], [0.428, 12.062, 11.25, 0.692], [0, 1]]
[[0.452, 11.07, 9.113, 0.748], [0.455, 14.375, 12.417, 0.777], [1, 0]]
[[0.457, 14.377, 11.377, 0.773], [0.441, 12.738, 11.213, 0.801], [1, 0]]
[[0.43, 12.886, 10.914, 0.71], [0.448, 14.632, 10.737, 0.741], [0, 1]]
[[0.444, 12.756, 11.467, 0.753], [0.446, 11.889, 10.467, 0.746], [0, 1]]
[[0.447, 13.853, 10.162, 0.756], [0.445, 14.786, 10.829, 0.773], [0, 1]]
[[0.457, 13.774, 12.393, 0.74], [0.444, 12.762, 10.369, 0.71], [1, 0]]
[[0.441, 13.469, 10.094, 0.752], [0.429, 12.839, 11.065, 0.702], [0, 1]]
[[0.421, 13.619, 10.048, 0.746], [0.426, 14.684, 11.579, 0.726], [1, 0]]
[[0.432, 13.879, 11.394, 0.763], [0.433, 13.182, 10.818, 0.686], [0, 1]]
[[0.444, 13.574, 10.882, 0.754], [0.454, 14.397, 12.529, 0.776], [0, 1]]
[[0.432, 10.706, 8.882, 0.729], [0.402, 11.944, 9.889, 0.739], [0, 1]]
[[0.457, 14.554, 11.431, 0.777], [0.461, 14.831, 10.4, 0.776], [1, 0]]
[[0.44, 14.596, 11.17, 0.755], [0.446, 12.488, 10.814, 0.743], [0, 1]]
[[0.433, 12.2, 10.76, 0.741], [0.45, 14.571, 11.393, 0.729], [0, 1]]
[[0.44, 12.909, 10.382, 0.715], [0.445, 14.339, 10.571, 0.721], [1, 0]]
[[0.449, 11.894, 11.045, 0.752], [0.462, 13.97, 9.803, 0.731], [0, 1]]
[[0.45, 12.623, 10.014, 0.793], [0.449, 14.294, 10.426, 0.736], [0, 1]]
[[0.44, 14.72, 11.08, 0.759], [0.444, 14.511, 10.723, 0.761], [0, 1]]
[[0.426, 11.357, 9.643, 0.753], [0.451, 14.067, 9.333, 0.725], [1, 0]]
[[0.456, 14.576, 11.53, 0.779], [0.446, 14.806, 11.448, 0.737], [0, 1]]
[[0.445, 12.754, 10.464, 0.757], [0.457, 12.414, 11.229, 0.768], [1, 0]]
[[0.425, 13.353, 10.706, 0.705], [0.419, 14.333, 13.611, 0.714], [1, 0]]
[[0.234, 6.5, 3.5, 0.322], [0.22, 6.5, 5.5, 0.344], [1, 0]]
[[0.437, 14.188, 10.562, 0.773], [0.44, 15.0, 11.242, 0.747], [0, 1]]
[[0.45, 10.967, 9.475, 0.759], [0.443, 12.677, 11.129, 0.802], [0, 1]]
[[0.439, 12.0, 9.523, 0.761], [0.441, 14.271, 13.229, 0.763], [0, 1]]
[[0.359, 13.833, 9.833, 0.637], [0.353, 8.833, 9.667, 0.705], [1, 0]]
[[0.463, 14.118, 9.763, 0.741], [0.447, 12.416, 10.922, 0.799], [1, 0]]
[[0.393, 14.667, 6.833, 0.662], [0.345, 11.833, 9.833, 0.602], [1, 0]]
[[0.417, 15.783, 11.913, 0.737], [0.442, 14.95, 11.9, 0.733], [0, 1]]
[[0.454, 12.5, 10.115, 0.793], [0.453, 12.152, 11.076, 0.746], [0, 1]]
[[0.367, 14.714, 11.429, 0.627], [0.372, 10.0, 11.125, 0.717], [1, 0]]
[[0.447, 10.774, 8.742, 0.725], [0.461, 12.742, 9.065, 0.73], [1, 0]]
[[0.295, 12.0, 6.333, 0.462], [0.268, 12.667, 9.0, 0.561], [1, 0]]
[[0.459, 12.488, 11.3, 0.769], [0.458, 13.963, 12.173, 0.749], [1, 0]]
[[0.461, 13.929, 11.964, 0.753], [0.445, 11.778, 9.556, 0.764], [1, 0]]
[[0.457, 13.347, 11.333, 0.76], [0.45, 11.603, 11.123, 0.757], [0, 1]]
[[0.456, 14.043, 12.203, 0.741], [0.46, 14.592, 10.451, 0.776], [1, 0]]
[[0.44, 14.542, 11.312, 0.755], [0.459, 14.467, 10.356, 0.774], [1, 0]]
[[0.308, 12.0, 8.5, 0.546], [0.327, 11.5, 7.0, 0.527], [1, 0]]
[[0.402, 13.7, 12.6, 0.688], [0.408, 13.889, 11.111, 0.69], [1, 0]]
[[0.404, 12.455, 10.0, 0.714], [0.407, 12.083, 10.75, 0.649], [0, 1]]
[[0.447, 13.988, 11.8, 0.788], [0.455, 13.772, 12.291, 0.742], [1, 0]]
[[0.454, 14.162, 11.459, 0.757], [0.43, 13.162, 11.054, 0.716], [1, 0]]
[[0.446, 12.278, 10.405, 0.762], [0.458, 13.15, 11.275, 0.761], [1, 0]]
[[0.403, 11.778, 8.333, 0.626], [0.406, 12.25, 11.0, 0.675], [0, 1]]
[[0.445, 14.708, 10.75, 0.772], [0.456, 12.465, 11.197, 0.768], [0, 1]]
[[0.398, 11.625, 7.875, 0.627], [0.406, 12.1, 11.0, 0.631], [0, 1]]
[[0.452, 11.143, 9.347, 0.76], [0.451, 14.959, 10.755, 0.737], [0, 1]]
[[0.436, 11.0, 8.789, 0.716], [0.434, 15.048, 9.952, 0.738], [1, 0]]
[[0.469, 14.056, 10.704, 0.75], [0.441, 13.339, 11.018, 0.754], [1, 0]]
[[0.455, 14.565, 11.957, 0.737], [0.445, 12.745, 11.468, 0.752], [1, 0]]
[[0.444, 14.641, 10.705, 0.771], [0.456, 13.92, 12.307, 0.747], [0, 1]]
[[0.443, 14.881, 10.405, 0.758], [0.447, 13.175, 10.475, 0.747], [1, 0]]
[[0.305, 9.5, 9.75, 0.562], [0.365, 10.8, 8.2, 0.511], [1, 0]]
[[0.264, 10.667, 9.667, 0.472], [0.342, 11.75, 9.75, 0.51], [0, 1]]
[[0.446, 14.093, 10.333, 0.751], [0.453, 11.18, 9.32, 0.763], [0, 1]]
[[0.454, 14.278, 11.528, 0.759], [0.442, 14.865, 11.351, 0.754], [1, 0]]
[[0.437, 12.238, 10.333, 0.716], [0.43, 14.261, 11.087, 0.749], [0, 1]]
[[0.459, 14.887, 10.581, 0.774], [0.465, 14.583, 11.533, 0.74], [0, 1]]
[[0.446, 14.662, 10.613, 0.772], [0.453, 12.175, 11.05, 0.746], [0, 1]]
[[0.463, 14.085, 11.932, 0.753], [0.474, 14.259, 10.707, 0.754], [1, 0]]
[[0.439, 12.25, 10.45, 0.747], [0.432, 11.658, 9.605, 0.763], [0, 1]]
[[0.225, 7.5, 4.5, 0.38], [0.241, 5.5, 5.5, 0.25], [1, 0]]
[[0.439, 15.091, 10.152, 0.745], [0.461, 14.625, 9.781, 0.75], [1, 0]]
[[0.484, 14.175, 11.2, 0.74], [0.464, 14.1, 9.7, 0.74], [0, 1]]
[[0.463, 14.0, 12.085, 0.756], [0.457, 14.681, 11.486, 0.777], [1, 0]]
[[0.459, 12.506, 11.266, 0.769], [0.454, 10.848, 9.177, 0.751], [1, 0]]
[[0.44, 13.464, 10.071, 0.756], [0.445, 13.724, 10.276, 0.747], [1, 0]]
[[0.461, 12.714, 9.114, 0.74], [0.427, 12.176, 11.382, 0.778], [1, 0]]
[[0.435, 12.571, 10.75, 0.727], [0.443, 13.0, 10.269, 0.749], [1, 0]]
[[0.446, 14.397, 10.794, 0.765], [0.455, 13.133, 11.183, 0.763], [1, 0]]
[[0.39, 15.727, 10.727, 0.712], [0.391, 13.0, 9.182, 0.724], [1, 0]]
[[0.444, 12.138, 10.793, 0.776], [0.435, 14.931, 11.138, 0.739], [0, 1]]
[[0.449, 11.733, 10.75, 0.749], [0.445, 14.984, 11.323, 0.739], [1, 0]]
[[0.455, 13.838, 12.297, 0.747], [0.454, 12.224, 11.092, 0.745], [1, 0]]
[[0.454, 14.596, 12.021, 0.737], [0.448, 13.061, 10.327, 0.746], [0, 1]]
[[0.447, 12.644, 10.356, 0.761], [0.451, 12.324, 11.108, 0.765], [1, 0]]
[[0.429, 14.2, 10.8, 0.706], [0.397, 11.688, 11.875, 0.768], [1, 0]]
[[0.342, 9.75, 9.25, 0.505], [0.291, 11.0, 8.667, 0.498], [0, 1]]
[[0.428, 15.086, 11.4, 0.747], [0.436, 13.971, 10.441, 0.714], [1, 0]]
[[0.459, 13.94, 12.072, 0.751], [0.466, 14.807, 11.398, 0.752], [1, 0]]
[[0.442, 12.966, 10.466, 0.717], [0.45, 13.776, 10.741, 0.779], [1, 0]]
[[0.397, 14.312, 10.312, 0.724], [0.43, 12.286, 10.143, 0.706], [1, 0]]
[[0.478, 14.108, 10.631, 0.748], [0.445, 12.631, 11.138, 0.805], [0, 1]]
[[0.438, 14.44, 12.36, 0.715], [0.448, 12.364, 10.773, 0.709], [1, 0]]
[[0.441, 14.565, 11.196, 0.756], [0.432, 12.349, 11.209, 0.793], [1, 0]]
[[0.445, 13.987, 11.872, 0.788], [0.453, 12.442, 10.766, 0.761], [1, 0]]
[[0.267, 8.0, 8.333, 0.505], [0.24, 5.0, 4.0, 0.453], [1, 0]]
[[0.457, 12.478, 11.232, 0.767], [0.444, 14.029, 10.9, 0.769], [1, 0]]
[[0.457, 14.418, 11.519, 0.777], [0.451, 14.65, 11.287, 0.742], [0, 1]]
[[0.445, 14.017, 10.121, 0.752], [0.474, 14.089, 10.643, 0.75], [1, 0]]
[[0.443, 14.071, 9.071, 0.715], [0.411, 11.545, 9.0, 0.668], [1, 0]]
[[0.356, 12.75, 8.25, 0.528], [0.385, 12.0, 6.4, 0.618], [0, 1]]
[[0.415, 12.417, 10.667, 0.736], [0.427, 14.375, 13.875, 0.742], [1, 0]]
[[0.439, 14.113, 12.016, 0.788], [0.446, 14.452, 10.661, 0.729], [0, 1]]
[[0.397, 9.5, 8.5, 0.706], [0.404, 11.125, 10.625, 0.604], [1, 0]]
[[0.423, 12.421, 10.842, 0.709], [0.422, 14.316, 14.0, 0.724], [1, 0]]
[[0.413, 13.833, 13.0, 0.679], [0.403, 10.273, 10.909, 0.689], [0, 1]]
[[0.446, 14.333, 10.737, 0.767], [0.446, 14.309, 10.6, 0.72], [0, 1]]
[[0.469, 14.189, 10.717, 0.751], [0.439, 13.455, 10.964, 0.753], [1, 0]]
[[0.461, 14.122, 12.162, 0.752], [0.454, 12.16, 11.093, 0.741], [0, 1]]
[[0.426, 15.147, 11.382, 0.746], [0.424, 12.176, 10.471, 0.743], [0, 1]]
[[0.446, 12.4, 10.533, 0.751], [0.436, 13.613, 10.355, 0.709], [0, 1]]
[[0.446, 14.638, 10.768, 0.774], [0.447, 11.769, 9.538, 0.775], [0, 1]]
[[0.438, 12.933, 10.6, 0.709], [0.442, 14.348, 10.739, 0.763], [1, 0]]
[[0.447, 13.667, 10.213, 0.756], [0.455, 12.135, 11.068, 0.741], [1, 0]]
[[0.409, 12.385, 10.692, 0.698], [0.42, 13.333, 10.833, 0.689], [1, 0]]
[[0.451, 12.977, 10.182, 0.749], [0.451, 10.86, 9.256, 0.752], [0, 1]]
[[0.445, 13.068, 10.338, 0.717], [0.451, 13.013, 10.52, 0.752], [1, 0]]
[[0.455, 12.271, 10.941, 0.745], [0.452, 12.965, 10.435, 0.747], [0, 1]]
[[0.456, 12.533, 11.35, 0.767], [0.451, 11.051, 9.424, 0.759], [1, 0]]
[[0.284, 11.0, 6.333, 0.481], [0.257, 8.0, 7.0, 0.379], [1, 0]]
[[0.393, 13.125, 9.0, 0.615], [0.407, 7.286, 8.571, 0.681], [0, 1]]
[[0.22, 7.0, 7.0, 0.438], [0.246, 10.5, 2.5, 0.414], [0, 1]]
[[0.431, 14.826, 11.174, 0.74], [0.443, 12.591, 10.136, 0.741], [0, 1]]
[[0.462, 14.549, 11.804, 0.742], [0.435, 12.48, 11.0, 0.799], [1, 0]]
[[0.41, 10.364, 8.727, 0.727], [0.398, 9.778, 11.222, 0.679], [1, 0]]
[[0.442, 12.816, 10.49, 0.719], [0.437, 13.28, 11.36, 0.755], [1, 0]]
[[0.438, 14.152, 11.985, 0.791], [0.444, 13.108, 10.369, 0.72], [0, 1]]
[[0.439, 12.5, 10.417, 0.746], [0.454, 14.684, 11.921, 0.744], [0, 1]]
[[0.421, 13.222, 10.0, 0.739], [0.42, 11.2, 10.0, 0.702], [0, 1]]
[[0.446, 13.462, 9.821, 0.747], [0.432, 11.811, 9.405, 0.769], [1, 0]]
[[0.444, 12.4, 10.111, 0.782], [0.44, 12.167, 10.571, 0.749], [0, 1]]
[[0.424, 11.2, 10.133, 0.744], [0.441, 13.333, 8.6, 0.698], [0, 1]]
[[0.286, 10.0, 9.667, 0.539], [0.316, 10.333, 8.333, 0.463], [1, 0]]
[[0.444, 13.293, 10.024, 0.744], [0.452, 12.326, 11.186, 0.761], [1, 0]]
[[0.454, 13.0, 11.055, 0.763], [0.448, 12.774, 11.547, 0.755], [1, 0]]
[[0.429, 13.1, 10.05, 0.748], [0.436, 14.316, 10.368, 0.692], [0, 1]]
[[0.45, 13.7, 10.225, 0.755], [0.452, 12.912, 10.425, 0.753], [1, 0]]
[[0.445, 14.407, 11.778, 0.745], [0.434, 13.393, 10.821, 0.689], [0, 1]]
[[0.445, 12.241, 9.963, 0.788], [0.465, 13.451, 9.176, 0.736], [0, 1]]
[[0.444, 14.455, 10.803, 0.77], [0.44, 14.094, 12.0, 0.79], [0, 1]]
[[0.451, 11.1, 9.157, 0.748], [0.442, 13.082, 10.726, 0.773], [0, 1]]
[[0.445, 12.9, 10.287, 0.715], [0.456, 13.864, 10.914, 0.779], [0, 1]]
[[0.437, 12.943, 11.057, 0.75], [0.461, 12.889, 9.194, 0.742], [1, 0]]
[[0.445, 12.351, 10.325, 0.762], [0.447, 13.039, 10.263, 0.716], [0, 1]]
[[0.437, 13.9, 10.533, 0.767], [0.437, 14.844, 11.094, 0.736], [0, 1]]
[[0.439, 14.044, 12.015, 0.788], [0.447, 11.788, 9.682, 0.774], [1, 0]]
[[0.439, 14.079, 12.095, 0.789], [0.45, 14.661, 12.532, 0.776], [1, 0]]
[[0.444, 14.276, 10.81, 0.765], [0.437, 14.291, 11.909, 0.78], [0, 1]]
[[0.432, 13.385, 11.0, 0.688], [0.429, 14.308, 13.692, 0.74], [1, 0]]
[[0.43, 13.938, 11.312, 0.763], [0.448, 12.469, 10.5, 0.748], [1, 0]]
[[0.371, 14.5, 9.5, 0.68], [0.375, 11.25, 11.5, 0.659], [1, 0]]
[[0.429, 13.2, 10.5, 0.677], [0.421, 11.833, 10.556, 0.715], [1, 0]]
[[0.452, 10.851, 9.191, 0.759], [0.44, 12.044, 9.511, 0.758], [1, 0]]
[[0.456, 14.81, 9.905, 0.736], [0.448, 14.05, 10.9, 0.726], [0, 1]]
[[0.444, 13.917, 10.903, 0.765], [0.451, 14.324, 10.38, 0.741], [1, 0]]
[[0.436, 12.053, 10.211, 0.754], [0.433, 12.647, 10.353, 0.719], [1, 0]]
[[0.451, 12.324, 10.919, 0.768], [0.436, 14.513, 13.667, 0.753], [1, 0]]
[[0.456, 13.947, 10.724, 0.78], [0.45, 14.737, 11.461, 0.739], [0, 1]]
[[0.455, 14.643, 11.833, 0.751], [0.434, 12.39, 11.171, 0.795], [0, 1]]
[[0.459, 12.538, 11.346, 0.769], [0.464, 14.077, 9.628, 0.742], [1, 0]]
[[0.442, 13.945, 11.932, 0.788], [0.45, 11.592, 11.225, 0.755], [1, 0]]
[[0.42, 15.64, 12.04, 0.735], [0.426, 14.348, 13.913, 0.733], [0, 1]]
[[0.38, 14.667, 10.417, 0.703], [0.396, 16.0, 10.417, 0.727], [1, 0]]
[[0.376, 14.833, 8.667, 0.629], [0.357, 9.0, 6.0, 0.605], [1, 0]]
[[0.453, 14.474, 12.088, 0.742], [0.454, 13.121, 11.121, 0.762], [1, 0]]
[[0.46, 14.547, 11.849, 0.743], [0.444, 14.132, 12.792, 0.764], [0, 1]]
[[0.412, 12.4, 10.7, 0.691], [0.398, 13.182, 13.0, 0.66], [0, 1]]
[[0.437, 13.075, 10.475, 0.703], [0.458, 14.35, 10.225, 0.762], [1, 0]]
[[0.422, 12.65, 10.85, 0.716], [0.448, 14.238, 11.048, 0.73], [1, 0]]
[[0.444, 12.241, 10.655, 0.751], [0.434, 15.172, 11.276, 0.752], [1, 0]]
[[0.467, 14.0, 10.375, 0.749], [0.443, 14.157, 12.922, 0.762], [0, 1]]
[[0.454, 12.5, 10.137, 0.791], [0.458, 13.123, 11.247, 0.761], [0, 1]]
[[0.462, 14.455, 10.532, 0.774], [0.455, 14.385, 12.397, 0.78], [0, 1]]
[[0.452, 14.896, 10.75, 0.739], [0.442, 14.146, 10.479, 0.728], [1, 0]]
[[0.405, 11.818, 11.0, 0.687], [0.417, 14.364, 11.364, 0.703], [0, 1]]
[[0.459, 13.152, 11.291, 0.761], [0.452, 12.936, 10.41, 0.749], [0, 1]]
[[0.401, 11.333, 10.556, 0.624], [0.372, 13.0, 10.778, 0.721], [1, 0]]
[[0.453, 14.333, 11.967, 0.746], [0.445, 11.817, 9.617, 0.767], [0, 1]]
[[0.438, 14.905, 11.238, 0.751], [0.432, 13.128, 11.128, 0.718], [0, 1]]
[[0.447, 14.613, 11.806, 0.748], [0.429, 14.636, 13.848, 0.747], [1, 0]]
[[0.439, 14.278, 11.556, 0.726], [0.431, 15.05, 12.55, 0.694], [1, 0]]
[[0.442, 14.733, 10.311, 0.753], [0.434, 13.286, 11.024, 0.714], [1, 0]]
[[0.451, 14.553, 11.388, 0.743], [0.448, 11.765, 9.729, 0.78], [1, 0]]
[[0.446, 13.903, 10.081, 0.75], [0.449, 11.763, 10.712, 0.747], [0, 1]]
[[0.407, 10.769, 10.308, 0.69], [0.418, 12.714, 10.143, 0.728], [1, 0]]
[[0.444, 12.869, 10.393, 0.757], [0.444, 14.462, 10.708, 0.77], [1, 0]]
[[0.435, 10.5, 8.938, 0.726], [0.43, 13.471, 8.941, 0.722], [1, 0]]
[[0.437, 14.032, 10.613, 0.77], [0.438, 13.697, 10.273, 0.712], [1, 0]]
[[0.454, 13.972, 12.268, 0.746], [0.452, 12.37, 11.151, 0.768], [1, 0]]
[[0.391, 12.846, 10.923, 0.719], [0.383, 11.538, 11.692, 0.745], [0, 1]]
[[0.451, 12.433, 9.881, 0.793], [0.449, 11.815, 11.046, 0.751], [0, 1]]
[[0.387, 15.875, 8.875, 0.668], [0.401, 13.0, 7.0, 0.674], [0, 1]]
[[0.447, 13.841, 10.203, 0.758], [0.44, 13.971, 11.942, 0.789], [0, 1]]
[[0.447, 13.676, 10.135, 0.757], [0.444, 13.181, 10.375, 0.72], [0, 1]]
[[0.445, 12.894, 10.439, 0.759], [0.461, 14.773, 10.424, 0.775], [1, 0]]
[[0.458, 13.38, 11.239, 0.76], [0.448, 14.873, 11.465, 0.739], [0, 1]]
[[0.429, 12.5, 9.429, 0.745], [0.411, 12.143, 10.786, 0.699], [1, 0]]
[[0.444, 12.746, 10.339, 0.758], [0.45, 12.533, 11.083, 0.737], [1, 0]]
[[0.454, 10.829, 9.132, 0.749], [0.447, 13.74, 10.909, 0.769], [1, 0]]
[[0.443, 13.348, 10.087, 0.766], [0.436, 14.652, 12.391, 0.712], [1, 0]]
[[0.442, 12.815, 10.778, 0.777], [0.456, 14.325, 12.45, 0.78], [1, 0]]
[[0.392, 11.0, 9.222, 0.69], [0.405, 14.111, 11.778, 0.686], [0, 1]]
[[0.447, 13.885, 10.673, 0.781], [0.446, 14.019, 12.796, 0.766], [0, 1]]
[[0.445, 12.761, 11.435, 0.751], [0.435, 13.244, 10.844, 0.721], [0, 1]]
[[0.184, 7.5, 8.5, 0.315], [0.221, 7.0, 9.0, 0.29], [1, 0]]
[[0.452, 12.768, 10.913, 0.763], [0.453, 13.662, 10.75, 0.778], [1, 0]]
[[0.457, 13.26, 11.377, 0.761], [0.462, 14.187, 9.747, 0.742], [0, 1]]
[[0.453, 10.817, 9.183, 0.749], [0.455, 14.195, 12.512, 0.779], [1, 0]]
[[0.443, 12.83, 10.358, 0.719], [0.446, 14.352, 10.519, 0.722], [1, 0]]
[[0.418, 12.308, 10.731, 0.739], [0.432, 14.885, 11.115, 0.74], [1, 0]]
[[0.391, 10.143, 9.0, 0.687], [0.387, 9.429, 10.571, 0.629], [1, 0]]
[[0.424, 15.571, 11.714, 0.741], [0.439, 14.5, 12.462, 0.711], [0, 1]]
[[0.441, 14.537, 10.907, 0.764], [0.448, 12.02, 10.571, 0.746], [0, 1]]
[[0.453, 12.928, 10.47, 0.75], [0.449, 11.422, 11.181, 0.757], [1, 0]]
[[0.421, 12.25, 11.208, 0.702], [0.449, 12.64, 9.16, 0.731], [0, 1]]
[[0.456, 14.185, 11.985, 0.742], [0.451, 13.149, 10.552, 0.751], [1, 0]]
[[0.452, 12.218, 11.077, 0.745], [0.446, 13.026, 10.299, 0.716], [0, 1]]
[[0.455, 12.506, 10.148, 0.792], [0.455, 13.778, 12.432, 0.744], [1, 0]]
[[0.46, 13.552, 10.379, 0.731], [0.447, 10.667, 8.633, 0.726], [0, 1]]
[[0.448, 13.636, 10.045, 0.721], [0.451, 14.435, 11.348, 0.728], [1, 0]]
[[0.403, 12.105, 9.895, 0.745], [0.422, 15.368, 10.105, 0.728], [0, 1]]
[[0.326, 11.2, 9.2, 0.584], [0.342, 11.8, 11.2, 0.551], [1, 0]]
[[0.429, 13.056, 10.889, 0.713], [0.453, 14.395, 10.474, 0.763], [1, 0]]
[[0.454, 12.296, 10.617, 0.762], [0.445, 12.889, 10.309, 0.713], [1, 0]]
[[0.446, 12.809, 10.0, 0.748], [0.447, 11.936, 10.489, 0.745], [1, 0]]
[[0.423, 13.773, 10.364, 0.747], [0.437, 12.091, 10.091, 0.761], [1, 0]]
[[0.283, 9.0, 8.333, 0.469], [0.32, 11.333, 9.667, 0.536], [1, 0]]
[[0.441, 14.717, 10.348, 0.753], [0.435, 13.07, 10.721, 0.706], [1, 0]]
[[0.436, 13.379, 10.828, 0.687], [0.427, 14.233, 14.0, 0.745], [1, 0]]
[[0.454, 14.463, 12.111, 0.736], [0.445, 15.182, 10.945, 0.738], [0, 1]]
[[0.42, 13.273, 11.182, 0.691], [0.383, 11.5, 12.083, 0.748], [0, 1]]
[[0.441, 12.826, 10.261, 0.744], [0.439, 14.0, 10.64, 0.709], [1, 0]]
[[0.448, 12.156, 10.844, 0.776], [0.431, 12.419, 9.935, 0.787], [1, 0]]
[[0.402, 13.308, 9.308, 0.726], [0.384, 11.929, 11.571, 0.755], [0, 1]]
[[0.447, 14.55, 10.85, 0.74], [0.43, 12.308, 11.436, 0.786], [1, 0]]
[[0.445, 14.054, 10.232, 0.754], [0.439, 12.585, 11.094, 0.803], [1, 0]]
[[0.438, 12.459, 10.405, 0.746], [0.44, 14.125, 10.3, 0.726], [0, 1]]
[[0.42, 12.125, 10.688, 0.709], [0.45, 14.053, 11.0, 0.727], [1, 0]]
[[0.431, 12.438, 10.25, 0.786], [0.431, 14.559, 13.618, 0.751], [0, 1]]
[[0.454, 14.407, 11.966, 0.745], [0.443, 13.0, 10.4, 0.719], [0, 1]]
[[0.421, 12.4, 10.6, 0.705], [0.396, 12.312, 10.438, 0.727], [0, 1]]
[[0.405, 13.5, 10.786, 0.749], [0.408, 12.667, 9.0, 0.684], [0, 1]]
[[0.463, 14.405, 10.486, 0.775], [0.447, 11.649, 9.676, 0.783], [0, 1]]
[[0.432, 15.407, 11.296, 0.745], [0.431, 13.963, 10.889, 0.732], [0, 1]]
[[0.426, 11.875, 9.875, 0.744], [0.452, 14.588, 10.118, 0.723], [1, 0]]
[[0.44, 15.0, 12.048, 0.738], [0.46, 14.696, 9.957, 0.739], [0, 1]]
[[0.448, 12.283, 10.0, 0.786], [0.445, 12.167, 9.479, 0.76], [0, 1]]
[[0.36, 11.5, 9.5, 0.537], [0.266, 8.0, 10.333, 0.483], [0, 1]]
[[0.445, 12.474, 10.974, 0.743], [0.468, 13.611, 10.194, 0.738], [0, 1]]
[[0.484, 14.143, 11.169, 0.742], [0.462, 14.434, 10.526, 0.776], [1, 0]]
[[0.433, 12.75, 9.708, 0.772], [0.426, 12.333, 9.524, 0.751], [0, 1]]
[[0.446, 14.704, 10.746, 0.771], [0.444, 13.087, 10.348, 0.72], [0, 1]]
[[0.44, 14.623, 10.962, 0.763], [0.448, 13.08, 10.36, 0.749], [0, 1]]
[[0.373, 14.0, 11.125, 0.651], [0.392, 11.75, 8.875, 0.612], [1, 0]]
[[0.428, 12.727, 9.091, 0.73], [0.409, 14.091, 11.727, 0.691], [1, 0]]
[[0.458, 12.679, 11.429, 0.761], [0.44, 13.386, 11.0, 0.752], [1, 0]]
[[0.435, 12.412, 10.324, 0.781], [0.421, 12.429, 10.543, 0.742], [1, 0]]
[[0.446, 12.891, 10.022, 0.748], [0.438, 13.34, 11.362, 0.748], [1, 0]]
[[0.452, 12.603, 10.068, 0.794], [0.457, 14.63, 11.438, 0.778], [1, 0]]
[[0.447, 12.75, 11.688, 0.753], [0.446, 14.52, 10.7, 0.763], [1, 0]]
[[0.389, 9.6, 6.6, 0.6], [0.377, 11.667, 8.833, 0.583], [0, 1]]
[[0.437, 13.0, 10.839, 0.749], [0.46, 12.75, 9.094, 0.731], [1, 0]]
[[0.415, 9.182, 9.273, 0.713], [0.415, 12.545, 10.182, 0.719], [1, 0]]
[[0.444, 12.233, 10.867, 0.78], [0.435, 14.933, 11.2, 0.742], [1, 0]]
[[0.231, 9.5, 7.0, 0.404], [0.257, 8.0, 7.0, 0.379], [1, 0]]
[[0.452, 11.093, 9.407, 0.763], [0.45, 11.907, 10.593, 0.748], [1, 0]]
[[0.446, 14.173, 10.346, 0.753], [0.462, 13.88, 11.44, 0.761], [0, 1]]
[[0.439, 14.05, 12.05, 0.784], [0.455, 13.068, 11.254, 0.762], [0, 1]]
[[0.46, 14.083, 12.1, 0.753], [0.447, 15.15, 11.15, 0.739], [0, 1]]
[[0.405, 10.333, 8.333, 0.716], [0.398, 11.889, 10.222, 0.627], [1, 0]]
[[0.463, 13.882, 12.088, 0.757], [0.456, 14.106, 12.015, 0.741], [0, 1]]
[[0.449, 13.808, 10.244, 0.756], [0.453, 12.195, 11.117, 0.745], [1, 0]]
[[0.308, 13.5, 9.25, 0.604], [0.292, 10.25, 8.75, 0.564], [1, 0]]
[[0.457, 13.276, 11.368, 0.761], [0.445, 13.8, 10.96, 0.766], [0, 1]]
[[0.435, 14.059, 10.588, 0.779], [0.452, 13.806, 10.694, 0.75], [0, 1]]
[[0.443, 14.277, 13.255, 0.762], [0.433, 12.5, 11.261, 0.798], [0, 1]]
[[0.395, 13.0, 8.143, 0.674], [0.377, 13.2, 10.6, 0.697], [1, 0]]
[[0.458, 14.552, 9.621, 0.748], [0.428, 12.75, 9.375, 0.759], [0, 1]]
[[0.408, 13.889, 9.889, 0.733], [0.419, 14.765, 12.765, 0.676], [1, 0]]
[[0.444, 13.364, 10.0, 0.763], [0.434, 12.571, 9.381, 0.757], [1, 0]]
[[0.454, 10.827, 9.185, 0.749], [0.461, 14.222, 10.691, 0.776], [1, 0]]
[[0.453, 12.889, 10.395, 0.753], [0.456, 13.768, 10.927, 0.778], [1, 0]]
[[0.443, 14.818, 10.409, 0.753], [0.47, 13.95, 10.225, 0.743], [1, 0]]
[[0.438, 12.185, 10.889, 0.748], [0.426, 12.593, 11.259, 0.708], [0, 1]]
[[0.445, 13.45, 9.95, 0.744], [0.46, 13.976, 11.537, 0.747], [0, 1]]
[[0.426, 13.629, 11.229, 0.746], [0.429, 12.086, 11.286, 0.782], [0, 1]]
[[0.449, 12.301, 10.386, 0.762], [0.456, 13.819, 12.458, 0.74], [0, 1]]
[[0.425, 12.762, 10.762, 0.732], [0.449, 14.458, 11.667, 0.724], [0, 1]]
[[0.453, 10.88, 9.12, 0.749], [0.456, 14.533, 11.44, 0.777], [0, 1]]
[[0.449, 14.73, 12.514, 0.724], [0.439, 14.158, 10.421, 0.725], [1, 0]]
[[0.45, 13.759, 10.215, 0.757], [0.453, 12.392, 10.759, 0.763], [1, 0]]
[[0.451, 14.441, 12.644, 0.773], [0.444, 14.55, 10.633, 0.725], [0, 1]]
[[0.429, 14.357, 11.286, 0.767], [0.451, 14.7, 11.767, 0.728], [1, 0]]
[[0.458, 14.269, 11.212, 0.762], [0.461, 14.623, 10.642, 0.774], [1, 0]]
[[0.428, 12.667, 10.286, 0.726], [0.415, 12.522, 10.13, 0.736], [0, 1]]
[[0.427, 14.08, 11.2, 0.752], [0.457, 13.731, 10.308, 0.727], [0, 1]]
[[0.459, 13.516, 10.355, 0.734], [0.46, 12.879, 9.152, 0.732], [1, 0]]
[[0.445, 14.033, 10.131, 0.748], [0.446, 14.371, 10.855, 0.763], [1, 0]]
[[0.467, 14.021, 10.34, 0.748], [0.458, 14.647, 10.686, 0.773], [1, 0]]
[[0.418, 12.0, 10.5, 0.691], [0.422, 15.0, 10.846, 0.711], [1, 0]]
[[0.468, 13.5, 10.235, 0.734], [0.43, 12.189, 11.378, 0.781], [1, 0]]
[[0.48, 14.176, 10.735, 0.75], [0.452, 14.418, 12.582, 0.775], [1, 0]]
[[0.437, 14.077, 8.769, 0.706], [0.404, 13.25, 9.25, 0.724], [0, 1]]
[[0.457, 14.366, 10.463, 0.767], [0.438, 14.341, 13.756, 0.751], [1, 0]]
[[0.422, 12.094, 10.781, 0.739], [0.447, 15.03, 11.909, 0.739], [1, 0]]
[[0.445, 12.933, 10.0, 0.744], [0.438, 12.891, 10.609, 0.713], [0, 1]]
[[0.477, 14.172, 10.641, 0.75], [0.451, 11.032, 9.397, 0.758], [0, 1]]
[[0.438, 14.933, 11.3, 0.747], [0.461, 12.9, 9.2, 0.728], [0, 1]]
[[0.453, 12.56, 10.04, 0.792], [0.446, 13.107, 10.333, 0.717], [1, 0]]
[[0.458, 13.897, 11.308, 0.756], [0.457, 10.789, 8.763, 0.742], [0, 1]]
[[0.431, 12.579, 9.368, 0.745], [0.438, 14.174, 10.783, 0.704], [1, 0]]
[[0.451, 12.471, 10.0, 0.793], [0.445, 14.058, 10.899, 0.769], [1, 0]]
[[0.425, 12.545, 10.955, 0.712], [0.439, 14.273, 10.682, 0.704], [1, 0]]
[[0.448, 13.8, 9.908, 0.753], [0.444, 13.19, 10.286, 0.721], [0, 1]]
[[0.45, 14.455, 12.561, 0.776], [0.444, 12.552, 11.209, 0.806], [1, 0]]
[[0.45, 12.235, 10.853, 0.778], [0.427, 12.267, 9.533, 0.769], [0, 1]]
[[0.448, 10.828, 8.69, 0.729], [0.433, 12.821, 10.679, 0.745], [1, 0]]
[[0.445, 12.6, 10.486, 0.743], [0.427, 12.848, 11.212, 0.703], [0, 1]]
[[0.46, 14.719, 10.391, 0.775], [0.446, 14.846, 11.4, 0.739], [1, 0]]
[[0.433, 12.958, 10.542, 0.685], [0.457, 13.76, 10.2, 0.727], [0, 1]]
[[0.446, 13.605, 9.868, 0.745], [0.435, 14.098, 11.171, 0.774], [0, 1]]
[[0.425, 12.3, 9.0, 0.723], [0.385, 14.778, 9.333, 0.668], [1, 0]]
[[0.432, 13.333, 10.815, 0.692], [0.442, 10.808, 8.769, 0.732], [1, 0]]
[[0.444, 14.483, 11.828, 0.745], [0.429, 12.68, 9.44, 0.764], [1, 0]]
[[0.456, 12.647, 11.157, 0.761], [0.445, 13.843, 10.667, 0.783], [1, 0]]
[[0.445, 13.093, 10.574, 0.731], [0.448, 12.667, 11.389, 0.758], [0, 1]]
[[0.442, 12.882, 10.667, 0.725], [0.444, 14.235, 10.471, 0.723], [1, 0]]
[[0.462, 12.424, 11.118, 0.771], [0.442, 12.671, 10.706, 0.777], [1, 0]]
[[0.441, 14.906, 12.656, 0.733], [0.427, 13.75, 11.094, 0.747], [1, 0]]
[[0.462, 13.911, 11.356, 0.753], [0.442, 14.065, 10.543, 0.728], [0, 1]]
[[0.453, 12.868, 11.038, 0.763], [0.449, 12.538, 10.942, 0.738], [0, 1]]
[[0.443, 13.515, 10.212, 0.752], [0.43, 13.941, 11.471, 0.765], [1, 0]]
[[0.453, 12.456, 10.165, 0.793], [0.448, 13.696, 10.937, 0.769], [0, 1]]
[[0.46, 13.926, 11.926, 0.751], [0.448, 12.481, 11.019, 0.735], [1, 0]]
[[0.366, 10.0, 9.429, 0.667], [0.397, 12.429, 11.143, 0.648], [1, 0]]
[[0.447, 12.54, 10.02, 0.785], [0.438, 12.83, 10.532, 0.718], [0, 1]]
[[0.454, 12.386, 11.129, 0.768], [0.442, 13.083, 10.694, 0.773], [0, 1]]
[[0.454, 10.814, 9.174, 0.752], [0.45, 12.256, 10.767, 0.805], [0, 1]]
[[0.446, 14.134, 10.94, 0.768], [0.465, 14.692, 11.646, 0.749], [0, 1]]
[[0.379, 10.0, 7.833, 0.679], [0.363, 11.0, 10.0, 0.629], [1, 0]]
[[0.442, 13.6, 9.0, 0.724], [0.43, 13.65, 9.85, 0.748], [1, 0]]
[[0.352, 9.8, 9.6, 0.623], [0.384, 12.4, 7.0, 0.675], [0, 1]]
[[0.433, 13.652, 10.174, 0.749], [0.423, 14.545, 14.091, 0.729], [0, 1]]
[[0.459, 14.609, 10.507, 0.778], [0.45, 14.391, 10.493, 0.737], [0, 1]]
[[0.419, 14.75, 12.688, 0.682], [0.417, 12.688, 10.812, 0.673], [0, 1]]
[[0.435, 14.1, 11.2, 0.775], [0.444, 12.195, 10.024, 0.784], [1, 0]]
[[0.448, 12.455, 11.091, 0.733], [0.46, 14.714, 10.518, 0.776], [1, 0]]
[[0.441, 13.667, 10.222, 0.758], [0.431, 13.8, 10.48, 0.729], [0, 1]]
[[0.412, 7.889, 8.778, 0.689], [0.376, 12.5, 11.4, 0.701], [1, 0]]
[[0.424, 13.923, 11.154, 0.761], [0.431, 13.846, 10.846, 0.73], [1, 0]]
[[0.454, 12.391, 11.101, 0.769], [0.447, 11.75, 9.691, 0.775], [0, 1]]
[[0.304, 12.0, 7.0, 0.461], [0.169, 6.5, 7.0, 0.419], [1, 0]]
[[0.454, 10.932, 9.123, 0.747], [0.448, 13.716, 10.649, 0.751], [1, 0]]
[[0.411, 16.0, 11.316, 0.74], [0.428, 12.688, 10.25, 0.718], [0, 1]]
[[0.439, 14.592, 11.224, 0.757], [0.443, 12.886, 11.545, 0.753], [0, 1]]
[[0.468, 13.939, 10.367, 0.748], [0.443, 14.25, 12.885, 0.763], [1, 0]]
[[0.449, 12.745, 11.4, 0.758], [0.446, 14.414, 10.724, 0.763], [0, 1]]
[[0.426, 12.333, 10.5, 0.724], [0.439, 13.474, 9.0, 0.727], [1, 0]]
[[0.444, 12.741, 10.31, 0.759], [0.451, 10.966, 9.414, 0.761], [1, 0]]
[[0.382, 14.818, 9.727, 0.695], [0.386, 15.0, 9.6, 0.682], [0, 1]]
[[0.444, 13.08, 10.16, 0.752], [0.451, 14.621, 11.586, 0.729], [0, 1]]
[[0.448, 12.727, 10.4, 0.753], [0.436, 12.782, 10.691, 0.769], [0, 1]]
[[0.435, 14.2, 10.629, 0.779], [0.43, 12.222, 11.278, 0.779], [0, 1]]
[[0.438, 13.17, 10.745, 0.726], [0.433, 12.489, 11.213, 0.796], [0, 1]]
[[0.423, 15.654, 12.0, 0.742], [0.432, 14.917, 11.167, 0.744], [1, 0]]
[[0.445, 14.317, 10.952, 0.763], [0.445, 15.115, 11.262, 0.74], [1, 0]]
[[0.446, 12.912, 10.485, 0.757], [0.445, 13.103, 10.412, 0.72], [1, 0]]
[[0.449, 12.462, 11.051, 0.769], [0.45, 14.59, 12.256, 0.729], [0, 1]]
[[0.457, 14.365, 11.413, 0.774], [0.448, 11.823, 9.581, 0.767], [0, 1]]
[[0.448, 12.696, 10.609, 0.74], [0.441, 13.978, 10.717, 0.776], [0, 1]]
[[0.428, 14.24, 10.16, 0.745], [0.427, 12.45, 9.55, 0.745], [1, 0]]
[[0.319, 6.667, 9.0, 0.459], [0.339, 13.0, 10.0, 0.627], [1, 0]]
[[0.414, 12.083, 10.417, 0.666], [0.414, 13.357, 9.857, 0.687], [0, 1]]
[[0.451, 13.838, 10.595, 0.753], [0.439, 12.917, 11.25, 0.748], [0, 1]]
[[0.435, 11.842, 10.263, 0.721], [0.421, 12.053, 10.421, 0.721], [1, 0]]
[[0.45, 12.202, 10.333, 0.763], [0.449, 11.369, 11.155, 0.758], [1, 0]]
[[0.429, 12.483, 9.655, 0.779], [0.429, 14.0, 10.828, 0.734], [1, 0]]
[[0.443, 13.524, 8.952, 0.721], [0.428, 12.444, 9.111, 0.739], [0, 1]]
[[0.449, 14.938, 11.812, 0.736], [0.426, 12.467, 11.6, 0.778], [1, 0]]
[[0.455, 14.014, 12.278, 0.745], [0.451, 14.384, 10.329, 0.742], [0, 1]]
[[0.445, 13.961, 11.882, 0.789], [0.453, 12.595, 10.054, 0.794], [0, 1]]
[[0.431, 14.172, 13.862, 0.748], [0.438, 13.655, 10.31, 0.714], [1, 0]]
[[0.425, 15.375, 11.781, 0.748], [0.44, 13.069, 10.483, 0.75], [0, 1]]
[[0.454, 12.508, 11.246, 0.765], [0.462, 13.953, 9.656, 0.733], [1, 0]]
[[0.441, 13.188, 10.771, 0.727], [0.437, 13.367, 11.388, 0.753], [1, 0]]
[[0.429, 12.818, 10.5, 0.724], [0.445, 10.682, 8.591, 0.725], [0, 1]]
[[0.449, 11.05, 9.417, 0.759], [0.442, 13.532, 10.968, 0.752], [1, 0]]
[[0.437, 12.965, 10.702, 0.77], [0.444, 14.456, 10.579, 0.723], [1, 0]]
[[0.441, 13.986, 11.957, 0.788], [0.457, 14.754, 11.507, 0.778], [1, 0]]
[[0.444, 14.636, 10.753, 0.771], [0.46, 14.092, 12.237, 0.751], [0, 1]]
[[0.432, 14.81, 12.524, 0.702], [0.434, 12.737, 10.316, 0.728], [1, 0]]
[[0.37, 11.4, 9.4, 0.589], [0.382, 11.833, 7.833, 0.691], [1, 0]]
[[0.45, 13.686, 10.743, 0.749], [0.442, 14.514, 10.943, 0.74], [0, 1]]
[[0.447, 12.821, 10.214, 0.756], [0.462, 13.754, 9.649, 0.735], [1, 0]]
[[0.449, 12.636, 10.636, 0.745], [0.466, 14.163, 10.395, 0.743], [0, 1]]
[[0.451, 14.556, 10.8, 0.741], [0.456, 14.587, 12.0, 0.742], [1, 0]]
[[0.457, 14.339, 11.356, 0.771], [0.442, 12.729, 11.102, 0.799], [0, 1]]
[[0.387, 6.0, 8.0, 0.651], [0.373, 9.4, 9.2, 0.554], [1, 0]]
[[0.445, 12.395, 10.116, 0.786], [0.47, 13.718, 10.359, 0.744], [0, 1]]
[[0.453, 14.213, 11.106, 0.758], [0.462, 13.413, 9.043, 0.737], [1, 0]]
[[0.301, 8.667, 6.0, 0.501], [0.321, 4.333, 6.667, 0.478], [1, 0]]
[[0.324, 14.2, 10.2, 0.569], [0.344, 10.8, 8.8, 0.601], [1, 0]]
[[0.414, 10.833, 9.0, 0.745], [0.404, 13.833, 13.083, 0.662], [0, 1]]
[[0.442, 13.588, 10.176, 0.748], [0.439, 12.333, 11.485, 0.732], [0, 1]]
[[0.441, 13.483, 11.017, 0.751], [0.45, 14.31, 12.655, 0.773], [1, 0]]
[[0.424, 10.214, 9.214, 0.728], [0.416, 13.4, 9.0, 0.727], [1, 0]]
[[0.362, 14.556, 10.0, 0.664], [0.374, 10.75, 9.25, 0.674], [1, 0]]
[[0.437, 13.76, 10.28, 0.759], [0.421, 12.217, 12.0, 0.766], [0, 1]]
[[0.445, 14.151, 10.377, 0.751], [0.444, 13.86, 10.76, 0.779], [1, 0]]
[[0.421, 12.611, 10.833, 0.699], [0.428, 13.765, 10.0, 0.75], [0, 1]]
[[0.441, 14.386, 10.909, 0.766], [0.432, 12.711, 10.444, 0.756], [1, 0]]
[[0.444, 13.1, 10.329, 0.72], [0.454, 13.8, 10.843, 0.78], [1, 0]]
[[0.416, 15.353, 9.882, 0.714], [0.418, 12.6, 9.333, 0.718], [0, 1]]
[[0.455, 12.612, 11.143, 0.764], [0.436, 12.449, 11.061, 0.798], [0, 1]]
[[0.449, 12.737, 10.544, 0.755], [0.452, 12.982, 11.161, 0.762], [0, 1]]
[[0.408, 13.706, 11.412, 0.734], [0.427, 10.4, 8.933, 0.73], [0, 1]]
[[0.416, 8.8, 8.8, 0.704], [0.436, 14.5, 8.833, 0.702], [1, 0]]
[[0.483, 14.083, 10.819, 0.751], [0.463, 14.542, 11.611, 0.75], [1, 0]]
[[0.451, 12.6, 9.986, 0.794], [0.45, 14.414, 10.457, 0.74], [0, 1]]
[[0.452, 12.804, 11.235, 0.758], [0.452, 14.941, 10.902, 0.74], [0, 1]]
[[0.445, 13.14, 10.163, 0.742], [0.457, 14.489, 11.8, 0.744], [1, 0]]
[[0.45, 13.679, 10.926, 0.77], [0.449, 11.494, 11.173, 0.757], [1, 0]]
[[0.398, 14.143, 11.0, 0.662], [0.38, 10.5, 10.5, 0.572], [0, 1]]
[[0.453, 12.636, 11.114, 0.761], [0.446, 12.545, 11.455, 0.749], [1, 0]]
[[0.443, 12.417, 10.778, 0.74], [0.435, 13.105, 10.632, 0.696], [0, 1]]
[[0.457, 13.311, 11.324, 0.76], [0.451, 14.389, 10.375, 0.741], [1, 0]]
[[0.44, 14.745, 11.02, 0.761], [0.447, 12.612, 10.02, 0.785], [1, 0]]
[[0.441, 13.16, 10.16, 0.765], [0.429, 12.708, 10.625, 0.728], [0, 1]]
[[0.46, 14.067, 12.24, 0.75], [0.453, 14.453, 10.24, 0.742], [0, 1]]
[[0.455, 12.295, 10.885, 0.764], [0.45, 14.684, 11.304, 0.741], [0, 1]]
[[0.366, 12.75, 7.25, 0.618], [0.344, 10.25, 10.5, 0.578], [1, 0]]
[[0.444, 13.214, 10.071, 0.743], [0.443, 14.244, 13.422, 0.76], [1, 0]]
[[0.433, 12.744, 10.512, 0.749], [0.449, 14.581, 10.744, 0.742], [1, 0]]
[[0.45, 12.452, 11.097, 0.74], [0.452, 13.82, 10.803, 0.777], [0, 1]]
[[0.43, 12.4, 9.867, 0.78], [0.459, 14.645, 9.742, 0.75], [1, 0]]
[[0.44, 12.042, 10.458, 0.767], [0.432, 13.043, 10.609, 0.674], [0, 1]]
[[0.442, 12.258, 11.161, 0.733], [0.428, 12.241, 9.483, 0.767], [0, 1]]
[[0.456, 13.895, 12.303, 0.748], [0.449, 11.649, 11.247, 0.757], [1, 0]]
[[0.461, 13.567, 10.5, 0.733], [0.445, 13.576, 10.758, 0.744], [1, 0]]
[[0.458, 13.221, 11.029, 0.762], [0.461, 14.746, 10.478, 0.775], [1, 0]]
[[0.446, 12.83, 10.075, 0.755], [0.447, 12.281, 9.772, 0.789], [1, 0]]
[[0.394, 12.833, 10.667, 0.723], [0.396, 14.5, 11.0, 0.682], [0, 1]]
[[0.454, 13.795, 12.321, 0.744], [0.453, 14.43, 10.43, 0.741], [0, 1]]
[[0.434, 15.053, 11.026, 0.751], [0.448, 14.722, 12.5, 0.726], [0, 1]]
[[0.446, 14.038, 11.848, 0.785], [0.455, 13.924, 10.886, 0.782], [1, 0]]
[[0.444, 11.95, 10.6, 0.707], [0.437, 12.238, 10.286, 0.734], [1, 0]]
[[0.46, 14.098, 12.148, 0.756], [0.477, 14.217, 10.75, 0.752], [0, 1]]
[[0.459, 14.143, 12.208, 0.749], [0.442, 13.0, 10.727, 0.776], [1, 0]]
[[0.447, 12.82, 11.58, 0.75], [0.435, 12.558, 10.692, 0.766], [0, 1]]
[[0.365, 13.857, 10.143, 0.647], [0.397, 13.286, 6.429, 0.66], [1, 0]]
[[0.445, 12.143, 9.875, 0.791], [0.453, 11.096, 9.288, 0.764], [1, 0]]
[[0.457, 14.537, 11.537, 0.776], [0.451, 14.425, 10.45, 0.741], [1, 0]]
[[0.401, 16.154, 10.538, 0.732], [0.397, 15.25, 9.417, 0.698], [0, 1]]
[[0.425, 12.118, 10.471, 0.721], [0.447, 13.632, 9.579, 0.712], [1, 0]]
[[0.461, 13.769, 11.596, 0.755], [0.456, 14.245, 11.189, 0.763], [1, 0]]
[[0.406, 12.0, 9.8, 0.572], [0.367, 14.2, 6.4, 0.655], [1, 0]]
[[0.449, 12.491, 11.088, 0.735], [0.464, 14.569, 11.603, 0.74], [0, 1]]
[[0.417, 14.786, 13.071, 0.672], [0.411, 14.214, 13.643, 0.688], [1, 0]]
[[0.434, 13.323, 11.0, 0.683], [0.435, 12.933, 10.833, 0.748], [1, 0]]
[[0.451, 13.647, 10.2, 0.755], [0.447, 13.871, 11.976, 0.785], [1, 0]]
[[0.454, 12.195, 11.0, 0.745], [0.453, 12.915, 10.415, 0.751], [1, 0]]
[[0.453, 12.145, 11.116, 0.739], [0.46, 14.676, 10.515, 0.777], [1, 0]]
[[0.447, 13.939, 11.841, 0.786], [0.45, 11.476, 11.11, 0.758], [1, 0]]
[[0.451, 12.563, 10.042, 0.791], [0.446, 13.592, 10.704, 0.752], [1, 0]]
[[0.442, 13.613, 10.548, 0.748], [0.445, 13.143, 10.321, 0.748], [0, 1]]
[[0.459, 14.09, 12.167, 0.747], [0.449, 13.628, 10.628, 0.749], [1, 0]]
[[0.396, 12.556, 9.667, 0.721], [0.398, 13.4, 12.9, 0.636], [1, 0]]
[[0.234, 7.5, 4.5, 0.416], [0.234, 8.0, 6.0, 0.393], [1, 0]]
[[0.429, 12.821, 11.179, 0.703], [0.425, 14.29, 14.065, 0.749], [1, 0]]
[[0.441, 13.483, 10.034, 0.761], [0.421, 12.2, 10.833, 0.739], [1, 0]]
[[0.447, 12.634, 11.366, 0.744], [0.441, 14.279, 13.674, 0.754], [0, 1]]
[[0.446, 12.427, 10.36, 0.761], [0.45, 11.627, 11.173, 0.755], [1, 0]]
[[0.458, 13.95, 11.4, 0.754], [0.436, 13.024, 10.512, 0.704], [0, 1]]
[[0.461, 13.755, 11.623, 0.755], [0.463, 14.574, 11.722, 0.742], [0, 1]]
[[0.434, 14.205, 11.359, 0.772], [0.451, 12.368, 10.947, 0.769], [0, 1]]
[[0.441, 13.567, 10.067, 0.754], [0.441, 12.25, 11.357, 0.728], [1, 0]]
[[0.448, 14.469, 11.812, 0.748], [0.448, 14.971, 12.114, 0.745], [1, 0]]
[[0.449, 13.605, 10.526, 0.749], [0.448, 11.8, 9.693, 0.783], [0, 1]]
[[0.39, 13.462, 11.154, 0.726], [0.421, 11.231, 9.615, 0.75], [0, 1]]
[[0.275, 11.667, 8.0, 0.56], [0.3, 9.5, 7.5, 0.567], [0, 1]]
[[0.438, 14.689, 11.222, 0.754], [0.45, 12.31, 11.262, 0.762], [0, 1]]
[[0.445, 14.459, 10.82, 0.765], [0.441, 12.741, 11.034, 0.799], [0, 1]]
[[0.409, 12.273, 9.909, 0.646], [0.393, 12.643, 10.857, 0.726], [0, 1]]
[[0.446, 12.382, 10.355, 0.76], [0.458, 13.179, 11.359, 0.763], [0, 1]]
[[0.446, 14.44, 11.88, 0.738], [0.428, 14.077, 11.077, 0.76], [1, 0]]
[[0.419, 12.194, 10.774, 0.741], [0.426, 12.593, 9.593, 0.766], [0, 1]]
[[0.435, 12.653, 10.551, 0.763], [0.441, 14.163, 13.122, 0.764], [1, 0]]
[[0.448, 13.796, 10.796, 0.778], [0.453, 11.151, 9.34, 0.766], [1, 0]]
[[0.399, 13.733, 11.4, 0.736], [0.408, 15.067, 9.8, 0.699], [0, 1]]
[[0.457, 12.692, 11.25, 0.76], [0.455, 14.185, 11.241, 0.765], [1, 0]]
[[0.434, 13.119, 10.643, 0.704], [0.447, 14.667, 10.762, 0.743], [1, 0]]
[[0.45, 13.651, 10.229, 0.752], [0.237, 4.5, 2.5, 0.416], [1, 0]]
[[0.448, 13.848, 9.97, 0.753], [0.451, 13.046, 10.585, 0.751], [0, 1]]
[[0.419, 15.667, 12.083, 0.734], [0.454, 13.783, 10.087, 0.723], [0, 1]]
[[0.406, 16.067, 11.067, 0.731], [0.41, 13.231, 9.692, 0.676], [1, 0]]
[[0.438, 12.412, 11.382, 0.732], [0.432, 13.167, 10.583, 0.697], [0, 1]]
[[0.453, 12.739, 11.217, 0.761], [0.442, 14.085, 10.468, 0.728], [1, 0]]
[[0.441, 13.0, 10.636, 0.766], [0.445, 14.818, 11.394, 0.737], [1, 0]]
[[0.448, 10.879, 8.909, 0.729], [0.461, 12.853, 9.029, 0.734], [1, 0]]
[[0.406, 13.812, 11.562, 0.736], [0.436, 14.312, 10.625, 0.729], [1, 0]]
[[0.454, 12.198, 11.025, 0.747], [0.449, 13.688, 10.95, 0.77], [1, 0]]
[[0.451, 14.667, 11.381, 0.744], [0.448, 11.726, 9.714, 0.78], [1, 0]]
[[0.461, 12.364, 11.102, 0.77], [0.443, 12.705, 10.58, 0.78], [1, 0]]
[[0.44, 12.937, 10.619, 0.766], [0.465, 14.677, 11.597, 0.745], [0, 1]]
[[0.441, 13.936, 10.809, 0.777], [0.445, 14.429, 10.653, 0.759], [1, 0]]
[[0.455, 12.623, 11.016, 0.761], [0.451, 14.672, 12.574, 0.774], [0, 1]]
[[0.484, 14.141, 11.205, 0.743], [0.449, 12.462, 10.936, 0.801], [0, 1]]
[[0.462, 14.033, 9.754, 0.736], [0.444, 13.508, 10.937, 0.753], [1, 0]]
[[0.442, 13.316, 9.842, 0.76], [0.424, 13.947, 11.053, 0.719], [1, 0]]
[[0.454, 12.262, 11.0, 0.745], [0.452, 12.988, 10.405, 0.749], [1, 0]]
[[0.449, 12.224, 10.365, 0.763], [0.449, 11.376, 11.129, 0.759], [1, 0]]
[[0.441, 13.027, 10.747, 0.775], [0.448, 13.64, 10.587, 0.749], [1, 0]]
[[0.444, 10.714, 8.81, 0.722], [0.414, 12.333, 12.19, 0.775], [1, 0]]
[[0.429, 11.889, 10.111, 0.739], [0.431, 15.15, 9.85, 0.728], [0, 1]]
[[0.441, 13.986, 11.931, 0.789], [0.457, 13.247, 11.301, 0.762], [1, 0]]
[[0.447, 12.641, 11.333, 0.743], [0.435, 14.0, 10.763, 0.785], [0, 1]]
[[0.447, 12.625, 11.3, 0.745], [0.434, 14.051, 10.872, 0.784], [1, 0]]
[[0.427, 14.2, 11.5, 0.764], [0.429, 12.759, 11.138, 0.702], [0, 1]]
[[0.445, 14.608, 10.797, 0.77], [0.445, 13.123, 10.342, 0.718], [0, 1]]
[[0.452, 12.908, 10.692, 0.762], [0.45, 14.523, 12.462, 0.776], [0, 1]]
[[0.443, 14.933, 10.367, 0.739], [0.441, 14.621, 12.552, 0.72], [1, 0]]
[[0.432, 14.111, 10.5, 0.779], [0.424, 12.475, 10.625, 0.75], [0, 1]]
[[0.454, 12.215, 10.886, 0.762], [0.449, 13.646, 10.747, 0.748], [1, 0]]
[[0.454, 14.385, 10.359, 0.761], [0.43, 12.211, 11.368, 0.785], [1, 0]]
[[0.434, 15.042, 10.833, 0.737], [0.427, 14.36, 13.68, 0.742], [1, 0]]
[[0.443, 14.583, 10.861, 0.741], [0.429, 12.226, 9.484, 0.767], [1, 0]]
[[0.46, 13.881, 11.452, 0.751], [0.435, 13.524, 11.333, 0.744], [1, 0]]
[[0.445, 12.979, 11.375, 0.754], [0.437, 13.354, 11.5, 0.748], [1, 0]]
[[0.442, 12.07, 10.535, 0.749], [0.432, 12.386, 11.182, 0.797], [0, 1]]
[[0.445, 12.974, 10.295, 0.715], [0.442, 12.848, 10.759, 0.775], [0, 1]]
[[0.402, 12.2, 9.7, 0.641], [0.405, 11.75, 10.917, 0.692], [0, 1]]
[[0.457, 12.574, 11.393, 0.766], [0.446, 14.277, 10.954, 0.765], [1, 0]]
[[0.448, 13.0, 10.431, 0.75], [0.45, 12.86, 11.22, 0.756], [1, 0]]
[[0.43, 12.56, 10.64, 0.722], [0.437, 13.692, 10.385, 0.711], [1, 0]]
[[0.444, 15.0, 10.281, 0.744], [0.427, 14.562, 14.0, 0.747], [0, 1]]
[[0.414, 15.667, 11.714, 0.741], [0.411, 14.4, 11.4, 0.747], [1, 0]]
[[0.438, 12.314, 10.171, 0.786], [0.433, 13.114, 10.629, 0.693], [1, 0]]
[[0.446, 12.29, 10.806, 0.776], [0.427, 12.379, 11.586, 0.774], [0, 1]]
[[0.453, 14.431, 12.034, 0.744], [0.45, 13.797, 10.797, 0.779], [1, 0]]
[[0.447, 12.527, 10.378, 0.761], [0.447, 12.514, 11.068, 0.797], [1, 0]]
[[0.442, 14.763, 11.342, 0.756], [0.437, 14.475, 13.575, 0.754], [0, 1]]
[[0.395, 12.5, 6.667, 0.638], [0.351, 10.5, 8.5, 0.621], [1, 0]]
[[0.452, 12.935, 10.416, 0.751], [0.453, 14.506, 10.338, 0.74], [1, 0]]
[[0.445, 12.107, 10.857, 0.776], [0.459, 13.444, 10.481, 0.729], [1, 0]]
[[0.453, 12.735, 10.912, 0.765], [0.447, 14.884, 11.449, 0.738], [0, 1]]
